4 1 3.0865645
4 5 2.8077714
4 6 2.8498347
4 10 3.502815
4 41 2.0676396
7 3 3.9176707
7 5 3.0780869
7 6 3.0135438
7 11 3.0455246
7 79 2.036274
16 1 3.8313475
16 12 3.5865042
16 13 2.7422745
16 34 2.602001
16 66 3.2122145
17 1 3.2624576
17 7 2.744563
17 11 2.9629347
17 18 2.2427177
17 32 2.6885188
21 4 2.9020038
21 12 3.1712236
21 15 2.5626729
21 21 3.0363271
21 39 2.5395248
23 2 2.4660473
23 8 2.6646912
23 14 2.7617714
23 32 2.6264734
23 85 1.0
41 8 2.6415348
41 16 3.2630484
41 18 2.0806615
41 24 2.4551063
41 38 3.5333412
42 1 3.864965
42 12 3.224354
42 18 1.926712
42 29 1.4952296
42 55 2.1439347
51 2 3.1729474
51 6 2.7491057
51 9 3.333643
51 35 2.6423326
51 62 3.3683805
58 5 1.2939876
58 9 2.8169537
58 10 2.7183673
58 18 1.0
58 39 1.9453597
60 1 3.1630182
60 12 3.205964
60 18 2.1741552
60 57 1.8009975
60 88 2.1707363
61 1 3.57615
61 10 4.0261955
61 12 3.4024506
61 18 2.2276056
61 50 2.349619
62 1 2.7424722
62 6 1.3089395
62 14 2.6538525
62 38 2.275475
62 54 3.1215296
67 2 3.5954354
67 17 2.5961113
67 18 3.0162377
67 24 3.364791
67 35 3.0232127
69 2 2.9149919
69 11 2.7922935
69 12 2.972609
69 14 2.5264506
69 26 2.5106223
72 3 2.9532201
72 8 2.0682697
72 9 3.344385
72 15 2.293546
72 38 3.0304534
91 2 3.2853966
91 16 3.4047859
91 17 2.3913078
91 21 3.7946057
91 58 2.9327028
101 2 3.512714
101 5 3.0625575
101 6 3.1949024
101 15 3.1626935
101 38 3.8400745
104 2 2.983154
104 6 2.9161065
104 7 3.4484355
104 19 2.3156283
104 63 2.3730133
105 3 3.3428893
105 10 3.514309
105 12 3.4817698
105 21 3.1726413
105 52 2.2463174
109 3 3.474142
109 5 2.480393
109 14 2.9887094
109 28 3.0382361
109 49 2.5901291
114 4 2.3192546
114 10 2.693773
114 14 2.4175081
114 27 2.4099572
114 39 1.5542302
134 5 2.418611
134 16 3.041312
134 18 1.5412436
134 27 2.9612155
134 65 2.0205886
143 1 3.0763743
143 9 3.218995
143 10 3.241886
143 27 2.8154728
143 37 3.026641
144 1 3.188833
144 3 4.005491
144 7 3.0628374
144 15 2.9388304
144 43 2.425852
152 2 2.456526
152 8 2.8167117
152 9 3.2879698
152 12 2.9869215
152 32 2.4779956
154 1 2.8971741
154 3 3.5349085
154 5 3.0021389
154 14 3.0931323
154 31 2.6030388
158 4 3.698362
158 7 3.3420281
158 13 2.567941
158 18 2.1857748
158 45 3.2445247
168 6 3.126946
168 11 3.5080614
168 13 2.6875474
168 23 3.732482
168 56 2.5152276
177 2 3.1880982
177 5 3.0313509
177 13 2.5111136
177 18 2.3301036
177 48 3.5234118
180 3 3.2696445
180 8 2.8382752
180 9 3.7771447
180 11 3.5953016
180 30 2.382724
187 4 2.7808232
187 10 3.0910478
187 17 1.7892886
187 39 2.2613592
187 65 2.1925623
190 2 2.128687
190 4 1.9963923
190 13 1.0
190 25 1.0
190 65 1.0
191 4 3.4170566
191 6 3.073461
191 15 2.8723874
191 22 3.365016
191 33 2.5879717
192 2 2.9951308
192 9 4.105942
192 15 3.014018
192 28 3.3843007
192 36 2.6032507
193 4 2.2437649
193 6 2.3541453
193 7 2.5546482
193 16 2.9530356
193 38 2.8122964
197 2 2.962834
197 12 3.0318534
197 13 2.5982914
197 20 3.3877974
197 40 2.591578
200 6 2.918316
200 16 4.047241
200 17 2.538785
200 45 3.136331
200 67 2.6361089
201 7 3.2055657
201 10 3.3898153
201 14 2.9297826
201 21 3.127897
201 33 2.7921536
217 5 2.7070851
217 8 2.845688
217 17 2.3441052
217 27 3.2294197
217 53 2.281554
223 2 3.3131976
223 5 3.011336
223 7 2.8717532
223 13 2.4851093
223 44 2.930959
233 5 2.6692734
233 10 3.4321656
233 11 3.351744
233 15 3.0638516
233 56 2.7542858
235 4 2.0919771
235 9 2.9126978
235 11 2.5494752
235 17 1.7725381
235 38 2.774161
237 1 3.0636342
237 10 3.0242693
237 12 3.1059277
237 19 2.1502137
237 43 2.0578117
239 1 3.5921857
239 9 3.8196568
239 19 2.7700243
239 27 3.5072134
239 76 2.7658563
248 1 3.1521854
248 6 2.7714248
248 9 3.355411
248 16 3.154546
248 30 2.00203
251 6 2.536894
251 11 3.2711008
251 16 2.548469
251 21 2.6232805
251 37 2.6720693
252 3 3.6106038
252 10 3.528903
252 12 3.103327
252 15 2.6835883
252 48 3.2157817
261 4 2.1893756
261 7 2.694778
261 10 3.1272762
261 20 3.0893347
261 51 2.4274364
265 1 3.2335327
265 15 2.8527243
265 18 1.93196
265 29 2.0649307
265 56 2.4269872
266 7 3.215621
266 11 3.3916047
266 15 2.6400206
266 32 2.8101227
266 74 2.7685575
271 2 3.1748443
271 10 3.231306
271 11 2.9760118
271 30 2.6677203
271 38 3.3520164
272 3 3.5259192
272 5 2.9886863
272 6 3.4830933
272 15 3.0813925
272 26 2.8792632
278 1 3.4446018
278 15 2.9976792
278 16 3.4641786
278 31 2.8539827
278 52 2.8010104
283 1 2.3107848
283 9 2.5003262
283 12 2.8347566
283 23 2.1136591
283 28 2.527339
290 3 3.1270916
290 12 2.574084
290 14 2.690619
290 22 2.168422
290 64 2.1916661
291 2 2.7441971
291 11 2.827537
291 13 1.6373069
291 24 1.8495162
291 40 1.7980475
301 1 3.2622108
301 13 2.662478
301 17 2.2671435
301 24 2.443704
301 55 2.6227667
303 1 3.6923337
303 5 2.6393569
303 15 2.8501728
303 23 3.320418
303 50 2.19493
318 2 3.1221626
318 5 2.7898977
318 10 3.1842177
318 15 2.6492453
318 57 1.9137856
319 7 3.0805252
319 12 3.4275956
319 15 2.9845386
319 19 2.8793516
319 57 1.8885825
321 1 3.3119798
321 7 3.0276794
321 8 2.7120104
321 14 3.0379035
321 21 3.235659
325 2 3.3246748
325 9 4.0452695
325 10 3.9257488
325 16 3.425856
325 35 3.0099833
328 5 2.2535865
328 16 1.9009755
328 23 3.2234514
328 27 3.106285
328 73 2.6291788
333 2 2.8270552
333 12 2.951861
333 13 1.2354138
333 16 2.6570346
333 45 2.4257476
343 4 2.6549368
343 9 3.542408
343 11 3.1645815
343 18 2.2574797
343 72 2.6352596
346 4 3.469899
346 8 2.8202333
346 12 3.1063318
346 26 3.0254092
346 47 2.6600597
351 1 3.456676
351 7 3.3502874
351 15 2.8309603
351 36 2.5815632
351 44 3.0268893
354 4 2.1920888
354 8 2.5217764
354 9 3.0619242
354 30 2.0354657
354 67 1.514874
367 14 2.773462
367 18 1.8226439
367 20 3.4525833
367 41 1.9332433
367 75 2.3952684
369 3 3.385438
369 14 3.0705578
369 22 3.2654994
369 26 2.4953043
369 49 2.146615
372 1 3.0361278
372 10 3.0930588
372 16 2.5820239
372 28 2.5151463
372 65 1.8398997
376 4 3.3980687
376 6 3.1858587
376 9 3.8863316
376 20 3.9157276
376 67 2.833952
378 7 3.5806274
378 15 3.3658638
378 16 3.4041736
378 27 3.5111222
378 66 2.9320538
379 1 3.2120183
379 5 2.6774669
379 7 2.8818953
379 13 2.3968332
379 71 2.408537
380 3 3.7167468
380 8 2.8935885
380 13 2.4757965
380 20 3.4386442
380 59 2.1796722
382 2 2.7667348
382 5 2.5236259
382 9 3.2663226
382 14 2.8047245
382 68 2.2543874
384 2 3.2347765
384 4 3.2650917
384 6 2.8592339
384 18 2.3144875
384 82 1.8761752
385 1 2.5400095
385 3 2.6571314
385 6 2.5035706
385 9 3.2631943
385 25 2.0698235
386 1 3.807239
386 9 4.1567583
386 14 3.2965457
386 20 4.21385
386 44 3.3013103
395 2 3.2346952
395 8 2.6329758
395 9 3.4026027
395 14 3.091415
395 27 3.05484
397 2 3.059625
397 7 2.8725932
397 10 3.2065477
397 18 1.5866386
397 43 2.0351417
401 1 3.605241
401 4 3.5103157
401 9 3.78765
401 33 2.6141074
401 59 2.705879
413 6 2.6835856
413 8 2.7683914
413 11 2.5170393
413 16 2.446793
413 29 2.0889301
414 2 2.549901
414 7 2.166895
414 14 2.5947518
414 31 2.227807
414 63 1.9980409
426 2 3.409268
426 12 3.5080082
426 19 2.4497938
426 42 3.4947288
426 63 2.6687388
427 2 2.752629
427 8 2.7855747
427 11 2.942311
427 19 2.219289
427 42 2.6751583
433 3 3.5293956
433 5 2.6215718
433 17 2.2074192
433 31 2.405099
433 80 3.1881068
434 2 3.4727035
434 8 2.7855508
434 9 3.5291047
434 23 3.492677
434 64 2.3389344
435 5 2.7853267
435 7 3.1667514
435 10 3.1555898
435 27 2.9100413
435 52 2.2571917
441 2 3.1367795
441 11 3.489253
441 13 2.4321892
441 23 3.3115015
441 48 3.3862216
448 2 3.4001064
448 4 3.6019535
448 12 3.3556576
448 16 3.3242135
448 33 2.6223903
456 2 3.447085
456 6 3.0030644
456 7 4.0464725
456 24 3.4233623
456 45 3.073223
468 3 3.1579442
468 6 2.7018235
468 8 2.5993657
468 25 1.0501213
468 73 2.5062249
473 1 3.195572
473 3 3.6373932
473 7 3.204685
473 22 3.220284
473 63 2.5035584
480 7 2.6476977
480 12 3.0719776
480 14 2.7119374
480 25 2.1768327
480 83 2.412439
486 2 3.04943
486 4 3.1129963
486 10 3.64584
486 21 3.2484736
486 52 2.1635702
491 3 3.4811246
491 5 2.624277
491 8 3.1665838
491 21 3.1130247
491 49 2.4456728
500 4 3.7624726
500 16 3.4780314
500 18 2.228937
500 22 3.1807802
500 56 2.6618633
501 8 2.4113832
501 22 3.0151317
501 35 2.3958595
501 46 2.5613909
501 86 1.8782778
506 1 3.1014671
506 9 3.370736
506 13 1.7727782
506 17 1.7061658
506 31 1.8361571
516 1 3.6050665
516 8 3.105
516 12 3.4311483
516 15 3.0713098
516 47 3.133248
528 2 3.3004284
528 10 3.593376
528 17 2.6159456
528 24 2.4353094
528 41 2.4294708
532 3 3.467343
532 6 3.045557
532 8 3.0410218
532 15 3.3099477
532 36 2.36006
535 1 3.2122688
535 4 3.1017237
535 6 2.9242032
535 11 3.262055
535 48 3.274949
536 5 2.9889631
536 9 3.821781
536 11 3.4228513
536 17 2.6789386
536 40 2.8180242
539 1 3.6111722
539 7 2.9479322
539 8 2.7948508
539 11 3.2129862
539 36 1.7688545
546 9 3.8148818
546 21 3.0084217
546 27 3.5166116
546 39 2.3816233
546 77 2.9372363
547 1 2.9368792
547 10 3.3552842
547 14 2.964267
547 19 2.5182233
547 42 3.0815103
554 4 2.4395225
554 6 2.322978
554 9 3.1676216
554 17 1.7147207
554 25 1.69622
558 2 2.7087677
558 4 2.0930245
558 10 2.9622498
558 19 1.7079275
558 37 2.3077426
560 1 3.0359683
560 5 2.2022855
560 8 2.473902
560 12 2.8494513
560 19 1.7013124
562 4 3.2124982
562 12 3.6715577
562 14 3.4074047
562 17 2.5857646
562 29 2.6064708
566 2 3.4738195
566 6 2.872196
566 10 3.7408547
566 17 2.820917
566 36 2.880803
570 1 2.9785228
570 10 3.4444191
570 13 1.9993324
570 29 1.8266315
570 62 3.2658439
575 1 3.2583249
575 18 1.9167635
575 19 2.188363
575 24 2.3871431
575 47 2.1099515
577 1 3.1004245
577 6 2.81769
577 18 1.9455229
577 28 2.769
577 37 2.7981372
580 10 3.5264404
580 12 3.4500415
580 17 2.4991825
580 21 3.3876584
580 29 2.4455242
584 2 3.2104828
584 10 3.1969366
584 11 3.1580732
584 26 3.3375268
584 42 3.1478972
588 6 3.4612284
588 11 3.3876653
588 12 3.806376
588 23 3.5258484
588 67 2.6045337
614 2 2.8380823
614 21 3.2235818
614 26 2.8468325
614 29 1.8480443
614 64 2.5312862
616 4 2.9311607
616 13 2.0036516
616 15 2.3069458
616 27 2.8765786
616 62 2.8428953
629 2 3.3441076
629 27 3.1478856
629 31 2.636774
629 49 2.6576488
629 60 2.0832524
631 5 1.0572919
631 10 2.2883284
631 16 2.7761405
631 20 1.7350385
631 35 2.2171736
632 4 2.6467576
632 8 2.6916032
632 10 3.0857642
632 25 1.7936325
632 42 2.8350499
636 2 3.059006
636 6 2.3670442
636 18 1.990953
636 24 2.711072
636 37 3.197283
643 4 2.9083195
643 31 2.4695795
643 33 2.9998417
643 46 2.5718734
643 80 3.221737
655 3 3.5032446
655 9 3.2674692
655 14 2.9202387
655 18 2.1262193
655 27 3.456475
656 11 2.6640124
656 16 2.8604765
656 18 1.5662751
656 29 1.5885777
656 48 2.9747386
665 1 3.5424573
665 17 2.8252702
665 18 2.3333924
665 24 2.8279614
665 30 2.6334748
671 1 2.7554958
671 6 2.4981735
671 9 3.4657207
671 18 2.0233545
671 47 2.6008642
675 16 3.0617926
675 21 2.862698
675 28 2.7589266
675 36 2.0273478
675 60 1.4036468
678 3 3.369358
678 10 3.401372
678 14 3.0799017
678 26 2.6622152
678 49 2.4526944
681 3 2.966935
681 8 1.6912618
681 10 2.995208
681 28 2.5190067
681 55 1.9076141
695 2 2.4950533
695 15 2.0707772
695 21 2.773438
695 32 2.3856027
695 56 2.031587
697 1 2.955882
697 3 3.406946
697 8 2.8147805
697 15 2.462907
697 38 3.816738
713 1 3.2474096
713 23 3.384442
713 34 2.3535447
713 54 3.269199
713 64 2.3387969
715 7 3.0946913
715 9 2.8957608
715 13 1.8598038
715 24 1.916507
715 50 1.540648
717 3 3.357923
717 6 3.4173667
717 30 2.5974135
717 53 2.0409389
717 73 2.7337077
723 1 3.0233605
723 7 2.551383
723 9 3.307404
723 24 2.0724926
723 47 2.3863366
728 7 2.8728778
728 19 2.2816706
728 21 3.2719007
728 28 2.9668622
728 48 3.2126827
735 3 3.5222836
735 6 2.8229077
735 8 3.4289489
735 22 3.3157396
735 71 2.6441674
742 4 3.0531998
742 6 3.1973689
742 8 2.7880058
742 14 3.2454095
742 75 2.6072907
752 3 3.6867502
752 5 2.5916882
752 7 2.4758086
752 19 2.9414184
752 55 2.5675235
753 1 3.9848304
753 11 3.5038426
753 12 3.3405802
753 22 3.0681612
753 54 3.6701381
759 3 3.6562583
759 6 3.0639834
759 7 2.735941
759 15 3.07187
759 56 2.3238034
760 1 2.8686225
760 6 2.347738
760 21 2.7613525
760 28 2.5015852
760 35 2.3986025
762 2 3.314324
762 8 2.723782
762 19 3.1381917
762 30 2.5346413
762 73 3.096927
765 4 2.729003
765 13 2.1727712
765 14 3.0398316
765 26 2.6428292
765 43 2.3610148
772 2 3.620955
772 8 2.9686434
772 9 3.7763386
772 17 2.9097815
772 39 2.5971522
778 1 2.8569114
778 4 2.258304
778 6 2.2621067
778 10 2.8531911
778 39 1.9120191
780 1 2.7795086
780 6 2.4591293
780 10 2.9518573
780 20 3.5462966
780 39 2.1941175
784 1 3.3487074
784 7 3.5832841
784 8 2.8997931
784 14 3.5343852
784 40 2.6338243
787 1 3.249648
787 13 2.953846
787 14 2.8862703
787 19 2.5211523
787 35 2.573613
788 1 2.8582768
788 5 2.449618
788 6 2.5314922
788 21 2.9640648
788 75 2.227935
794 3 3.3627195
794 18 2.0663235
794 22 2.664426
794 26 2.7900364
794 60 1.6999768
795 2 3.167509
795 7 2.96234
795 13 2.358685
795 15 2.6820922
795 34 2.3300772
797 1 2.9101906
797 14 3.1196065
797 15 2.3827171
797 21 2.9800563
797 27 2.8364775
799 3 3.7293081
799 8 3.2159786
799 13 2.7700868
799 25 2.591947
799 56 2.7016912
801 3 3.5235357
801 18 2.242781
801 22 3.0548704
801 25 2.5452948
801 36 2.7270954
810 2 2.5785491
810 12 2.6314895
810 13 1.7295446
810 19 1.8847349
810 52 1.8806124
813 5 2.244131
813 10 3.1055639
813 15 2.422636
813 23 2.8755753
813 37 2.4196882
816 2 3.4450896
816 5 2.7353816
816 8 2.8887205
816 13 2.4903574
816 19 2.7341049
832 1 3.609275
832 16 3.5746584
832 19 2.7871137
832 22 3.2498274
832 36 2.681502
844 3 3.516289
844 12 3.2282114
844 13 2.4547856
844 17 2.6707263
844 38 3.5132508
851 1 4.277687
851 4 3.7300906
851 8 3.056645
851 12 3.2883272
851 26 3.571563
867 1 2.3789485
867 4 2.605511
867 7 2.4530442
867 25 1.4994283
867 36 1.8859172
869 1 3.1992068
869 14 2.3781116
869 19 1.8759358
869 27 2.9110131
869 38 3.0135953
870 2 2.345325
870 5 1.0023224
870 10 2.7393956
870 17 1.6148946
870 36 1.0
875 1 2.8339057
875 9 2.9890745
875 10 2.864923
875 19 1.6544561
875 33 1.7338476
881 1 2.9647605
881 4 2.9580967
881 11 2.876575
881 28 2.9381213
881 55 2.3035226
888 4 3.0548666
888 9 3.8166792
888 25 2.5965967
888 52 2.396107
888 65 2.3787093
895 4 1.700176
895 6 1.5887612
895 10 1.9784405
895 16 2.1621668
895 27 2.4627528
899 1 2.8372824
899 17 2.167134
899 18 1.5202749
899 41 1.8581342
899 88 2.0633464
901 5 1.2043304
901 13 1.7238215
901 14 2.3344934
901 19 1.7764593
901 47 2.0612464
902 1 2.646924
902 3 3.103768
902 11 2.6691818
902 17 2.075351
902 43 1.9016091
907 1 3.6005373
907 6 3.1275356
907 10 3.706472
907 23 3.598486
907 73 3.027624
912 1 3.0678654
912 10 3.156764
912 11 2.994454
912 20 3.9734614
912 36 2.3084946
913 1 3.3893762
913 3 3.779305
913 9 3.916293
913 21 3.1952348
913 28 3.3996737
916 1 3.3591633
916 11 3.443795
916 15 2.8078284
916 21 3.2181044
916 69 2.5858018
919 1 3.0835228
919 5 2.6381326
919 6 2.7969015
919 17 2.5008748
919 48 2.9689498
923 1 3.2489305
923 5 2.8762813
923 10 3.6997807
923 20 3.5913355
923 50 2.238782
924 1 3.905352
924 3 3.5646145
924 11 2.9384658
924 31 2.561855
924 39 1.7207494
937 4 3.169826
937 7 3.3346727
937 8 3.3467276
937 22 3.0202634
937 50 2.2287695
944 2 2.865622
944 4 2.800967
944 5 2.717706
944 9 3.3599687
944 70 1.8961091
945 7 3.0236242
945 16 3.3415012
945 17 2.5376427
945 27 3.272145
945 40 2.8485966
952 1 3.4557092
952 4 2.9071283
952 5 2.628862
952 9 3.7907372
952 64 2.4924927
955 2 2.6620684
955 18 1.4275048
955 26 2.552157
955 42 2.8495796
955 65 1.9705129
963 7 3.0496383
963 10 3.158554
963 12 2.8450785
963 23 2.912084
963 42 3.0086021
966 6 1.9252003
966 11 2.283916
966 17 1.6363558
966 24 1.0
966 33 1.0
972 1 2.9634123
972 11 3.452037
972 12 2.9690654
972 20 3.44326
972 49 2.3944566
975 1 3.1988358
975 12 3.0889602
975 13 2.3527944
975 21 2.8999066
975 48 3.1093404
978 4 1.8208022
978 13 2.3168898
978 15 1.900866
978 31 1.2727097
978 56 1.9421461
979 2 3.5711806
979 11 3.2928553
979 16 3.5889335
979 19 3.1935132
979 34 3.0703807
982 2 4.096155
982 18 2.0275576
982 21 3.4762154
982 25 2.7431948
982 52 2.4740882
983 3 2.7143545
983 7 2.6167374
983 12 2.8415177
983 22 2.1864872
983 39 1.3535018
984 2 3.5373769
984 6 3.4436285
984 8 3.1293073
984 21 3.3714838
984 47 2.8567963
991 4 1.8014019
991 13 1.2296164
991 18 1.4419941
991 27 2.6724966
991 50 1.5885572
993 1 3.0286582
993 4 2.7397726
993 7 2.8902175
993 19 1.8460262
993 31 2.246071
996 3 3.5785787
996 12 3.254414
996 14 3.1202798
996 24 2.7433317
996 67 2.665472
1023 1 2.6507907
1023 8 1.2403187
1023 12 2.9293995
1023 17 2.1990867
1023 32 2.7645495
1026 1 2.9359944
1026 6 2.2120392
1026 7 2.7543464
1026 18 1.0
1026 33 1.7578895
1027 2 3.5778244
1027 7 3.4870875
1027 11 3.561556
1027 21 3.6259034
1027 42 3.6462748
1030 1 3.6168559
1030 7 3.3709288
1030 9 3.844327
1030 19 2.7946944
1030 32 3.2253563
1033 1 3.2076507
1033 4 3.0447423
1033 14 3.4813597
1033 22 3.1261096
1033 52 2.2900221
1037 2 3.3044372
1037 7 3.1307497
1037 25 2.249052
1037 29 2.1533883
1037 80 3.1712592
1038 3 2.762328
1038 12 2.6333144
1038 13 1.1754622
1038 19 1.8130232
1038 42 2.5961125
1042 2 2.5924644
1042 5 2.2715151
1042 7 2.8110585
1042 16 2.6682112
1042 45 2.2471905
1044 1 3.3600078
1044 4 3.389671
1044 6 2.927055
1044 14 3.4798868
1044 29 2.3848639
1056 12 1.6908796
1056 19 2.2034328
1056 20 2.0352538
1056 25 2.0387647
1056 38 3.2937005
1059 5 2.429098
1059 8 1.978349
1059 21 2.9678645
1059 34 2.0766745
1059 82 1.5596347
1064 1 3.0584183
1064 3 3.5882652
1064 11 3.413876
1064 17 2.5298314
1064 40 2.926752
1080 6 2.7577214
1080 16 3.3088272
1080 17 2.1734555
1080 27 3.2758238
1080 53 2.1439216
1090 1 3.25167
1090 5 2.478209
1090 7 3.1604612
1090 16 3.190373
1090 32 2.7422016
1091 2 2.7549992
1091 9 3.370787
1091 11 2.7339878
1091 16 3.2839036
1091 36 2.1255763
1096 3 3.2459304
1096 9 2.8390486
1096 11 2.319935
1096 27 2.842288
1096 52 1.6421013
1100 6 3.5353737
1100 10 3.6211166
1100 12 3.3162549
1100 20 3.7590716
1100 48 3.58387
1112 2 3.4423022
1112 6 2.8757324
1112 8 3.4068801
1112 35 3.0174198
1112 54 3.5237372
1125 7 3.2972283
1125 14 3.2021813
1125 16 3.403476
1125 21 3.2924573
1125 34 2.5400379
1126 1 3.5090697
1126 7 3.0402915
1126 25 2.2582505
1126 32 2.919564
1126 53 1.8375013
1128 7 3.005419
1128 12 2.8985598
1128 18 2.0625253
1128 26 2.9142442
1128 54 3.1515112
1146 1 2.9552052
1146 4 2.6944134
1146 5 2.3498585
1146 7 2.709278
1146 52 2.0191524
1156 1 2.9408963
1156 5 2.5853987
1156 11 2.7222962
1156 16 3.2134297
1156 33 2.0703077
1158 3 3.1018624
1158 6 2.2147121
1158 7 2.7664032
1158 22 2.2359626
1158 70 1.8218715
1162 1 3.107507
1162 13 2.3985739
1162 20 3.1017957
1162 35 2.119067
1162 43 1.8525975
1164 1 3.3816175
1164 5 2.7884603
1164 8 3.0876317
1164 22 3.0909681
1164 75 2.6594658
1166 5 2.6468105
1166 9 3.754727
1166 17 2.3605492
1166 26 2.9353914
1166 43 2.246033
1174 1 3.0959818
1174 9 3.3845537
1174 12 3.0958786
1174 31 2.3415854
1174 59 2.5345893
1180 3 3.8357162
1180 7 3.0997365
1180 8 3.0343823
1180 18 2.4983556
1180 31 2.8459258
1188 4 2.2361085
1188 7 1.5689943
1188 16 2.4368951
1188 30 1.0
1188 48 2.451957
1193 2 3.1014962
1193 11 3.2133777
1193 15 2.8541412
1193 24 2.6691122
1193 48 3.2226179
1196 5 3.4372275
1196 12 3.5116014
1196 19 2.8361952
1196 22 3.4735112
1196 58 3.3210418
1199 1 3.214073
1199 7 3.0338807
1199 13 2.4548752
1199 19 2.3688478
1199 39 2.326117
1202 6 2.681046
1202 12 3.1683009
1202 23 3.288199
1202 28 2.9756696
1202 37 2.920849
1213 1 3.005854
1213 9 3.2905433
1213 10 3.2865412
1213 16 3.5126882
1213 63 2.4036717
1223 1 3.2999492
1223 6 3.185948
1223 11 3.8300977
1223 21 3.2103817
1223 42 3.7356114
1225 1 2.0086133
1225 12 2.4951909
1225 20 2.7764633
1225 23 2.5744863
1225 59 1.5742292
1229 10 3.9915812
1229 12 3.6295385
1229 13 2.5348914
1229 21 3.2100723
1229 46 2.9797828
1234 2 2.5789695
1234 7 2.4409628
1234 11 2.6591647
1234 22 2.2147684
1234 45 2.1307788
1235 2 3.0480127
1235 8 2.8202875
1235 12 2.8903115
1235 15 2.589066
1235 31 1.948438
1241 1 3.6237688
1241 5 2.5959582
1241 8 3.3595726
1241 19 2.3693671
1241 41 2.208827
1247 1 3.404039
1247 6 2.952324
1247 19 2.7413266
1247 35 2.8643627
1247 51 2.8977213
1253 3 3.3027024
1253 7 3.3998444
1253 20 3.5942962
1253 27 3.0288036
1253 52 2.294644
1257 5 2.1029592
1257 9 2.7872136
1257 15 2.391991
1257 20 3.2312133
1257 80 3.004621
1263 2 3.4181557
1263 5 2.6518135
1263 6 2.7138622
1263 14 3.1343098
1263 73 2.8971312
1267 15 2.538274
1267 22 2.9376528
1267 29 2.281621
1267 35 2.7850287
1267 45 2.8027322
1270 1 2.7649832
1270 4 2.100014
1270 20 2.818042
1270 26 2.2184334
1270 66 2.059784
1275 2 3.1757743
1275 11 3.9198163
1275 21 3.3129876
1275 40 2.6882775
1275 65 2.4260452
1276 3 3.167452
1276 10 3.8277445
1276 18 1.8441066
1276 30 2.6885767
1276 48 3.1820717
1282 2 3.0210893
1282 5 2.3128712
1282 12 3.2156065
1282 24 2.0400536
1282 41 1.7750887
1286 6 2.710143
1286 14 2.5786757
1286 20 3.4297216
1286 28 2.8882003
1286 37 2.7152772
1292 6 2.993549
1292 11 3.31716
1292 18 2.2904184
1292 28 3.5291307
1292 39 2.8421574
1294 3 3.149339
1294 13 2.2219932
1294 14 2.8035078
1294 30 2.3048167
1294 50 1.9168094
1295 14 3.0413754
1295 26 3.260865
1295 28 3.1025488
1295 32 3.1309974
1295 53 1.9172753
1296 2 3.1361563
1296 9 3.5138683
1296 13 2.967697
1296 17 2.4898684
1296 21 3.5043197
1300 3 2.801478
1300 12 2.7055295
1300 14 2.46406
1300 29 1.5913374
1300 54 2.734537
1304 2 3.0704777
1304 4 3.0029762
1304 6 2.9579525
1304 21 3.0386276
1304 76 2.1983519
1307 8 2.993063
1307 11 3.2122924
1307 15 2.9552202
1307 27 3.2890096
1307 66 2.8722293
1311 2 2.8362439
1311 17 2.3593292
1311 20 3.5556583
1311 25 2.2139251
1311 62 3.4012587
1312 3 3.7271466
1312 8 3.6206172
1312 9 3.7843013
1312 13 2.7013314
1312 41 2.4471774
1321 3 3.1174245
1321 11 2.936204
1321 15 2.6740696
1321 17 1.9333992
1321 57 1.6267817
1328 2 2.9045913
1328 18 1.813048
1328 22 2.5567029
1328 28 2.7203748
1328 40 2.4165304
1329 1 3.4983149
1329 9 3.9813726
1329 11 3.1975777
1329 28 3.507241
1329 41 2.3333669
1332 1 3.125565
1332 4 2.8728473
1332 5 2.413438
1332 25 2.053379
1332 59 2.6577694
1333 3 3.1078901
1333 7 2.590828
1333 15 2.3528683
1333 24 1.7184746
1333 36 1.776196
1339 3 3.7623124
1339 20 3.7382967
1339 25 3.0817945
1339 33 2.646181
1339 60 1.9409441
1347 3 2.962715
1347 8 2.8220348
1347 14 2.5880752
1347 28 2.4676778
1347 57 1.5156404
1348 2 3.2359724
1348 13 1.0
1348 15 2.2685525
1348 21 2.682899
1348 51 2.6664195
1353 2 2.5671024
1353 15 2.577551
1353 18 1.6553347
1353 23 3.116478
1353 47 2.4195445
1365 3 3.9592354
1365 5 2.6198678
1365 9 3.5175912
1365 16 3.7670798
1365 38 4.066292
1373 9 4.239018
1373 14 3.3335183
1373 16 3.7803142
1373 27 3.7114234
1373 43 2.2211926
1376 13 2.5868654
1376 20 3.602895
1376 21 3.8523889
1376 32 3.7433932
1376 49 2.7269745
1391 3 3.638579
1391 11 3.2704203
1391 16 3.435776
1391 22 3.1150017
1391 46 2.9676192
1396 3 3.2335343
1396 13 1.908343
1396 14 2.7077508
1396 23 3.0448453
1396 42 3.0866475
1402 1 3.1274564
1402 5 2.8116233
1402 6 1.9601197
1402 24 2.6713135
1402 33 2.3214707
1403 1 3.292536
1403 9 3.5690627
1403 21 3.2353666
1403 27 3.1337907
1403 48 3.26942
1405 3 3.5735023
1405 8 2.96164
1405 9 3.973696
1405 14 3.1073115
1405 24 2.6602364
1406 5 2.3981206
1406 8 2.771712
1406 14 2.8591373
1406 25 2.026986
1406 80 2.9887183
1410 6 2.4474852
1410 16 2.872558
1410 18 1.5713661
1410 34 1.8485397
1410 69 1.9761634
1413 1 3.6625109
1413 6 2.7805834
1413 8 2.92871
1413 18 2.1317148
1413 54 3.3345952
1418 1 3.837266
1418 6 3.4367092
1418 13 2.5995426
1418 48 3.6954613
1418 71 3.016796
1419 5 2.8687818
1419 12 3.4272184
1419 15 2.9939592
1419 37 3.1994176
1419 56 2.4769087
1433 2 2.8748555
1433 6 3.0037785
1433 9 2.4817042
1433 24 2.0636797
1433 52 1.6593089
1434 2 3.100376
1434 4 3.565014
1434 16 2.9992578
1434 26 2.6997905
1434 36 2.0061996
1437 5 2.5149708
1437 7 2.7467573
1437 8 2.7972107
1437 19 2.5889356
1437 28 2.9442072
1440 1 2.8810043
1440 8 2.5781195
1440 15 2.5442445
1440 18 1.7343434
1440 54 2.7208462
1442 3 3.3379455
1442 13 2.4947474
1442 15 3.26679
1442 40 2.5906215
1442 59 2.2844245
1450 2 2.928078
1450 17 1.782815
1450 21 3.0222185
1450 25 1.624856
1450 61 2.0825908
1455 1 3.3788624
1455 13 3.111919
1455 22 3.0741491
1455 29 2.1783311
1455 45 2.9552722
1457 1 3.2984552
1457 6 3.4028094
1457 10 3.4746716
1457 20 3.4892123
1457 39 3.130956
1461 3 3.5282004
1461 8 2.9324508
1461 10 3.4514282
1461 17 2.4053595
1461 31 2.5380762
1477 3 3.4622302
1477 15 2.5369687
1477 18 1.5537912
1477 25 1.7702446
1477 51 2.5017395
1479 2 3.167254
1479 10 3.9896626
1479 15 3.0530095
1479 19 2.8774452
1479 30 2.522092
1480 17 2.0915375
1480 27 3.1163874
1480 30 2.4232981
1480 46 2.4585755
1480 82 1.0
1482 9 2.8768303
1482 18 1.6991423
1482 19 2.0653229
1482 40 2.084648
1482 71 2.044777
1487 6 2.3477879
1487 15 2.3965435
1487 23 2.9417043
1487 49 2.4045792
1487 78 1.673296
1490 3 3.492377
1490 15 2.6085098
1490 17 2.3930352
1490 28 3.4254377
1490 40 2.528017
1501 3 4.074203
1501 10 3.4113715
1501 11 3.148098
1501 18 2.2007284
1501 40 2.4876146
1504 2 3.093215
1504 13 2.1745565
1504 14 2.8983977
1504 17 2.0919907
1504 80 3.0836205
1505 3 3.4747093
1505 9 3.9874654
1505 10 3.4799774
1505 14 3.5268686
1505 26 3.2640758
1519 2 2.779532
1519 8 2.503269
1519 13 1.0
1519 20 3.2933295
1519 38 3.2314093
1522 3 3.2259448
1522 9 3.4608588
1522 10 3.3934758
1522 21 3.2758827
1522 73 2.8526
1525 4 3.5030546
1525 17 2.954112
1525 28 3.2522554
1525 44 3.5705163
1525 75 2.9003377
1529 4 2.835045
1529 11 3.1287615
1529 27 3.8109238
1529 31 2.2545643
1529 67 2.4131808
1536 3 3.5414643
1536 5 3.4903464
1536 7 3.726156
1536 26 3.145036
1536 36 2.4663854
1541 6 3.056789
1541 9 3.985515
1541 13 2.4938433
1541 24 2.7949505
1541 42 3.433412
1545 3 2.9481766
1545 9 3.101587
1545 14 2.546134
1545 16 3.0315464
1545 44 2.9360478
1551 1 2.3073895
1551 5 2.2034633
1551 7 2.220241
1551 30 1.9308729
1551 48 2.8063827
1553 2 2.956124
1553 9 3.3187366
1553 19 1.7613657
1553 47 2.0240886
1553 53 1.3542753
1563 1 3.4992425
1563 6 3.641607
1563 7 2.989925
1563 20 3.7853358
1563 45 3.2908156
1572 4 2.5720692
1572 12 2.750212
1572 13 2.0095243
1572 26 2.0511515
1572 36 1.8956217
1576 3 2.9841356
1576 11 2.528163
1576 14 2.8387208
1576 16 2.9938638
1576 50 1.7185006
1581 3 3.2492664
1581 10 3.2332544
1581 14 2.623673
1581 25 2.0803823
1581 73 2.6814344
1582 3 2.9972053
1582 8 2.617773
1582 14 2.8649147
1582 18 1.9500355
1582 32 2.6444552
1589 5 2.3450058
1589 13 2.5219872
1589 14 3.0874546
1589 27 2.9710224
1589 77 3.0766935
1591 2 3.4504044
1591 12 3.236375
1591 14 3.1486278
1591 22 2.9211497
1591 44 3.2338574
1601 5 1.8877305
1601 26 2.0893123
1601 30 1.3735347
1601 36 1.4984729
1601 70 1.0106343
1602 10 3.5318856
1602 14 3.2837265
1602 20 4.231764
1602 25 3.35513
1602 49 3.263234
1615 5 2.215526
1615 15 2.2794917
1615 16 2.913627
1615 22 1.9980772
1615 52 1.3376896
1620 2 1.5979233
1620 7 1.7038829
1620 13 1.8247315
1620 19 1.7389376
1620 28 2.3897028
1621 2 3.498447
1621 14 3.924266
1621 22 3.8444257
1621 25 3.2060266
1621 34 3.3899899
1632 1 3.0442472
1632 7 2.411943
1632 8 2.5295293
1632 11 2.692855
1632 34 1.3481398
1633 6 2.6400735
1633 9 3.1337624
1633 20 2.7948143
1633 34 1.7892717
1633 52 1.4393501
1649 2 3.2497718
1649 5 3.1404836
1649 19 2.6679337
1649 25 2.3950229
1649 35 3.06754
1650 4 2.8472548
1650 25 1.8935344
1650 30 2.2150052
1650 45 2.3320549
1650 69 1.6513864
1655 1 2.6470892
1655 3 3.091829
1655 9 2.8724372
1655 21 2.8846846
1655 45 2.557995
1656 7 3.344512
1656 18 2.2944236
1656 21 3.6264787
1656 32 3.054037
1656 62 3.6550958
1661 2 3.305717
1661 11 3.3729603
1661 17 3.032975
1661 24 3.0240083
1661 33 3.0261915
1663 3 2.9638412
1663 6 2.4492323
1663 8 2.6103213
1663 11 2.6552832
1663 24 1.918075
1683 4 3.186171
1683 16 3.3830383
1683 21 3.0731864
1683 31 2.8302436
1683 57 2.1718094
1691 3 3.519858
1691 8 2.9571013
1691 10 3.3132424
1691 21 3.1381316
1691 39 2.4998555
1692 1 2.9540827
1692 7 2.6125412
1692 8 2.6657422
1692 13 1.3615744
1692 26 2.504836
1693 1 3.0778353
1693 10 3.3367329
1693 11 3.0971134
1693 51 2.6391082
1693 64 2.652579
1697 7 3.359261
1697 13 2.8004823
1697 23 3.603137
1697 26 3.223012
1697 50 2.4587264
1698 1 2.9241905
1698 21 2.8119473
1698 22 2.2666063
1698 38 3.0202868
1698 61 1.6470068
1700 1 3.0726852
1700 11 2.8780627
1700 12 2.9959252
1700 23 3.1743114
1700 36 1.8954179
1709 1 2.8317184
1709 12 3.2043996
1709 13 2.4092295
1709 46 2.6500862
1709 71 2.4165366
1713 1 2.9331071
1713 5 2.293435
1713 7 2.717549
1713 12 2.6342967
1713 34 1.879967
1714 6 2.8492405
1714 14 3.0958478
1714 16 3.0262535
1714 21 3.0409665
1714 59 1.996169
1716 1 3.2649558
1716 3 3.4544237
1716 6 2.73391
1716 13 2.0115364
1716 59 2.2591383
1724 8 2.8761427
1724 11 3.1077437
1724 18 1.7436934
1724 29 2.0572908
1724 53 2.227603
1733 2 2.5845335
1733 10 2.5958397
1733 12 2.6539454
1733 20 3.0549712
1733 34 1.6290109
1737 5 2.6630342
1737 7 3.450256
1737 8 3.1073189
1737 12 3.1616435
1737 23 3.3670814
1745 3 3.3697472
1745 6 2.7561982
1745 10 3.3792868
1745 19 2.5921273
1745 60 2.0744944
1764 3 3.3416092
1764 11 2.4328456
1764 14 2.6681015
1764 26 2.3549666
1764 74 2.3860483
1770 2 3.1850317
1770 6 2.544633
1770 7 2.991082
1770 21 3.3080332
1770 44 2.9100394
1773 3 2.590538
1773 8 2.4893467
1773 14 2.6073458
1773 20 3.4193802
1773 55 2.1767483
1776 4 2.3190916
1776 8 2.5700586
1776 9 2.6697586
1776 29 1.6894746
1776 71 2.2001135
1777 1 2.8928225
1777 5 2.2785618
1777 7 2.665527
1777 14 2.3465815
1777 37 2.0891678
1780 1 2.665104
1780 16 2.9931657
1780 18 1.8283222
1780 23 2.9592233
1780 41 1.2917988
1783 6 2.372238
1783 9 3.3943183
1783 13 1.4102619
1783 18 1.0183312
1783 39 2.3046293
1784 13 2.3282597
1784 32 2.8581867
1784 35 2.4231257
1784 42 3.1720383
1784 55 2.2475915
1798 4 2.8284755
1798 11 2.8050945
1798 20 3.3777535
1798 24 2.1683073
1798 49 2.0078878
1809 2 3.2946348
1809 8 3.0421968
1809 14 3.253841
1809 19 2.5252059
1809 31 2.2315888
1812 1 3.3685565
1812 3 3.5412679
1812 16 3.6654923
1812 29 2.763898
1812 84 2.1155388
1814 5 2.6570466
1814 14 3.3742988
1814 22 3.0322144
1814 36 2.2254605
1814 56 2.7774184
1821 8 3.0914867
1821 12 3.4816577
1821 15 2.8049152
1821 54 3.315957
1821 63 2.6240392
1823 4 2.6518674
1823 16 2.8500466
1823 26 2.661632
1823 39 1.9753668
1823 53 1.3225708
1824 4 2.5868273
1824 10 3.3792562
1824 13 2.3654218
1824 19 2.5294597
1824 36 2.4035585
1826 3 3.5058265
1826 10 3.4714584
1826 13 2.9513907
1826 28 3.4470315
1826 49 2.4455414
1828 4 2.9386802
1828 16 3.5649743
1828 22 2.8599954
1828 36 2.2532094
1828 58 2.8098128
1831 1 3.6286416
1831 9 3.8561127
1831 15 3.123431
1831 25 2.645796
1831 36 2.7008686
1836 1 3.1402583
1836 9 2.9883292
1836 16 2.8764915
1836 19 2.1738944
1836 52 2.3532248
1845 4 2.5365672
1845 14 2.5317118
1845 17 2.0438204
1845 32 2.0399272
1845 42 2.897509
1870 1 2.924235
1870 6 2.5868316
1870 7 2.848759
1870 11 3.0044339
1870 26 2.7468786
1876 1 2.6981413
1876 9 3.1181955
1876 16 2.865719
1876 22 2.605523
1876 55 2.3078184
1881 2 3.281147
1881 4 3.188647
1881 7 3.24313
1881 17 2.749365
1881 50 2.426303
1893 7 2.8116412
1893 11 2.286172
1893 16 2.7645032
1893 30 2.1698854
1893 59 2.280857
1901 1 2.9924576
1901 8 2.4383535
1901 10 3.1953664
1901 19 2.1936007
1901 47 2.1364896
1904 1 2.732218
1904 8 2.8806639
1904 17 1.8676243
1904 23 2.8699026
1904 44 2.7742279
1913 1 3.3365111
1913 14 3.5307493
1913 23 3.4110956
1913 26 2.99928
1913 66 2.7782257
1921 1 3.4620469
1921 7 3.2514114
1921 10 3.8793075
1921 13 2.9876297
1921 49 2.7438693
1928 1 3.4390798
1928 20 4.1622124
1928 27 3.2983975
1928 41 2.251092
1928 69 2.3781204
1930 3 3.8501656
1930 11 3.5241916
1930 13 2.8909442
1930 25 2.7128046
1930 42 3.6089103
1934 1 2.909902
1934 9 3.1373732
1934 12 2.8377774
1934 14 2.6818817
1934 39 2.1401796
1936 5 3.4668703
1936 9 3.839653
1936 12 3.8029575
1936 16 3.5097265
1936 39 2.746682
1942 5 2.2521818
1942 7 2.6157107
1942 14 2.9043584
1942 35 2.1637104
1942 60 1.2967391
1943 2 2.8160913
1943 4 3.1438193
1943 24 2.4020092
1943 29 1.9101475
1943 50 1.8781509
1958 1 3.4738607
1958 4 3.0524068
1958 10 3.728875
1958 22 3.4457867
1958 45 2.9505355
1960 1 3.504975
1960 8 2.9088764
1960 10 3.8369248
1960 14 3.8508706
1960 42 3.5681405
1961 2 3.3921764
1961 4 3.437515
1961 14 3.0307307
1961 25 2.45657
1961 43 2.5525923
1986 3 3.3494608
1986 8 2.8878157
1986 9 3.1839378
1986 21 3.0766973
1986 39 1.9702756
1994 12 3.5980067
1994 38 3.8423018
1994 39 2.9004092
1994 46 3.2111635
1994 66 3.177918
1996 1 2.5490315
1996 7 2.9301906
1996 13 1.5421635
1996 23 3.1079478
1996 58 2.6164453
1997 1 3.1122377
1997 6 2.785218
1997 11 3.1666448
1997 13 2.4168286
1997 58 2.8989112
2010 2 2.6914322
2010 15 2.044922
2010 22 2.526626
2010 33 2.1986477
2010 50 1.603075
2015 2 3.392176
2015 8 2.7231388
2015 14 3.0843616
2015 18 2.1069183
2015 82 2.263615
2016 1 3.0746834
2016 6 2.7266436
2016 7 2.6539657
2016 16 2.938805
2016 33 2.1494267
2017 8 2.6622424
2017 12 2.981445
2017 14 2.8078558
2017 18 1.4926217
2017 43 1.570235
2018 1 3.5249486
2018 3 4.050312
2018 6 2.898609
2018 26 2.7363997
2018 56 2.5756822
2020 3 3.4908743
2020 10 3.601244
2020 20 3.6170535
2020 24 2.8892787
2020 63 2.6294062
2021 2 3.552591
2021 8 2.8029819
2021 9 3.5811331
2021 12 3.5796149
2021 42 3.3015451
2025 4 3.1984549
2025 8 3.0832953
2025 13 2.580346
2025 23 3.4990356
2025 51 2.928591
2026 2 2.7146368
2026 9 3.1145859
2026 11 2.9082007
2026 23 2.9025211
2026 51 2.4878092
2029 2 3.1231027
2029 5 2.6567924
2029 8 2.8067122
2029 16 3.1191986
2029 66 2.763413
2033 4 2.775261
2033 15 2.530842
2033 16 3.001436
2033 20 3.2929199
2033 57 1.8146349
2046 5 2.2861898
2046 7 2.187244
2046 15 2.20758
2046 19 2.073593
2046 30 2.494015
2047 2 2.0273566
2047 7 2.2638464
2047 8 1.969562
2047 22 2.2766054
2047 52 1.6809996
2050 1 3.6352878
2050 14 2.7355497
2050 22 2.565067
2050 36 1.173389
2050 57 1.4465419
2053 1 3.5578191
2053 13 2.6690633
2053 14 3.5540376
2053 24 2.522647
2053 65 2.7277646
2065 3 3.4940925
2065 15 2.623476
2065 22 2.8315232
2065 36 1.7588007
2065 61 2.0810587
2072 2 3.3678918
2072 15 3.0023556
2072 16 3.2919843
2072 46 2.9091127
2072 77 3.0261893
2079 2 3.1388898
2079 12 3.2471168
2079 26 3.125804
2079 34 2.4510133
2079 96 2.7161813
2089 5 2.9982767
2089 8 3.2764206
2089 15 2.733202
2089 24 2.2146559
2089 51 2.6977935
2091 2 2.8293796
2091 5 2.3367343
2091 21 2.8765993
2091 40 1.932445
2091 49 2.0411484
2098 2 3.3198102
2098 10 3.4684775
2098 11 3.145605
2098 22 3.227764
2098 55 2.4586558
2101 2 3.2005816
2101 12 3.283647
2101 15 2.8505611
2101 23 3.3537204
2101 38 3.5279422
2103 3 3.148076
2103 12 2.907929
2103 16 2.3311744
2103 30 2.1909733
2103 64 2.2924724
2110 3 3.6882887
2110 10 3.491747
2110 12 3.3901207
2110 25 2.394273
2110 57 1.8806617
2111 3 3.464545
2111 8 3.4291596
2111 11 3.2365062
2111 15 3.2562952
2111 61 2.5620558
2112 4 3.1037853
2112 12 3.1684964
2112 14 2.9576037
2112 23 3.1089482
2112 45 2.7376683
2114 1 3.3364687
2114 3 3.2689104
2114 4 2.8878565
2114 14 2.8363698
2114 25 1.9984307
2140 5 3.2373474
2140 12 4.075244
2140 14 3.4474466
2140 24 3.493602
2140 42 3.5337281
2141 1 3.3812022
2141 9 3.511954
2141 14 3.0705523
2141 36 2.4956603
2141 59 2.1800666
2143 2 2.4393969
2143 9 2.8394372
2143 23 2.3766274
2143 30 1.7550627
2143 52 1.9107937
2152 3 3.1817467
2152 9 3.2897758
2152 10 3.2689118
2152 30 2.2979486
2152 59 2.3628306
2154 2 2.5823348
2154 7 2.4918687
2154 14 2.9028206
2154 28 2.5869157
2154 42 1.9941428
2158 1 3.4232123
2158 7 3.1975837
2158 11 3.2431636
2158 28 3.0928645
2158 45 2.7978818
2174 2 2.881284
2174 7 3.0549214
2174 20 3.5175364
2174 36 2.2243805
2174 67 2.2133663
2185 1 3.3769598
2185 6 2.5911393
2185 7 2.5811682
2185 18 1.8786249
2185 37 2.7993379
2191 3 3.5329583
2191 15 2.796454
2191 18 1.993951
2191 25 2.2655478
2191 67 2.1795888
2197 7 2.5531464
2197 13 2.103373
2197 14 2.2737143
2197 30 2.1576598
2197 35 2.0881793
2198 6 2.577209
2198 8 3.835015
2198 9 3.372077
2198 26 1.8217475
2198 59 2.587604
2203 1 3.4044414
2203 6 3.2420056
2203 7 3.1180367
2203 17 2.5886953
2203 28 3.3622825
2204 1 2.869992
2204 13 1.7128066
2204 20 3.077625
2204 34 1.468683
2204 59 1.7892458
2205 1 3.0503454
2205 6 2.802052
2205 7 3.3847704
2205 14 3.0207272
2205 45 2.6594238
2209 1 2.687508
2209 17 1.6902592
2209 21 2.386759
2209 25 1.3653916
2209 38 2.481583
2212 1 3.4420788
2212 7 3.1605456
2212 9 3.7252913
2212 12 3.3229055
2212 32 3.0203092
2213 2 2.6099732
2213 17 1.2497778
2213 22 2.3238974
2213 41 1.6361433
2213 80 2.645683
2220 2 3.0814943
2220 16 3.1102788
2220 17 2.3178804
2220 28 2.954869
2220 54 3.4695315
2232 1 2.4996152
2232 3 3.1273105
2232 4 2.567208
2232 8 2.5163074
2232 39 2.3794303
2233 4 2.5110765
2233 11 2.4667158
2233 12 2.8131988
2233 27 3.0016303
2233 43 1.0
2237 1 3.1652646
2237 14 2.9496908
2237 19 2.159227
2237 25 2.3184066
2237 61 1.9010588
2240 3 3.4785407
2240 13 2.4899583
2240 14 3.2344313
2240 25 2.4741302
2240 59 2.2185361
2250 4 3.2850876
2250 7 3.0816052
2250 8 3.0434222
2250 10 3.3477929
2250 26 2.8247457
2254 1 3.0429037
2254 25 1.8401928
2254 26 2.6776683
2254 30 2.3238869
2254 73 2.764849
2271 3 3.4559057
2271 16 3.9175277
2271 17 2.5909283
2271 36 2.4145668
2271 70 2.4000144
2275 1 2.9042706
2275 6 1.482201
2275 7 2.6790938
2275 14 2.52526
2275 38 2.9739122
2278 1 3.826484
2278 7 3.3811827
2278 9 3.530728
2278 12 3.3244498
2278 55 2.7241118
2283 1 3.0622172
2283 6 2.5068698
2283 12 3.2384715
2283 25 2.0895264
2283 50 1.9478126
2289 3 2.9793584
2289 9 2.3892307
2289 10 2.963283
2289 28 2.356324
2289 51 1.9204668
2294 2 2.8983421
2294 10 3.1779385
2294 11 2.1308455
2294 19 2.074621
2294 46 2.669643
2300 1 3.2674832
2300 18 2.3999984
2300 22 2.9176404
2300 35 2.9920595
2300 78 1.8640834
2304 2 2.7945175
2304 13 2.2157378
2304 14 2.844763
2304 22 2.7021108
2304 40 2.447662
2307 1 3.6027431
2307 8 2.881146
2307 17 2.392196
2307 27 3.4100182
2307 64 2.186696
2318 3 3.7883058
2318 14 3.5378525
2318 15 3.0052884
2318 19 2.9778569
2318 47 2.969483
2319 1 3.312863
2319 11 3.1642723
2319 15 2.8716366
2319 26 2.8307972
2319 50 1.9682943
2320 2 2.8668652
2320 5 2.653972
2320 8 2.6672351
2320 15 2.501428
2320 22 2.7641268
2322 4 2.4841774
2322 6 1.9140952
2322 7 1.6981087
2322 20 3.0047157
2322 68 1.9586403
2325 6 2.6092896
2325 11 2.9732282
2325 12 3.0346227
2325 14 2.0226886
2325 26 2.8909297
2332 4 3.2569513
2332 15 2.4973423
2332 16 2.9599512
2332 63 2.1822665
2332 79 1.7360805
2334 1 3.635228
2334 4 2.8798184
2334 21 3.1276095
2334 33 2.6018627
2334 43 2.1909919
2338 1 3.0452566
2338 11 2.4890077
2338 14 2.9692905
2338 41 1.9791822
2338 79 1.8630368
2342 4 2.9630733
2342 13 2.5831745
2342 19 2.4541154
2342 31 2.6163979
2342 44 3.0936294
2343 6 2.2289653
2343 8 2.7048116
2343 9 3.4230785
2343 19 2.7337892
2343 49 2.313346
2349 3 3.0203953
2349 11 2.9392204
2349 17 1.5698547
2349 29 1.7546276
2349 51 2.3820088
2362 1 3.463762
2362 7 2.8865244
2362 8 3.008398
2362 19 2.3189447
2362 57 1.9204111
2377 2 3.5549474
2377 14 3.4821172
2377 16 3.675521
2377 21 3.6030264
2377 30 2.913755
2378 2 3.5354316
2378 20 4.168523
2378 21 3.5410926
2378 27 3.793757
2378 59 3.0554836
2379 3 3.7747412
2379 35 3.053566
2379 36 2.6924527
2379 43 2.546163
2379 64 2.8193352
2382 1 3.2984724
2382 6 2.65055
2382 15 3.0794413
2382 20 3.8069603
2382 54 3.7510161
2383 1 3.7264338
2383 8 2.5258045
2383 13 2.836978
2383 22 2.8221312
2383 39 2.6877685
2389 2 3.0932615
2389 5 2.598372
2389 6 2.976909
2389 19 2.3605068
2389 43 2.1356502
2391 1 3.449106
2391 6 3.0247886
2391 7 3.9146
2391 14 3.280219
2391 75 2.6284745
2409 5 1.8784554
2409 12 2.7593777
2409 16 2.809516
2409 22 2.4613302
2409 59 2.049741
2411 7 2.2845383
2411 9 3.2453754
2411 13 2.040029
2411 19 1.8221931
2411 31 1.8654276
2421 9 3.750783
2421 12 3.4511871
2421 14 3.2952914
2421 18 2.3075275
2421 37 3.122252
2422 1 3.1229005
2422 9 3.9592195
2422 13 2.0998898
2422 18 2.1757607
2422 39 2.4367092
2423 4 2.6012628
2423 14 2.3878384
2423 15 2.1004698
2423 33 2.0347214
2423 55 2.1280298
2425 1 3.2726562
2425 3 3.3184185
2425 4 3.107875
2425 6 2.8216336
2425 29 2.146881
2428 2 3.1608562
2428 9 3.2799625
2428 11 3.278223
2428 27 3.0357416
2428 58 2.993934
2437 8 2.7012055
2437 11 2.935062
2437 12 3.0220654
2437 20 3.9622283
2437 40 2.3068562
2438 4 1.999918
2438 11 2.3918374
2438 20 2.7549212
2438 24 1.4156182
2438 73 2.3167305
2439 10 3.3639734
2439 13 2.4929106
2439 14 3.0509024
2439 31 2.5891657
2439 52 2.4638314
2440 3 3.513005
2440 12 3.362026
2440 13 3.1185687
2440 20 3.8917215
2440 39 3.4042158
2445 1 3.4714887
2445 14 3.1524482
2445 16 3.6157222
2445 23 3.4047158
2445 35 2.92565
2449 5 1.0
2449 14 2.678073
2449 17 1.0
2449 42 2.650283
2449 57 1.4622781
2455 11 3.4082646
2455 13 2.7750173
2455 19 2.7575617
2455 22 3.2202754
2455 38 3.7518935
2462 5 2.6006281
2462 11 2.9930565
2462 17 2.0018067
2462 26 2.7701628
2462 51 2.5900729
2467 6 2.220494
2467 12 2.5463955
2467 17 1.3537817
2467 33 1.0412781
2467 42 1.7984337
2470 3 3.450858
2470 7 3.1431208
2470 9 3.8232477
2470 18 2.0329754
2470 31 2.3811893
2471 2 3.102118
2471 15 2.5551417
2471 17 2.2697937
2471 29 2.1846945
2471 42 3.265912
2481 1 3.3181376
2481 13 3.2350128
2481 14 3.2711368
2481 18 2.8229082
2481 33 2.7051852
2482 1 3.091909
2482 3 3.34222
2482 8 2.53014
2482 11 2.5674727
2482 67 2.1360743
2483 3 3.1253326
2483 8 2.7141974
2483 9 2.784001
2483 21 2.866538
2483 62 3.0991724
2486 2 3.4502902
2486 4 3.6796196
2486 7 3.6896114
2486 15 3.2954552
2486 60 1.7547747
2488 6 2.3552537
2488 9 3.4740174
2488 10 3.37865
2488 14 2.9068658
2488 32 2.9511654
2491 6 1.8257324
2491 8 2.7366982
2491 9 3.5262787
2491 18 1.3654251
2491 85 1.934569
2500 5 2.4259083
2500 10 2.7522542
2500 11 2.5828395
2500 18 1.8459678
2500 28 2.147375
2503 10 3.299811
2503 12 3.3014646
2503 14 3.128998
2503 18 2.0933428
2503 31 2.954857
2513 1 3.537909
2513 8 3.068843
2513 11 3.6009853
2513 20 3.743219
2513 36 2.86256
2518 11 3.600869
2518 17 2.7305562
2518 19 2.4283314
2518 23 3.26221
2518 30 2.3827832
2525 3 3.3197253
2525 7 3.0222955
2525 13 2.7433453
2525 21 3.1174703
2525 34 2.6284423
2526 1 2.6938655
2526 9 3.2834597
2526 13 2.149573
2526 31 2.268577
2526 45 2.3844304
2532 2 3.4162538
2532 6 3.9142067
2532 9 3.928728
2532 27 3.6284764
2532 48 3.5088809
2533 1 3.9049072
2533 3 3.602895
2533 12 3.3922236
2533 21 3.598028
2533 35 2.9027634
2534 1 2.9009833
2534 15 1.9119898
2534 16 3.0104074
2534 27 2.8827336
2534 36 2.0441263
2546 1 1.9512956
2546 6 2.4274118
2546 7 2.506871
2546 22 2.2384608
2546 38 2.5441642
2548 4 2.7282903
2548 15 2.1783004
2548 20 3.5119572
2548 26 2.5934186
2548 34 1.9783049
2555 2 3.2223063
2555 9 3.8183546
2555 10 3.4786472
2555 24 2.3461063
2555 30 2.8613188
2556 1 3.2748427
2556 6 3.1108603
2556 10 3.491114
2556 17 2.4438171
2556 31 2.975003
2566 7 2.7829435
2566 13 2.532728
2566 17 2.309429
2566 29 1.977915
2566 47 2.5742474
2568 2 2.3918028
2568 23 2.6617026
2568 24 1.8988734
2568 38 2.8778062
2568 58 2.2764657
2571 1 3.2273614
2571 15 2.3404508
2571 23 3.0275595
2571 27 3.1663043
2571 48 3.3551223
2575 3 3.6174526
2575 6 3.1380022
2575 9 3.6737368
2575 26 3.370532
2575 55 2.783368
2577 4 3.8383446
2577 10 3.7319827
2577 12 3.5987923
2577 22 3.0822906
2577 31 2.7572331
2584 1 3.335645
2584 8 2.9201124
2584 9 3.3780606
2584 24 2.6688037
2584 52 2.6277738
2586 2 2.9037454
2586 5 2.4658442
2586 9 3.3215275
2586 27 3.0138705
2586 39 2.2716317
2587 2 3.6861465
2587 5 2.8518639
2587 6 3.0391703
2587 16 3.8449404
2587 68 2.901701
2595 1 3.1532483
2595 7 2.871514
2595 9 3.5320363
2595 20 3.5836668
2595 50 2.4672172
2601 1 3.5751543
2601 6 2.878284
2601 19 1.9444321
2601 42 3.1861534
2601 56 1.9334972
2603 5 2.477348
2603 13 1.4441588
2603 17 1.9663631
2603 20 2.913094
2603 34 1.2224973
2607 2 3.1054664
2607 11 3.1367195
2607 14 3.0602748
2607 17 2.3703392
2607 70 1.9263806
2608 6 2.510058
2608 13 1.8240576
2608 14 3.1415083
2608 21 2.8692987
2608 62 3.1600368
2610 9 3.8252451
2610 15 3.4595485
2610 22 3.4762557
2610 27 3.4102354
2610 58 3.2900145
2623 2 3.5446272
2623 9 4.0813956
2623 11 3.217317
2623 17 2.413091
2623 45 2.872576
2636 2 1.5839674
2636 8 2.1541884
2636 10 2.5465474
2636 17 1.0
2636 37 1.9295481
2645 2 2.895072
2645 8 2.4708402
2645 10 3.14894
2645 13 2.49723
2645 90 1.0750854
2655 1 3.325658
2655 3 3.540298
2655 5 2.816455
2655 8 2.8290417
2655 15 2.7819097
2673 11 3.2432997
2673 21 3.298787
2673 22 2.8989327
2673 30 2.566305
2673 46 2.8691828
2675 1 3.0873802
2675 18 2.0336263
2675 19 2.2369614
2675 26 2.7605581
2675 76 2.4232447
2680 1 2.3277879
2680 17 2.0196068
2680 20 2.945537
2680 28 2.6325455
2680 45 2.2972846
2684 1 3.4718556
2684 4 3.0843523
2684 16 3.3186417
2684 22 3.0059342
2684 48 3.4772692
2688 1 3.7109087
2688 10 3.6731937
2688 17 2.412591
2688 29 2.3141942
2688 56 2.3624368
2692 4 3.7289362
2692 12 3.4024014
2692 13 3.2851634
2692 30 2.4864416
2692 47 2.8760083
2705 3 3.5342805
2705 8 3.0930376
2705 9 3.8852968
2705 21 3.617337
2705 85 1.8384119
2727 1 3.5787432
2727 7 3.3328161
2727 9 3.8062143
2727 11 3.4072847
2727 44 3.364618
2734 6 2.8622031
2734 10 3.1202621
2734 12 3.462173
2734 21 3.0349674
2734 36 1.9897168
2742 1 3.0271215
2742 3 2.7624962
2742 6 2.4035985
2742 10 3.101976
2742 39 2.1609004
2747 2 3.354996
2747 7 3.3519387
2747 11 3.3974612
2747 16 3.4586504
2747 36 2.5967991
2749 1 3.2379677
2749 8 3.0116017
2749 12 3.1603796
2749 25 2.22155
2749 40 2.6023045
2757 2 3.6158066
2757 6 2.832437
2757 11 3.2947474
2757 37 2.9219177
2757 86 2.1425793
2774 1 3.3484087
2774 15 2.8890116
2774 16 3.426586
2774 21 3.1859243
2774 52 2.2845602
2786 6 2.3527632
2786 8 3.0396981
2786 9 3.4213846
2786 23 3.4263477
2786 80 3.2985196
2791 2 2.863361
2791 6 3.480895
2791 9 3.3333278
2791 18 1.8800215
2791 37 2.9031243
2796 1 2.922358
2796 3 3.4464247
2796 7 3.059238
2796 20 3.7398953
2796 59 2.4208276
2798 4 3.017732
2798 10 3.2504547
2798 14 3.0249875
2798 26 2.5632513
2798 43 2.0292642
2804 3 3.0254924
2804 6 2.976925
2804 8 3.5987885
2804 16 3.3599226
2804 54 3.0495012
2812 1 3.468572
2812 15 3.0710073
2812 18 2.3911061
2812 25 2.2855525
2812 61 2.5933874
2815 4 3.0676463
2815 8 2.8724313
2815 20 3.6683946
2815 26 3.0292022
2815 40 2.6160898
2820 1 3.5613275
2820 7 3.245401
2820 8 3.3516676
2820 13 3.0567462
2820 41 2.3302426
2822 2 3.1218288
2822 11 3.201272
2822 15 2.6537294
2822 23 3.2144353
2822 83 2.1021335
2823 2 2.738354
2823 6 2.737282
2823 7 2.5938377
2823 13 2.3406613
2823 27 3.1839426
2827 1 3.2684383
2827 7 3.185043
2827 9 3.4871516
2827 14 3.170109
2827 40 2.5241127
2831 2 3.32698
2831 12 3.2272456
2831 15 2.9285061
2831 17 2.4827023
2831 31 2.6134384
2836 1 3.4478877
2836 5 3.0681949
2836 17 2.4341042
2836 31 2.790623
2836 55 2.727711
2837 8 2.9219625
2837 14 2.7626615
2837 19 2.2665896
2837 39 2.930245
2837 75 2.434227
2838 1 3.2865705
2838 7 3.1086516
2838 9 3.5136447
2838 32 2.8625946
2838 57 2.0268319
2840 2 3.1263413
2840 9 3.5329561
2840 11 2.9433823
2840 20 3.5215323
2840 55 2.2836845
2844 4 2.7192433
2844 10 3.4040027
2844 18 1.6517693
2844 35 2.376343
2844 79 1.8978313
2859 1 2.9016178
2859 9 3.048115
2859 11 2.7704198
2859 23 2.8340683
2859 54 2.9438708
2860 3 3.564877
2860 8 3.1133447
2860 16 3.1969028
2860 28 3.0588977
2860 72 3.1287708
2865 1 3.1427438
2865 5 2.443237
2865 24 2.3341203
2865 30 2.1466217
2865 50 2.0724826
2868 4 2.446596
2868 15 2.055241
2868 19 2.2607691
2868 27 3.0653207
2868 47 2.2101643
2869 6 2.7045064
2869 8 3.031205
2869 9 3.784335
2869 17 2.2903504
2869 38 3.8199177
2875 1 3.4384308
2875 5 2.623969
2875 6 2.7730372
2875 20 3.889437
2875 32 2.9131286
2890 2 3.3471358
2890 5 2.9690564
2890 8 2.9658191
2890 14 3.134946
2890 20 3.4746382
2891 2 3.0390098
2891 18 2.1019864
2891 21 3.0473263
2891 26 2.832655
2891 75 2.454015
2895 1 3.2748334
2895 10 3.4721186
2895 14 3.0076547
2895 28 2.918122
2895 42 3.040957
2903 1 3.179382
2903 5 2.7410686
2903 9 3.3424742
2903 15 2.9356525
2903 22 2.7767944
2908 2 2.5457883
2908 13 1.9026046
2908 14 2.8749843
2908 28 2.5567293
2908 64 2.096174
2911 2 3.4224923
2911 12 3.8672664
2911 13 2.6034503
2911 26 3.2826333
2911 48 3.5998163
2913 1 2.6076353
2913 7 2.302865
2913 13 1.8936076
2913 26 2.4217954
2913 51 1.8967565
2916 8 2.9073334
2916 14 3.0666585
2916 17 1.2429582
2916 20 3.5261216
2916 66 2.6058147
2923 3 3.2834985
2923 9 3.2588775
2923 16 3.0486252
2923 38 2.862614
2923 53 2.0567112
2927 5 1.9725612
2927 23 2.504916
2927 26 2.397927
2927 34 1.6734995
2927 37 2.4321275
2932 2 3.8168495
2932 13 3.1318598
2932 18 2.3921404
2932 30 2.6338892
2932 35 3.2634728
2936 1 3.6060727
2936 4 3.345281
2936 10 3.7120073
2936 17 2.6907015
2936 35 3.039413
2943 1 3.3928146
2943 4 3.094776
2943 9 3.527228
2943 13 2.2675674
2943 34 1.9511112
2946 3 3.2666774
2946 11 3.15152
2946 12 3.409745
2946 17 2.2956007
2946 33 2.4255435
2952 2 3.043373
2952 9 3.4552808
2952 11 3.275805
2952 13 2.284402
2952 42 3.0486217
2956 3 2.9632592
2956 10 2.8743632
2956 14 2.2662292
2956 18 1.6789368
2956 35 2.1258252
2964 2 2.9008892
2964 5 2.5499234
2964 8 2.9309616
2964 12 2.9720569
2964 32 2.669338
2972 8 2.9194984
2972 10 3.266094
2972 14 3.5859447
2972 28 3.4097035
2972 51 2.67684
2981 3 3.3407588
2981 15 3.0041897
2981 16 3.2941644
2981 22 2.928145
2981 37 2.877468
2983 1 3.0598762
2983 8 2.5921338
2983 21 2.8183217
2983 29 1.9140205
2983 53 1.9553498
2992 4 3.1718369
2992 12 3.762581
2992 16 3.4114819
2992 35 2.8770108
2992 61 2.4149852
3003 1 3.4025958
3003 4 3.2587457
3003 5 2.975783
3003 11 3.3993006
3003 18 2.1085944
3006 4 3.1389813
3006 8 3.4681075
3006 15 2.799258
3006 32 3.0098312
3006 50 2.1577942
3007 1 2.635463
3007 5 2.094472
3007 11 1.9504089
3007 14 2.0113335
3007 42 2.3932288
3010 1 3.2467055
3010 5 1.6634972
3010 8 2.6707234
3010 16 3.048882
3010 47 2.0541255
3011 5 2.1495345
3011 11 2.4041426
3011 13 1.7676075
3011 18 1.4029305
3011 59 2.108945
3016 1 3.443318
3016 6 2.737822
3016 7 2.96282
3016 16 3.3632333
3016 65 2.3474994
3018 2 3.070181
3018 8 5.0
3018 20 3.264035
3018 32 2.5648584
3018 77 3.1707144
3020 1 3.9540808
3020 6 3.0819511
3020 12 3.5126374
3020 34 2.582282
3020 53 3.060562
3024 1 2.661408
3024 3 3.2265291
3024 5 2.3857975
3024 10 3.1530564
3024 38 3.2658617
3032 7 2.873892
3032 12 3.0326984
3032 19 2.4471476
3032 23 2.8366709
3032 51 2.54452
3034 3 3.7884886
3034 8 3.2751591
3034 10 3.7399077
3034 16 3.5993564
3034 42 3.5472333
3035 6 2.79376
3035 9 3.7628725
3035 16 3.3543975
3035 25 2.6937935
3035 46 3.0311503
3037 1 3.878128
3037 13 2.4208388
3037 14 3.0576081
3037 19 2.5964673
3037 58 3.0517862
3042 3 3.1505318
3042 6 2.93952
3042 8 2.1772993
3042 16 2.8584871
3042 54 2.7561836
3048 2 3.7089593
3048 9 3.9858592
3048 12 3.393386
3048 15 2.9128075
3048 43 2.4325392
3049 3 3.1404264
3049 11 3.1647804
3049 20 3.1849267
3049 28 2.8255975
3049 51 2.4351304
3056 1 3.6001976
3056 21 3.5470667
3056 23 3.6018567
3056 33 3.5800238
3056 61 2.5837383
3063 1 2.773577
3063 8 2.31059
3063 9 3.4206936
3063 25 1.8155599
3063 58 2.4532547
3083 2 3.0901
3083 11 3.579749
3083 16 3.3053594
3083 20 3.6682832
3083 64 2.397394
3090 5 2.8980167
3090 15 2.9590743
3090 21 3.1322591
3090 29 2.156969
3090 60 2.0200472
3094 1 3.758576
3094 4 3.265218
3094 16 3.124446
3094 27 3.401189
3094 57 2.3198383
3114 3 3.7326028
3114 7 3.214355
3114 11 2.6266942
3114 21 3.0319145
3114 26 2.9086196
3116 1 3.1000726
3116 4 2.6424296
3116 6 2.6184824
3116 8 2.4742796
3116 35 1.951908
3118 4 3.1052985
3118 22 3.1855881
3118 38 3.3074431
3118 51 2.591305
3118 65 2.2273984
3120 1 3.118116
3120 7 3.3071804
3120 15 2.6732864
3120 32 3.2098098
3120 93 2.079611
3128 4 2.4877133
3128 25 2.3485174
3128 32 2.458992
3128 34 2.333346
3128 48 3.2905924
3129 2 3.3020458
3129 10 3.5411153
3129 11 3.8277857
3129 26 3.1537504
3129 33 3.2759175
3130 1 3.5043905
3130 3 3.658906
3130 7 3.2584634
3130 15 2.9991798
3130 28 3.2187011
3132 1 2.259653
3132 4 2.489772
3132 16 2.2993627
3132 25 1.5944861
3132 38 2.7001688
3140 4 3.2573323
3140 16 3.368084
3140 18 2.5265074
3140 22 3.3729553
3140 39 3.2676525
3141 8 2.8124278
3141 14 3.10331
3141 15 2.8162398
3141 29 2.6380925
3141 82 2.201364
3144 7 3.3408134
3144 14 3.4990194
3144 15 2.772524
3144 21 3.2271512
3144 75 2.425259
3145 8 2.9519577
3145 10 3.5164382
3145 14 3.3780866
3145 21 3.1580918
3145 60 2.0586092
3146 2 3.0728424
3146 23 3.4012904
3146 24 2.5398688
3146 32 3.0101855
3146 53 2.8038735
3150 3 3.3073058
3150 15 2.5981135
3150 17 2.130042
3150 34 1.7322085
3150 55 2.313995
3156 1 3.1607852
3156 10 3.8889627
3156 13 2.7124
3156 27 3.4820173
3156 42 3.4068868
3167 2 2.7912273
3167 5 2.0231862
3167 11 2.8045766
3167 30 2.1591792
3167 50 1.183516
3176 4 3.589243
3176 15 2.9070911
3176 18 2.534362
3176 38 3.661985
3176 79 2.4328046
3191 2 3.5386288
3191 10 3.697196
3191 11 3.1948931
3191 17 2.7390246
3191 34 2.677564
3192 6 2.2968106
3192 15 1.35885
3192 16 3.0980413
3192 48 2.8494
3192 79 1.1585449
3194 4 3.240624
3194 9 3.5257869
3194 10 3.4469192
3194 27 3.35639
3194 34 2.7187989
3195 4 2.586268
3195 14 3.3468654
3195 15 2.6688175
3195 24 2.3047452
3195 38 3.9516106
3196 1 3.2206721
3196 7 2.361436
3196 10 3.0378919
3196 24 2.1994543
3196 52 1.7646666
3200 1 3.5030289
3200 9 4.5975943
3200 11 3.2452774
3200 24 2.5407426
3200 50 2.3336256
3202 3 3.3620415
3202 13 2.3315237
3202 27 3.0276198
3202 34 2.2362683
3202 69 2.27265
3206 2 3.1617105
3206 11 3.236352
3206 12 3.1085331
3206 16 3.1858633
3206 60 2.2809312
3207 2 1.7044437
3207 13 1.5977166
3207 14 2.5402527
3207 30 1.9316239
3207 62 2.446731
3220 1 3.0112603
3220 7 3.1941252
3220 8 2.7424703
3220 17 2.4203596
3220 37 3.034972
3224 4 3.083344
3224 12 3.272011
3224 17 2.4287646
3224 27 3.2591634
3224 42 3.257396
3225 5 3.4617138
3225 8 3.0234928
3225 10 4.00318
3225 12 3.2890985
3225 36 2.4936996
3229 1 3.1804578
3229 4 3.378093
3229 6 3.0849996
3229 21 3.1139078
3229 27 3.5311508
3232 8 3.1303792
3232 10 3.677749
3232 12 3.3082824
3232 23 3.4076238
3232 37 3.4594378
3240 1 3.1436331
3240 6 3.2177815
3240 8 2.890317
3240 20 3.4495184
3240 88 2.158428
3243 4 3.175337
3243 9 3.804016
3243 18 3.0522034
3243 23 3.6658602
3243 55 2.947401
3245 4 2.9715605
3245 20 3.3709426
3245 27 3.4384456
3245 46 2.7083297
3245 53 2.1613536
3247 4 2.259693
3247 12 2.4757965
3247 13 1.0
3247 19 1.7538968
3247 37 2.244333
3251 5 2.5943532
3251 14 3.2344317
3251 15 2.8333373
3251 31 2.6182308
3251 55 2.704037
3264 4 3.4808671
3264 10 3.593175
3264 17 2.7328405
3264 34 2.551918
3264 55 2.980398
3267 4 3.237897
3267 13 2.8124485
3267 19 2.6265948
3267 28 2.979226
3267 47 2.9105144
3270 3 3.2486882
3270 19 2.5506525
3270 27 3.1355433
3270 39 2.2484465
3270 47 2.4752073
3274 3 3.3816772
3274 10 4.1987963
3274 14 3.4300663
3274 18 2.0015626
3274 50 2.1530647
3275 3 3.4835591
3275 7 2.896327
3275 10 2.9456494
3275 20 3.3967624
3275 29 2.0593507
3280 3 3.417901
3280 9 3.9598784
3280 20 3.6709924
3280 25 2.2040896
3280 65 2.4755392
3287 11 2.711627
3287 18 1.8919901
3287 19 2.3483245
3287 25 1.9073316
3287 67 1.9861647
3288 3 3.2327228
3288 7 2.7310176
3288 8 2.8766842
3288 14 2.7736807
3288 22 2.980196
3291 3 3.5829248
3291 7 3.5414996
3291 11 3.5988228
3291 27 3.3906953
3291 52 3.4445705
3303 6 2.5744362
3303 8 2.8155572
3303 14 3.043249
3303 26 2.8977103
3303 72 2.8211222
3304 4 2.8468506
3304 11 2.8171442
3304 21 2.531402
3304 27 2.815537
3304 50 1.8787094
3311 1 3.0136797
3311 8 2.8046243
3311 12 3.166876
3311 19 2.3480616
3311 75 2.5569012
3322 2 2.8240013
3322 7 1.9798568
3322 13 2.2616348
3322 16 3.1999729
3322 30 2.4335575
3332 8 3.1935887
3332 11 3.3809443
3332 12 3.480278
3332 22 3.192955
3332 75 2.817271
3338 2 2.7989836
3338 16 2.8010695
3338 19 1.6789645
3338 23 3.011676
3338 29 1.0
3340 1 3.58189
3340 5 3.1621528
3340 6 2.9045868
3340 16 3.3902848
3340 43 2.2504318
3351 5 2.3124797
3351 9 2.9663987
3351 12 2.8877835
3351 20 3.0913851
3351 47 2.1826437
3354 3 4.084148
3354 5 3.346294
3354 12 3.4395158
3354 24 2.9942555
3354 39 2.7508247
3359 2 2.923933
3359 11 2.6988294
3359 26 2.8743148
3359 32 1.9880738
3359 42 3.0607712
3364 1 3.4532726
3364 8 3.0172634
3364 9 3.3831708
3364 28 2.9239228
3364 49 2.3281498
3368 3 3.847757
3368 8 3.0338533
3368 11 3.28925
3368 18 2.2718658
3368 52 2.9515095
3381 1 3.0285923
3381 4 2.8328338
3381 17 2.2212527
3381 34 1.9301796
3381 71 2.3123431
3387 5 2.8235335
3387 11 3.191168
3387 13 2.5772362
3387 18 2.0742476
3387 52 2.3520746
3397 7 2.36354
3397 13 1.0
3397 14 2.2084358
3397 34 1.0
3397 67 1.3699052
3402 3 3.494158
3402 12 3.577725
3402 13 2.5947826
3402 25 2.496768
3402 45 2.8027246
3404 1 3.883488
3404 3 3.789512
3404 8 2.61191
3404 29 2.4051456
3404 57 2.0644045
3428 7 2.9233408
3428 15 2.4060855
3428 22 2.2888126
3428 41 1.6385069
3428 63 2.0769374
3430 5 2.230065
3430 11 2.9223409
3430 15 2.3939846
3430 34 2.0047154
3430 47 2.5000796
3436 4 2.890429
3436 19 2.3294578
3436 24 2.0810041
3436 40 2.4475708
3436 52 2.2674832
3443 1 3.3608525
3443 7 2.9809697
3443 14 2.9587824
3443 32 2.7101493
3443 80 3.0682812
3445 3 3.4335878
3445 5 2.8202052
3445 10 3.5223503
3445 32 2.9477077
3445 52 2.469245
3446 6 2.9478483
3446 8 3.0249274
3446 12 3.3421519
3446 15 3.3120992
3446 49 3.4135983
3447 1 3.578812
3447 6 3.1058102
3447 7 3.3328848
3447 9 3.806283
3447 22 3.2193642
3448 1 2.8881817
3448 5 2.6154444
3448 13 2.0903578
3448 22 2.729311
3448 60 1.3479382
3453 1 2.9744427
3453 5 2.463466
3453 6 2.4535782
3453 16 3.0815814
3453 28 2.7335122
3461 1 3.1934664
3461 3 3.2470574
3461 9 3.0196376
3461 21 2.9975107
3461 79 1.8752291
3467 7 2.7349682
3467 9 2.9563086
3467 12 2.7509196
3467 15 2.0119948
3467 40 1.8577816
3468 1 2.813846
3468 4 2.8310235
3468 7 2.869967
3468 19 2.2840254
3468 25 1.8079989
3471 2 3.1113644
3471 16 3.248481
3471 21 3.0527713
3471 29 2.0911279
3471 48 3.3772693
3483 2 2.7390916
3483 9 2.496344
3483 13 2.0709922
3483 31 1.9541699
3483 54 2.7356133
3484 1 3.5499783
3484 10 3.6559129
3484 11 3.37852
3484 24 2.6947346
3484 38 3.722149
3496 6 2.5748167
3496 13 2.0941427
3496 14 2.398354
3496 20 3.270537
3496 57 1.974628
3507 1 4.052062
3507 6 2.9692924
3507 9 3.4812768
3507 21 3.2958238
3507 48 3.8466105
3509 1 3.1508198
3509 8 2.5448434
3509 16 2.8765297
3509 49 2.1631827
3509 63 1.9042785
3516 1 3.3230228
3516 18 2.1736066
3516 19 2.5738208
3516 26 3.2766335
3516 51 2.8305306
3517 3 3.7597704
3517 11 3.3413882
3517 17 2.9159844
3517 21 3.0324852
3517 35 2.9692538
3522 2 3.4904282
3522 8 3.0135856
3522 14 3.038166
3522 30 2.5258567
3522 58 3.1517346
3532 1 4.0283885
3532 8 3.0295877
3532 9 3.60189
3532 26 2.958685
3532 70 2.4672284
3535 1 3.0899498
3535 8 2.6362076
3535 9 3.4017458
3535 11 2.9718502
3535 32 2.7216713
3537 2 3.1234887
3537 4 3.1018515
3537 15 2.9614024
3537 21 3.660007
3537 54 3.4331405
3548 2 2.8110933
3548 10 3.21692
3548 14 3.17348
3548 22 2.8059013
3548 30 2.1760058
3549 3 3.415561
3549 8 2.5923245
3549 11 2.7867973
3549 19 2.720724
3549 43 2.103369
3554 2 3.206575
3554 7 3.4157076
3554 12 3.1473577
3554 28 2.877471
3554 38 3.4050195
3557 2 3.704462
3557 5 2.9377673
3557 6 3.3815823
3557 18 2.5574923
3557 37 3.0597813
3562 2 3.4588284
3562 5 3.3896937
3562 7 3.6994863
3562 11 3.28363
3562 22 3.6964169
3563 2 3.4381423
3563 18 2.1838398
3563 19 2.7635727
3563 38 3.5685616
3563 46 3.0348375
3567 6 2.7894762
3567 12 3.280228
3567 20 3.7212741
3567 27 3.2142434
3567 35 2.7737212
3569 6 2.3093336
3569 11 2.954563
3569 19 2.2918606
3569 25 2.2194793
3569 80 3.0305965
3570 3 3.9491396
3570 10 3.6313617
3570 14 3.3804595
3570 42 3.8000462
3570 57 1.9672731
3574 1 3.312665
3574 3 3.2596123
3574 5 2.1916018
3574 27 2.961131
3574 46 2.869436
3576 6 2.6889727
3576 10 3.0699573
3576 11 3.0592637
3576 26 2.3303182
3576 67 2.109602
3578 3 3.5196233
3578 9 3.9585238
3578 15 2.864236
3578 22 3.3450098
3578 50 2.6790314
3584 1 3.7911408
3584 4 3.4879062
3584 5 2.8040483
3584 13 2.6721745
3584 27 3.4785538
3586 1 3.2021172
3586 3 4.007303
3586 5 2.9582622
3586 25 2.227845
3586 72 2.8825793
3590 1 3.1712255
3590 19 2.5236611
3590 31 2.5530288
3590 38 3.5230117
3590 62 3.4290369
3591 2 2.8580694
3591 5 2.2054126
3591 6 3.4038498
3591 17 2.215543
3591 73 2.7477748
3592 7 3.364565
3592 11 3.029424
3592 14 3.2100654
3592 22 3.2175272
3592 34 2.564868
3594 3 3.1301606
3594 18 1.0
3594 19 1.898325
3594 25 1.0
3594 76 1.8505732
3596 4 2.740093
3596 10 2.6483068
3596 11 2.9722717
3596 16 3.0877752
3596 43 1.9517499
3605 3 3.7167876
3605 7 3.915038
3605 11 3.335079
3605 18 2.4662335
3605 46 3.1708572
3614 4 3.0642319
3614 8 3.071711
3614 9 4.21507
3614 25 2.795684
3614 78 2.1491163
3615 13 2.2044733
3615 23 2.8144164
3615 25 1.5824972
3615 34 1.6429121
3615 49 2.0598817
3624 8 5.0
3624 17 2.4317908
3624 20 3.8916948
3624 27 3.2319229
3624 43 1.9809119
3627 6 2.9977803
3627 25 2.7010977
3627 37 2.965808
3627 47 2.8187423
3627 57 2.0664756
3628 1 2.7481055
3628 13 1.0
3628 20 3.122737
3628 27 2.650172
3628 70 1.532874
3639 4 3.3107464
3639 6 3.4857838
3639 11 3.424089
3639 20 4.1128397
3639 32 3.1740408
3641 3 3.5175166
3641 6 2.972617
3641 11 2.981381
3641 16 3.3246157
3641 52 1.7026716
3651 6 2.4677937
3651 9 3.1519
3651 10 2.744027
3651 21 2.0017018
3651 44 2.7147255
3653 1 3.4969194
3653 13 2.725173
3653 14 3.3770013
3653 26 3.363968
3653 55 2.7256866
3662 2 2.384857
3662 4 2.393828
3662 14 2.6331944
3662 30 1.7965587
3662 44 2.4849007
3665 1 3.0096216
3665 5 3.0186598
3665 12 3.0123744
3665 19 2.6215315
3665 33 2.7709708
3670 1 3.3822215
3670 8 3.603082
3670 13 2.5581129
3670 16 3.8214145
3670 33 2.6081574
3683 1 3.804669
3683 6 3.2578006
3683 10 3.61521
3683 20 3.838532
3683 53 2.6948848
3686 1 3.1463583
3686 9 3.748779
3686 13 2.2477856
3686 18 2.390642
3686 62 3.2908769
3687 2 3.496946
3687 9 3.8796074
3687 16 3.6175196
3687 30 2.8557537
3687 43 2.5780737
3688 2 2.697817
3688 12 2.7657394
3688 18 1.4278572
3688 29 1.405452
3688 47 2.296635
3695 2 3.395249
3695 4 3.122006
3695 16 3.5877502
3695 27 3.3880854
3695 62 3.7388794
3696 7 3.0924757
3696 11 3.2881775
3696 12 3.5784144
3696 27 3.331832
3696 45 2.9367778
3699 3 3.1705854
3699 5 1.8317132
3699 7 2.321087
3699 19 1.992636
3699 45 2.201748
3712 6 2.4004598
3712 14 2.9413364
3712 15 2.9667072
3712 25 2.2104676
3712 36 2.5585794
3717 8 2.8778837
3717 16 2.6060734
3717 18 1.9543825
3717 29 1.9250678
3717 49 2.203526
3725 2 3.138289
3725 8 2.7772458
3725 22 2.999443
3725 33 2.676415
3725 42 3.1898248
3737 1 3.406558
3737 5 3.1249294
3737 11 3.317635
3737 24 2.8835173
3737 42 3.3999631
3738 1 3.6776586
3738 5 2.5116518
3738 10 3.7021713
3738 12 2.77336
3738 22 2.7118165
3739 9 3.6404142
3739 18 2.5443954
3739 21 3.5271316
3739 28 2.982149
3739 56 2.5914028
3742 1 3.1703024
3742 8 2.7251637
3742 13 2.2708168
3742 17 2.0538864
3742 48 3.2527583
3745 3 2.9248884
3745 8 2.7459373
3745 10 2.728234
3745 26 2.7795694
3745 58 2.577428
3750 2 3.756278
3750 13 2.6914752
3750 16 3.4058478
3750 31 3.1737666
3750 37 3.0729523
3756 2 3.11671
3756 4 3.2801723
3756 6 2.6088932
3756 25 2.4658952
3756 61 2.11266
3759 6 1.8693614
3759 22 2.38825
3759 28 2.6116076
3759 30 2.1148744
3759 53 1.3711609
3760 1 3.029828
3760 13 1.9747732
3760 14 3.346292
3760 17 1.1270154
3760 50 1.6040742
3764 2 2.680749
3764 9 3.0818288
3764 15 2.270122
3764 22 2.4821033
3764 51 2.14675
3765 3 3.4824996
3765 21 2.9134405
3765 22 2.7591445
3765 30 2.2179415
3765 82 1.8285391
3770 6 3.1000917
3770 11 3.6333196
3770 14 3.5265045
3770 16 3.4362066
3770 40 2.7370615
3773 3 3.4099278
3773 9 3.1626873
3773 11 2.653981
3773 19 2.1878297
3773 41 1.9351182
3774 1 2.183015
3774 4 2.4995255
3774 21 2.6536984
3774 27 2.7921433
3774 46 2.2889307
3777 1 3.6291316
3777 5 2.8562722
3777 8 3.215169
3777 24 2.5005963
3777 43 2.440298
3778 1 2.9105043
3778 6 2.0668032
3778 10 3.3786075
3778 28 2.784044
3778 70 1.817511
3780 5 2.091355
3780 13 2.4102535
3780 16 2.8481445
3780 21 2.8241086
3780 46 2.4862142
3781 2 2.9260292
3781 10 3.2597451
3781 14 2.5064116
3781 34 2.122209
3781 79 1.9814218
3784 6 2.5677156
3784 10 3.2850418
3784 11 2.7097507
3784 16 2.9457142
3784 43 1.8362486
3790 1 2.8446593
3790 6 2.3252654
3790 12 2.7703533
3790 24 2.022235
3790 47 2.2522793
3794 3 3.6234345
3794 7 3.0230365
3794 8 2.933116
3794 14 3.193984
3794 32 2.952618
3798 1 3.4167762
3798 12 3.6291616
3798 18 2.162916
3798 31 2.8862958
3798 49 2.689143
3800 2 3.3641586
3800 7 3.243718
3800 8 2.9683504
3800 15 3.4735024
3800 50 2.469613
3811 1 3.2977786
3811 20 3.4637203
3811 25 2.8394525
3811 28 3.003264
3811 44 3.0672956
3816 2 3.0734632
3816 9 3.9985354
3816 17 2.2872214
3816 23 3.296217
3816 65 2.5791352
3821 4 2.7899396
3821 9 3.2022161
3821 12 2.71837
3821 15 1.8763292
3821 50 1.5356901
3831 5 2.4216914
3831 8 3.1165621
3831 10 3.3792918
3831 23 3.1724255
3831 32 3.064131
3833 1 2.9590278
3833 10 3.2867017
3833 11 2.8262622
3833 16 3.2874382
3833 53 1.9566852
3834 5 2.737626
3834 7 3.3897562
3834 15 2.7953055
3834 20 3.5201223
3834 29 1.9425862
3841 1 3.3775373
3841 6 3.269418
3841 9 3.6621559
3841 18 2.659406
3841 37 3.6028352
3852 8 2.87048
3852 13 2.0827436
3852 14 3.1477873
3852 27 3.1666129
3852 37 2.2097576
3862 2 3.1052554
3862 9 3.5268059
3862 13 2.002246
3862 23 3.4418306
3862 60 2.0515618
3869 1 3.7002676
3869 5 2.677504
3869 13 2.4243357
3869 38 3.4378245
3869 52 2.862763
3875 2 2.9891407
3875 7 1.7894603
3875 18 1.9872559
3875 27 3.118486
3875 53 2.2383246
3877 1 2.0751
3877 14 2.2356274
3877 21 2.617904
3877 34 1.8020012
3877 71 2.252892
3880 2 3.676177
3880 9 3.6952026
3880 11 3.1533942
3880 17 2.5135207
3880 51 2.8279722
3882 5 1.1285112
3882 8 2.8107362
3882 9 1.7212893
3882 17 1.9008708
3882 35 2.3783636
3884 3 4.1139193
3884 11 3.4364655
3884 22 3.2886684
3884 27 3.7793202
3884 64 2.5668235
3887 6 2.546052
3887 11 3.0539727
3887 14 2.9747822
3887 25 2.1969392
3887 36 2.5176613
3889 6 2.4254968
3889 17 1.989571
3889 18 1.6549673
3889 22 2.6082742
3889 33 2.266688
3892 2 3.2236774
3892 6 2.870107
3892 7 2.907045
3892 16 3.5716422
3892 43 2.3870177
3893 2 3.3368351
3893 4 3.343137
3893 10 3.7745311
3893 14 3.0994747
3893 34 2.6307507
3894 1 3.3882763
3894 6 2.7837718
3894 10 3.447802
3894 23 3.1331003
3894 44 3.0517087
3897 7 3.4053907
3897 12 3.579193
3897 13 2.846612
3897 18 2.4355335
3897 79 2.5667057
3899 1 3.5883338
3899 4 3.327542
3899 5 2.9829872
3899 16 3.5537171
3899 47 3.000445
3900 2 2.0717244
3900 4 1.9661229
3900 7 1.9809875
3900 17 1.3115435
3900 25 1.2440691
3910 5 2.511877
3910 7 2.8984597
3910 9 3.9875324
3910 16 3.1247845
3910 26 2.568318
3914 4 3.349963
3914 9 3.5094643
3914 12 3.5029876
3914 24 2.2024224
3914 51 2.7541492
3928 4 2.914138
3928 10 3.1966605
3928 16 3.473363
3928 24 2.3021011
3928 38 3.6300337
3931 5 3.0825064
3931 11 3.242324
3931 12 3.4547727
3931 24 2.9790459
3931 62 3.5641112
3933 6 3.0371966
3933 9 3.278573
3933 15 2.4595397
3933 24 1.5655875
3933 80 3.0223002
3938 5 2.3172967
3938 7 2.6619203
3938 12 3.313835
3938 19 2.523044
3938 58 2.6929905
3939 2 3.7428317
3939 9 3.7498202
3939 20 3.9715462
3939 28 3.2709892
3939 37 3.2491758
3952 11 2.9829547
3952 23 2.9189575
3952 32 2.7175884
3952 40 2.156446
3952 66 2.6565835
3956 1 3.30703
3956 14 2.9291933
3956 16 3.2265677
3956 30 2.483965
3956 39 2.3660178
3968 1 3.5500371
3968 5 2.359919
3968 10 2.9372048
3968 23 3.1247213
3968 38 3.229517
3971 4 2.8774292
3971 8 2.693178
3971 13 2.1781533
3971 22 3.1236026
3971 64 2.6070254
3972 3 4.1561213
3972 7 3.9369712
3972 11 3.459153
3972 21 3.4869747
3972 59 2.6972518
3996 1 3.655076
3996 4 3.1065943
3996 7 3.058892
3996 17 2.6137197
3996 61 2.232292
3997 3 3.5073893
3997 15 3.692564
3997 19 2.598352
3997 26 2.9804904
3997 85 3.480329
3998 1 3.4754715
3998 3 3.5953236
3998 5 2.843242
3998 13 3.0159547
3998 72 3.0303774
4006 1 3.6370792
4006 5 2.937334
4006 10 3.496648
4006 27 3.6222851
4006 48 3.4844675
4008 1 3.3230133
4008 4 2.9281871
4008 8 2.9691412
4008 24 2.99508
4008 63 2.31158
4009 4 2.888505
4009 15 2.550225
4009 20 3.2540212
4009 37 3.2546954
4009 77 2.9051635
4016 4 3.1052377
4016 7 2.704465
4016 9 3.1111057
4016 13 2.7771773
4016 45 2.6875544
4018 4 2.9551215
4018 9 3.5050826
4018 13 2.7066355
4018 30 2.1985445
4018 74 2.6571898
4019 6 3.2897406
4019 13 2.7322512
4019 17 2.8040478
4019 36 2.887458
4019 51 2.944175
4020 2 3.2188733
4020 13 2.4293406
4020 16 3.0911
4020 28 2.825198
4020 44 3.183903
4026 4 2.354136
4026 9 2.8734498
4026 12 2.6043253
4026 25 1.0
4026 52 1.583459
4031 11 3.4741354
4031 25 2.6627483
4031 33 2.8449664
4031 39 2.8758717
4031 84 2.7913013
4040 2 2.801851
4040 7 2.5705771
4040 11 3.1723871
4040 22 2.5519369
4040 53 2.0694242
4041 4 2.6647673
4041 20 3.380345
4041 21 3.0751197
4041 29 1.8609989
4041 60 1.7328472
4050 4 3.2385514
4050 6 2.696483
4050 15 2.7601645
4050 26 3.1332412
4050 51 2.8864725
4069 2 3.2500937
4069 13 2.4364927
4069 16 3.3703651
4069 24 2.2799482
4069 47 2.9330988
4071 8 2.6385205
4071 14 2.532356
4071 24 2.1884713
4071 30 2.3424087
4071 49 2.3967328
4072 1 2.8319366
4072 5 2.0779824
4072 12 2.8747542
4072 15 2.3824556
4072 32 2.4747648
4073 10 3.1629255
4073 19 1.5731122
4073 20 3.3451176
4073 27 2.5179625
4073 77 2.7964334
4074 2 3.3054442
4074 5 2.9751723
4074 14 3.0860672
4074 26 3.2893002
4074 42 3.6093311
4079 6 2.6241102
4079 10 3.1218803
4079 13 1.3794324
4079 27 3.4390657
4079 45 2.7050374
4081 10 3.3715234
4081 25 2.4293442
4081 27 3.2279077
4081 33 2.4808226
4081 51 2.5071661
4083 4 2.4710345
4083 15 2.550515
4083 21 3.2099042
4083 30 1.9967569
4083 74 2.8394177
4087 2 2.4576805
4087 20 2.9633727
4087 25 1.5549653
4087 32 2.3941448
4087 48 2.8173358
4090 2 3.6656504
4090 4 3.1422915
4090 6 2.9010937
4090 21 3.0675771
4090 87 2.11917
4095 1 2.72717
4095 9 3.3062263
4095 10 3.1703572
4095 14 2.6412783
4095 28 2.5664866
4110 7 3.0503826
4110 15 2.6215878
4110 17 2.1515422
4110 21 3.010664
4110 50 2.174204
4114 3 3.26619
4114 12 3.184269
4114 21 2.837556
4114 33 2.080476
4114 69 2.157609
4115 4 3.208983
4115 6 3.319848
4115 7 3.4818263
4115 14 3.2600348
4115 36 3.0027766
4122 1 2.9657073
4122 7 3.0539088
4122 15 2.832161
4122 20 3.60681
4122 47 2.7948542
4127 1 3.599479
4127 16 3.5648623
4127 17 2.6841078
4127 28 3.3137896
4127 42 3.5127392
4128 4 2.6359687
4128 9 3.5244231
4128 11 2.6914747
4128 15 2.7761421
4128 35 2.3224895
4132 4 3.540627
4132 8 2.9213753
4132 11 3.4046662
4132 14 3.1236632
4132 34 2.9656284
4138 1 3.1780865
4138 4 3.4897585
4138 5 2.7857854
4138 14 3.3779693
4138 29 2.158899
4148 8 2.7371202
4148 19 1.752198
4148 21 2.8270693
4148 26 2.3573475
4148 45 2.1548686
4151 1 3.664309
4151 8 3.483299
4151 10 3.7186186
4151 16 3.6107311
4151 42 3.5508888
4156 8 3.3153505
4156 19 2.852003
4156 21 3.5670533
4156 33 2.8735368
4156 48 3.7421706
4159 1 3.2013934
4159 7 2.4785357
4159 11 2.709316
4159 23 3.1461549
4159 40 2.3859026
4163 4 3.1767628
4163 9 3.3795445
4163 10 3.4540951
4163 19 2.4437852
4163 50 2.0972173
4167 1 3.2239845
4167 5 2.5880284
4167 7 3.168758
4167 24 2.658586
4167 52 2.551404
4172 7 2.958367
4172 13 2.0374079
4172 15 2.4710355
4172 26 2.7753427
4172 42 2.9606602
4173 1 2.9319837
4173 9 2.9574726
4173 11 2.4714103
4173 17 1.8099395
4173 34 1.093962
4174 3 3.078397
4174 5 2.4412975
4174 9 3.3352964
4174 19 2.368048
4174 48 3.2900755
4178 7 2.8726244
4178 17 2.2900481
4178 22 3.091157
4178 33 2.7985842
4178 58 3.0577083
4179 1 3.2232983
4179 6 3.5007315
4179 8 2.9407754
4179 16 3.8745763
4179 54 3.166208
4184 7 3.3416848
4184 12 3.3584762
4184 16 3.408732
4184 24 2.425179
4184 56 2.5315382
4186 5 2.3440359
4186 7 2.69452
4186 9 3.0911117
4186 19 2.2470918
4186 59 2.5046127
4207 1 3.3712
4207 3 3.3574057
4207 8 2.7865217
4207 15 2.796953
4207 59 2.6684387
4208 3 2.8503828
4208 12 2.9438705
4208 13 1.9141214
4208 25 2.0703077
4208 45 2.6122434
4212 3 3.8440273
4212 6 2.2262135
4212 13 2.096242
4212 18 1.8653035
4212 69 2.109778
4213 2 3.4397342
4213 7 3.3271258
4213 9 3.498675
4213 18 2.2467685
4213 54 3.3091695
4215 3 2.985901
4215 13 2.2585022
4215 15 2.2752604
4215 36 2.0889874
4215 61 1.9196187
4221 3 3.0582433
4221 8 2.0091734
4221 13 2.1620336
4221 17 1.419338
4221 64 2.0743864
4224 2 3.0478518
4224 10 3.1391509
4224 17 2.0603247
4224 31 2.374445
4224 76 2.0228977
4231 5 2.5797386
4231 8 2.8917186
4231 11 3.1966002
4231 14 3.6114995
4231 40 2.861011
4236 4 2.838791
4236 15 2.8290381
4236 18 2.1250355
4236 22 2.8308246
4236 42 2.5208204
4242 9 3.7712584
4242 18 2.7279537
4242 21 3.7456667
4242 30 2.651107
4242 61 2.1863353
4248 5 2.4408855
4248 14 2.9132338
4248 32 2.757499
4248 38 3.2567828
4248 62 3.178462
4250 3 3.5164871
4250 9 3.5233257
4250 32 2.9843845
4250 41 2.3072977
4250 61 2.200539
4260 5 1.7990243
4260 13 2.1347384
4260 21 2.735346
4260 26 2.6896205
4260 50 1.836113
4275 3 3.6731489
4275 8 2.627139
4275 19 2.2302287
4275 29 2.0145218
4275 62 3.2127802
4277 7 2.7462206
4277 13 1.7547159
4277 15 2.026029
4277 21 2.8667464
4277 43 1.8352286
4287 1 3.634534
4287 12 3.5624092
4287 16 3.5999172
4287 21 3.5274227
4287 56 2.7614324
4293 4 2.7380934
4293 12 2.895126
4293 14 2.8964474
4293 18 1.5798558
4293 45 2.5582669
4294 1 3.2185595
4294 10 3.3780396
4294 11 3.0966313
4294 25 2.0944374
4294 69 2.3312666
4297 5 2.6971114
4297 8 3.019276
4297 15 2.87503
4297 29 2.2077572
4297 44 3.1897054
4300 1 3.1610303
4300 3 2.6778939
4300 6 2.5202262
4300 25 1.9134904
4300 55 2.332808
4305 16 3.3993437
4305 25 2.412471
4305 26 3.3815012
4305 34 2.3167026
4305 63 2.3828626
4307 1 2.8590343
4307 4 3.310275
4307 7 3.0549777
4307 14 3.5509012
4307 26 3.0107548
4317 4 3.4085855
4317 11 3.4342074
4317 21 3.034063
4317 26 3.0711722
4317 70 1.8114047
4320 2 3.1263044
4320 4 2.7121544
4320 7 2.5828993
4320 11 2.779039
4320 30 2.4464254
4330 2 2.94326
4330 15 2.5280762
4330 22 2.8311145
4330 27 3.126595
4330 64 2.1937802
4333 1 3.201905
4333 15 2.2207003
4333 30 2.298383
4333 40 2.3483832
4333 66 2.613621
4335 2 2.207197
4335 8 3.0540855
4335 14 3.028487
4335 24 2.349708
4335 68 2.1193268
4339 4 2.570271
4339 8 2.7891424
4339 9 3.236369
4339 20 2.5289788
4339 65 2.0356143
4342 1 3.368061
4342 9 3.452795
4342 20 3.6086967
4342 29 2.6628869
4342 56 2.3417907
4345 3 3.7054358
4345 11 3.2196393
4345 12 3.330448
4345 19 2.632848
4345 54 3.3697007
4346 1 3.5528939
4346 5 3.1506016
4346 13 2.6304226
4346 19 2.407348
4346 43 2.2705493
4348 4 2.4091947
4348 9 3.3254023
4348 11 2.6657536
4348 22 2.6658123
4348 37 2.4363155
4354 2 2.814654
4354 4 2.3595479
4354 8 2.6114626
4354 18 1.2463871
4354 77 2.6211019
4356 3 3.6548762
4356 15 2.885146
4356 18 2.44648
4356 24 2.6493065
4356 49 2.614411
4370 2 3.5455155
4370 9 3.6571045
4370 10 3.4328785
4370 19 2.7231643
4370 34 2.4641433
4371 1 2.938431
4371 3 2.1908703
4371 5 1.0
4371 13 1.3465028
4371 40 2.0535498
4375 6 2.5254164
4375 13 1.4511538
4375 16 3.0232618
4375 24 1.9352547
4375 64 2.200377
4382 1 3.2560232
4382 6 2.8549054
4382 10 3.1102464
4382 20 3.1976764
4382 44 2.8720467
4385 1 2.8398523
4385 4 2.768415
4385 6 2.5481613
4385 24 1.5898771
4385 35 2.3171637
4386 2 2.8435721
4386 4 2.5126665
4386 10 3.2111905
4386 24 1.6327496
4386 59 2.0848265
4388 3 3.1980324
4388 9 3.5158894
4388 10 3.130787
4388 18 1.4336256
4388 64 2.1931474
4396 1 3.1346917
4396 5 2.4042852
4396 15 2.4722583
4396 28 2.971464
4396 42 3.1744204
4404 10 3.1242576
4404 19 2.1916163
4404 20 3.4003375
4404 47 2.442642
4404 86 2.0585325
4407 3 3.2993472
4407 11 3.0084186
4407 19 2.3618858
4407 22 2.586056
4407 32 2.806484
4410 1 3.7918699
4410 3 3.7540572
4410 9 3.5671859
4410 15 2.928155
4410 70 2.1885672
4414 1 2.9972615
4414 7 3.2480688
4414 8 2.506566
4414 18 1.2548041
4414 68 2.283605
4417 1 3.4709687
4417 11 3.1714337
4417 24 2.4603195
4417 34 2.5943599
4417 48 3.3038106
4424 3 3.3804626
4424 9 3.082934
4424 12 3.314151
4424 23 3.340351
4424 38 3.38257
4426 6 3.252431
4426 21 3.4197464
4426 22 3.0167353
4426 29 2.3223543
4426 68 2.6072412
4427 2 2.9446707
4427 10 2.8772964
4427 11 2.7918422
4427 26 2.7435193
4427 49 2.213715
4429 4 2.8583162
4429 15 2.612858
4429 16 3.135809
4429 24 2.3492768
4429 35 2.6085608
4453 16 3.0812333
4453 23 3.2099864
4453 25 2.347384
4453 29 1.4658587
4453 42 2.9399981
4455 4 3.0129254
4455 7 2.9972699
4455 11 2.9639578
4455 13 2.2747974
4455 26 2.852853
4460 4 3.06576
4460 7 2.670251
4460 8 2.4572513
4460 22 2.7846842
4460 62 3.4857135
4463 2 3.1773868
4463 11 3.0559647
4463 13 2.487636
4463 28 2.991211
4463 52 2.4705763
4475 4 2.8829195
4475 8 2.7369788
4475 9 2.9952729
4475 26 2.7670255
4475 42 2.8124194
4484 2 3.1987426
4484 9 3.6188087
4484 10 3.449487
4484 19 2.5082526
4484 48 3.3701053
4487 7 3.2783794
4487 11 3.2986345
4487 12 3.2323046
4487 22 2.9841266
4487 30 2.6268027
4488 9 3.8201199
4488 15 3.087438
4488 16 3.558032
4488 23 3.5905974
4488 35 3.025989
4491 2 3.4512346
4491 20 3.705939
4491 21 3.5678046
4491 25 2.351
4491 45 2.447063
4498 1 4.016443
4498 5 3.3525536
4498 14 3.201641
4498 23 3.484077
4498 34 2.6122236
4503 4 2.747986
4503 12 2.9366531
4503 18 1.7929935
4503 26 2.6266015
4503 40 2.2324922
4504 6 2.7667918
4504 13 2.898118
4504 15 3.1719997
4504 20 3.838063
4504 52 2.341397
4507 2 2.6846983
4507 8 2.7945771
4507 13 2.4212558
4507 17 2.5403805
4507 30 2.2702332
4514 3 3.5348287
4514 5 3.229882
4514 9 3.5815635
4514 12 3.7854965
4514 44 3.180235
4522 2 3.2351696
4522 16 3.6513963
4522 17 2.5810246
4522 40 2.655997
4522 78 2.3416562
4525 11 2.6806145
4525 23 2.6131854
4525 28 2.3638833
4525 43 1.6127572
4525 91 1.0
4526 6 2.4665644
4526 25 1.9907074
4526 32 2.729965
4526 41 1.6236701
4526 69 2.4560585
4531 1 3.8453636
4531 9 3.5034065
4531 11 3.6247942
4531 27 2.9531665
4531 35 2.718164
4533 1 3.2197318
4533 7 3.4411004
4533 10 3.4604352
4533 15 3.0072296
4533 49 2.6554058
4534 3 3.2886147
4534 10 3.2575245
4534 12 2.943543
4534 19 2.3813827
4534 64 2.4825897
4536 10 3.0942738
4536 27 2.9721
4536 44 2.8664503
4536 53 1.9488636
4536 64 2.194136
4541 2 2.2144082
4541 17 1.4024632
4541 18 1.5388576
4541 25 1.6729854
4541 50 1.4209353
4545 6 2.8249865
4545 12 3.2465956
4545 13 2.7070594
4545 31 2.6358461
4545 39 2.5047429
4547 3 3.5939095
4547 10 3.5692503
4547 12 3.5319266
4547 37 3.0141408
4547 75 2.4861443
4552 1 3.435396
4552 13 2.9593143
4552 19 2.9168336
4552 34 2.4707825
4552 67 2.623861
4556 2 2.6321323
4556 9 3.114408
4556 18 1.652997
4556 26 2.4468627
4556 37 2.5109997
4561 10 3.4943898
4561 19 2.3693419
4561 26 2.9107387
4561 46 2.577115
4561 77 3.6040964
4562 11 3.0344565
4562 17 2.7680519
4562 18 2.0429459
4562 21 3.6303113
4562 65 2.3032835
4565 1 3.6149147
4565 5 2.6417365
4565 6 2.9532778
4565 34 2.6306913
4565 64 2.4204211
4566 1 3.0565264
4566 9 3.3240175
4566 12 2.601133
4566 39 2.2505388
4566 62 3.190973
4571 1 2.8644283
4571 5 3.1202822
4571 6 2.7404556
4571 10 3.3959882
4571 33 2.115933
4573 8 2.9384384
4573 16 3.1530604
4573 19 2.2538972
4573 32 2.7768557
4573 43 1.7979114
4576 1 3.222041
4576 8 2.5486493
4576 9 3.3576555
4576 26 2.7018297
4576 50 1.850018
4577 8 2.729119
4577 16 3.0409539
4577 19 1.6308721
4577 31 1.0
4577 78 1.4417894
4578 10 3.2412508
4578 13 2.8447628
4578 23 3.1692152
4578 38 3.3356657
4578 78 2.1554134
4579 3 3.1335728
4579 9 2.996413
4579 13 1.6287538
4579 24 2.0442266
4579 49 2.213153
4581 1 3.7069402
4581 4 3.5415022
4581 7 3.6134949
4581 13 2.992608
4581 61 2.402215
4585 9 3.9341545
4585 13 2.8652265
4585 18 2.5096695
4585 20 3.736529
4585 56 2.3864958
4590 2 2.7496934
4590 6 2.1085439
4590 7 2.8419425
4590 11 2.915608
4590 37 2.4364505
4596 4 2.810924
4596 7 2.2356162
4596 8 3.266754
4596 13 2.374316
4596 39 2.170144
4598 1 3.3948557
4598 20 3.6164653
4598 29 2.3559139
4598 47 2.7976742
4598 73 2.5955255
4615 1 2.993852
4615 12 3.0258915
4615 13 1.8305728
4615 20 3.232472
4615 36 1.6790333
4624 1 3.3793595
4624 4 3.2491198
4624 8 2.6404116
4624 10 3.3898265
4624 17 2.3943756
4628 2 3.2891104
4628 15 3.0907683
4628 17 2.277078
4628 34 2.2520056
4628 72 2.9188704
4639 2 3.180387
4639 14 3.2321386
4639 27 3.2882617
4639 30 2.4709764
4639 64 2.729056
4652 2 3.0267541
4652 11 3.127091
4652 23 3.2567186
4652 31 2.1121755
4652 58 2.5892484
4654 1 2.6818848
4654 7 2.2978096
4654 11 2.8213344
4654 23 2.4191234
4654 41 1.1685348
4660 1 3.6268766
4660 9 3.8020823
4660 15 3.0974824
4660 49 2.5280323
4660 88 2.1261308
4669 2 3.049221
4669 8 2.6521094
4669 9 3.0204515
4669 11 2.9882436
4669 64 2.165513
4679 5 2.0752892
4679 10 3.0137045
4679 14 2.1791263
4679 21 2.7495897
4679 30 2.264772
4681 2 2.6643727
4681 7 2.5597496
4681 16 2.9896326
4681 27 3.2383
4681 62 2.9106622
4693 6 2.948691
4693 12 3.1614203
4693 13 2.6648402
4693 15 2.8421416
4693 59 2.2338624
4694 2 3.3862572
4694 13 2.4605095
4694 14 3.3659947
4694 21 3.1278212
4694 57 2.10358
4698 6 2.6875978
4698 12 3.0959842
4698 15 2.5750592
4698 21 3.0603182
4698 61 2.4402256
4704 2 3.0646164
4704 5 3.0225823
4704 6 2.4123416
4704 13 2.4548671
4704 88 2.1033182
4705 3 3.0180626
4705 13 2.6992617
4705 14 3.1520317
4705 30 2.4483664
4705 48 3.526554
4707 2 3.5139093
4707 6 2.8822606
4707 11 3.5934463
4707 17 2.733345
4707 32 2.999677
4713 8 2.960042
4713 12 2.9072545
4713 17 2.0904014
4713 33 2.553873
4713 62 3.2482932
4715 3 3.2446125
4715 23 3.077302
4715 24 2.1928344
4715 34 1.8070047
4715 48 2.8997257
4721 2 3.502919
4721 9 3.8855803
4721 10 3.7640438
4721 15 3.1528986
4721 20 3.9149764
4723 2 3.2327924
4723 10 3.2211466
4723 14 3.1521394
4723 17 2.3286135
4723 32 3.1197689
4727 1 3.732642
4727 3 3.6939607
4727 4 3.1566684
4727 8 3.073684
4727 23 3.712776
4732 1 2.7172
4732 4 2.9248745
4732 9 3.601239
4732 19 2.492716
4732 64 2.4657786
4736 1 3.1967738
4736 7 3.0110192
4736 8 2.891682
4736 13 2.6755402
4736 24 2.1541877
4739 1 3.3581808
4739 8 2.8420525
4739 11 3.885446
4739 18 2.6777
4739 26 2.7809463
4740 3 3.7066417
4740 13 2.6324348
4740 14 3.1353865
4740 18 2.691904
4740 43 2.3672643
4743 1 3.0791113
4743 11 3.209114
4743 15 2.5507948
4743 22 3.2227945
4743 65 2.3845568
4747 1 3.2901409
4747 7 2.2850747
4747 8 2.839881
4747 13 2.3590004
4747 18 2.0535092
4749 3 3.7584436
4749 7 3.2828186
4749 8 3.7495508
4749 18 2.5635304
4749 39 2.6806605
4752 1 2.4417334
4752 6 1.9204654
4752 15 1.0
4752 22 1.8736883
4752 53 1.0
4754 2 2.9018016
4754 4 2.8652177
4754 5 2.952152
4754 16 2.8855553
4754 48 3.2273548
4755 2 2.6477535
4755 8 1.7395445
4755 26 2.7092
4755 28 2.6700625
4755 45 2.5782323
4759 4 2.9799435
4759 9 3.9683022
4759 15 2.8675659
4759 18 2.0807908
4759 46 2.8955922
4772 1 3.6404154
4772 6 3.2170792
4772 8 3.2974787
4772 23 3.456886
4772 58 3.0941052
4777 5 1.9772298
4777 11 2.3610313
4777 13 1.9605342
4777 18 1.6297462
4777 31 2.141044
4779 1 3.6954908
4779 8 3.3366768
4779 13 2.890785
4779 38 3.8676612
4779 60 2.3671649
4782 1 3.743031
4782 19 2.6852007
4782 28 3.2178428
4782 37 3.0572264
4782 78 2.3387623
4784 1 2.786072
4784 14 3.553384
4784 16 3.3637083
4784 30 2.2100646
4784 43 2.0981803
4787 1 3.3462765
4787 10 3.7228613
4787 13 3.023323
4787 17 2.3561513
4787 43 2.2915199
4793 4 2.1244252
4793 8 2.7832916
4793 9 3.400703
4793 16 2.8646307
4793 41 1.9997344
4798 1 3.6416748
4798 15 2.8808467
4798 27 3.3107803
4798 48 3.7325048
4798 66 2.905098
4804 1 2.8423681
4804 4 2.2277098
4804 5 1.9616423
4804 15 2.3678124
4804 39 2.0900054
4816 1 2.6070135
4816 9 2.875409
4816 15 2.20209
4816 19 1.4219277
4816 57 1.0
4825 2 2.9855456
4825 13 1.5707228
4825 21 2.6175156
4825 38 3.319185
4825 66 2.450201
4831 1 3.2380915
4831 5 3.1930838
4831 6 2.8188684
4831 17 2.6256785
4831 24 2.4071822
4840 5 2.3247714
4840 10 3.866652
4840 15 3.1789553
4840 29 2.198604
4840 70 2.087821
4848 3 3.6776836
4848 5 3.5104818
4848 6 3.745044
4848 15 3.100285
4848 36 3.173726
4852 2 3.3689797
4852 10 4.0268803
4852 12 3.4852643
4852 19 2.7506483
4852 66 2.9874723
4858 5 2.6245933
4858 13 2.4849687
4858 14 2.9329855
4858 42 3.127246
4858 69 2.57029
4860 4 2.8192835
4860 9 3.1876876
4860 14 2.7486308
4860 22 2.5936913
4860 68 2.2592905
4864 6 2.2902546
4864 10 3.060181
4864 13 1.8670833
4864 16 2.80378
4864 28 2.6312253
4867 2 3.5563183
4867 9 3.9389796
4867 14 3.483488
4867 16 3.6768918
4867 49 2.998409
4868 1 2.976918
4868 8 3.0468829
4868 15 2.7003844
4868 24 2.5235534
4868 70 1.8239895
4881 1 3.152248
4881 10 3.5595174
4881 15 3.0076756
4881 27 3.540503
4881 61 2.3966756
4884 2 2.724877
4884 8 2.426004
4884 9 2.2999291
4884 13 1.9143363
4884 31 1.0206456
4887 3 3.5825288
4887 7 2.8179243
4887 12 2.8913102
4887 41 1.3962791
4887 56 2.0146556
4903 5 2.485107
4903 13 1.8565722
4903 15 2.594071
4903 19 2.042482
4903 29 1.4638666
4908 3 3.4397721
4908 10 3.7557554
4908 13 2.9067397
4908 24 2.4119358
4908 42 3.7546368
4909 1 3.333224
4909 5 2.4381964
4909 13 2.3110268
4909 19 2.3254936
4909 38 3.8296704
4913 1 3.5065355
4913 5 3.1973763
4913 9 3.732873
4913 27 3.4284704
4913 51 3.1900065
4917 1 3.5876365
4917 5 2.86188
4917 6 3.2086809
4917 15 3.0027754
4917 56 2.3636446
4919 5 2.60932
4919 17 2.1556876
4919 22 2.9226365
4919 34 1.9793721
4919 56 2.1602855
4921 2 2.9934864
4921 12 3.4557915
4921 15 2.8195615
4921 21 3.0893793
4921 62 3.3974874
4923 1 3.033948
4923 9 3.26259
4923 12 2.450643
4923 18 1.5106382
4923 32 2.5666294
4936 3 3.0433655
4936 11 2.7057896
4936 12 2.7354093
4936 22 2.6051712
4936 78 1.6003076
4946 5 2.1591501
4946 18 1.7918384
4946 30 1.8466156
4946 42 2.760774
4946 70 1.8215725
4948 12 3.6841202
4948 16 3.3325856
4948 18 2.3425586
4948 22 3.3738716
4948 36 2.466131
4959 3 3.315468
4959 9 3.5618205
4959 19 2.2800567
4959 24 2.2773006
4959 47 2.407349
4960 2 3.5009181
4960 6 2.5787518
4960 14 3.2828162
4960 21 3.3733692
4960 31 2.4528513
4962 2 3.5913603
4962 16 3.5163085
4962 17 2.2832763
4962 29 2.2965279
4962 56 2.5210824
4967 1 3.7148907
4967 10 3.705718
4967 15 3.2817779
4967 36 3.2782478
4967 54 3.5282407
4976 4 2.2564852
4976 9 2.3713503
4976 11 2.6030881
4976 15 1.2726501
4976 38 2.3589578
4978 1 3.2555237
4978 12 3.3530014
4978 18 2.1099153
4978 37 2.793374
4978 61 2.214925
4983 1 2.9857671
4983 8 2.7299526
4983 12 2.7068434
4983 14 2.3873358
4983 27 2.791531
4985 1 2.6529763
4985 10 2.9775329
4985 12 2.802309
4985 19 1.9956378
4985 49 1.6032181
4990 4 2.607457
4990 9 3.142557
4990 10 3.096564
4990 16 2.430828
4990 77 2.4012098
4992 3 3.3080745
4992 8 3.007634
4992 12 3.2439282
4992 24 2.2754626
4992 33 2.3179283
4996 4 3.158385
4996 9 3.799753
4996 14 3.2098622
4996 18 2.1985939
4996 32 2.9733322
