4 1 3.066316
4 5 3.3056498
4 6 2.8498347
4 10 3.5003703
4 41 2.0688982
7 3 3.984827
7 5 3.3218672
7 6 3.0537927
7 11 3.5146637
7 79 2.5060189
16 1 3.8763444
16 12 4.3779197
16 13 3.717671
16 34 3.582184
16 66 4.1979284
17 1 4.071382
17 7 2.5442379
17 11 3.6153498
17 18 2.387437
17 32 2.6987507
21 4 2.9020038
21 12 3.1712236
21 15 2.5559704
21 21 2.7222047
21 39 1.0
23 2 2.1381028
23 8 1.2893589
23 14 1.6951385
23 32 1.5197352
23 85 2.4899993
41 8 2.6231897
41 16 3.2630484
41 18 2.3378482
41 24 2.4551063
41 38 2.9101655
42 1 4.9032683
42 12 2.4672709
42 18 1.0
42 29 1.046873
42 55 1.0
51 2 3.2683105
51 6 2.7471907
51 9 3.6720736
51 35 2.68075
51 62 3.4714303
58 5 1.0
58 9 1.5460899
58 10 1.0761273
58 18 1.0
58 39 1.0541606
60 1 2.6513684
60 12 3.5451643
60 18 2.258222
60 57 1.0
60 88 3.3369522
61 1 4.317351
61 10 4.261869
61 12 4.0380707
61 18 2.9407434
61 50 3.2848444
62 1 1.3508435
62 6 1.0
62 14 2.446321
62 38 2.0653055
62 54 3.3252892
67 2 4.6780214
67 17 3.5210936
67 18 3.5512772
67 24 3.941507
67 35 4.1620903
69 2 2.2576892
69 11 1.5613611
69 12 2.7854981
69 14 2.3563085
69 26 1.7211132
72 3 2.0909243
72 8 1.9511223
72 9 3.489466
72 15 2.286456
72 38 4.9376254
91 2 4.218128
91 16 4.297755
91 17 3.647685
91 21 4.077841
91 58 3.9970593
101 2 4.3861914
101 5 3.9112139
101 6 3.818306
101 15 3.858658
101 38 4.6391234
104 2 1.6625897
104 6 3.2350502
104 7 5.0
104 19 1.0
104 63 1.0
105 3 4.68679
105 10 3.5432537
105 12 3.90133
105 21 3.210434
105 52 2.442115
109 3 3.474142
109 5 2.4808857
109 14 2.97155
109 28 2.7288942
109 49 1.8328955
114 4 2.3059428
114 10 2.6801672
114 14 1.0
114 27 2.332687
114 39 1.3897054
134 5 1.1804881
134 16 2.0724044
134 18 1.2739593
134 27 3.8361115
134 65 1.5879564
143 1 3.7473693
143 9 2.7953851
143 10 3.3504329
143 27 1.9520445
143 37 4.3052816
144 1 1.3876635
144 3 4.0690703
144 7 3.9675996
144 15 3.0130246
144 43 2.5674157
152 2 2.433045
152 8 3.2982056
152 9 3.2879698
152 12 2.3473845
152 32 2.466845
154 1 2.5572555
154 3 4.367597
154 5 3.007193
154 14 3.86448
154 31 2.874536
158 4 3.9545774
158 7 3.549227
158 13 3.262706
158 18 2.8561869
158 45 3.4496994
168 6 4.8746233
168 11 3.7313037
168 13 3.110912
168 23 3.9031534
168 56 3.064505
177 2 3.7268429
177 5 3.0537899
177 13 2.4991176
177 18 2.3268695
177 48 3.5357442
180 3 3.2696445
180 8 3.3342967
180 9 3.738237
180 11 3.593608
180 30 1.0
187 4 1.0
187 10 2.9750845
187 17 1.091564
187 39 1.0
187 65 1.0
190 2 1.0
190 4 1.0
190 13 1.0
190 25 1.0
190 65 1.0
191 4 3.587093
191 6 3.230739
191 15 3.9544234
191 22 3.5113728
191 33 3.0840545
192 2 4.00904
192 9 4.369917
192 15 3.018211
192 28 3.6452675
192 36 3.0493164
193 4 2.3028853
193 6 3.679143
193 7 1.7802379
193 16 3.0215578
193 38 2.6809855
197 2 2.6474135
197 12 2.2139726
197 13 2.7502558
197 20 2.3456526
197 40 3.064809
200 6 5.0
200 16 4.0368023
200 17 3.3641143
200 45 3.486642
200 67 1.0
201 7 3.3177383
201 10 3.7460935
201 14 2.8456192
201 21 3.4151206
201 33 2.9541287
217 5 2.7070851
217 8 2.845688
217 17 2.3441052
217 27 3.2242098
217 53 2.2820024
223 2 3.2971592
223 5 3.2099812
223 7 2.7847633
223 13 2.989934
223 44 2.0739493
233 5 3.3158898
233 10 3.808418
233 11 3.6281314
233 15 3.2660143
233 56 3.020822
235 4 2.1041238
235 9 2.4914765
235 11 1.8349845
235 17 1.2095051
235 38 2.678803
237 1 2.5642638
237 10 2.451735
237 12 3.2685225
237 19 2.071981
237 43 1.6388903
239 1 4.1837344
239 9 4.376583
239 19 3.4459772
239 27 4.094407
239 76 5.0
248 1 3.1508443
248 6 2.7698262
248 9 3.3499131
248 16 3.149121
248 30 1.1383599
251 6 1.9958075
251 11 3.3099
251 16 2.4313107
251 21 2.457046
251 37 2.0340328
252 3 3.8200815
252 10 3.8444853
252 12 3.9279976
252 15 3.4640343
252 48 3.1942587
261 4 2.181489
261 7 1.5864935
261 10 2.4456613
261 20 2.244587
261 51 2.072618
265 1 3.5693321
265 15 2.978476
265 18 1.91685
265 29 2.5631237
265 56 2.4441268
266 7 3.285806
266 11 3.4148712
266 15 2.6330032
266 32 3.0255332
266 74 3.235697
271 2 3.227858
271 10 2.9790232
271 11 2.9760118
271 30 2.7599978
271 38 4.081717
272 3 3.9486737
272 5 3.0386298
272 6 3.5591898
272 15 3.114759
272 26 3.254386
278 1 4.237351
278 15 3.753315
278 16 4.1323996
278 31 3.4012845
278 52 3.2399328
283 1 2.3414237
283 9 2.117974
283 12 1.7135969
283 23 2.0340018
283 28 1.433971
290 3 1.738856
290 12 2.418602
290 14 1.8702788
290 22 1.5465318
290 64 3.1712208
291 2 2.1081226
291 11 1.8394121
291 13 1.2983466
291 24 1.3936317
291 40 1.3619473
301 1 4.3493204
301 13 2.7277164
301 17 2.2844133
301 24 2.8834772
301 55 2.9206405
303 1 4.0655847
303 5 3.6621394
303 15 3.88446
303 23 4.139073
303 50 2.998817
318 2 3.1977355
318 5 3.2784438
318 10 3.4477463
318 15 3.0090249
318 57 1.9145957
319 7 3.5212126
319 12 3.8987024
319 15 3.0508165
319 19 3.0509725
319 57 3.2255232
321 1 3.3119798
321 7 3.0276794
321 8 2.665331
321 14 3.2756865
321 21 3.2306085
325 2 3.7915082
325 9 4.2613144
325 10 4.122099
325 16 4.0307107
325 35 3.4576542
328 5 1.0
328 16 1.5497262
328 23 3.2481313
328 27 2.4817772
328 73 2.9569702
333 2 1.9133437
333 12 2.1692219
333 13 1.0
333 16 2.523894
333 45 1.0
343 4 2.6103716
343 9 4.032682
343 11 3.166837
343 18 2.2837625
343 72 5.0
346 4 3.4056075
346 8 3.5460799
346 12 3.0984695
346 26 3.8094249
346 47 2.6848469
351 1 3.4473577
351 7 3.4728992
351 15 3.2628355
351 36 2.6507635
351 44 5.0
354 4 1.6894143
354 8 1.0
354 9 2.4874744
354 30 1.0
354 67 1.0
367 14 2.8021207
367 18 1.435744
367 20 3.8270404
367 41 1.0
367 75 1.9425739
369 3 3.068482
369 14 3.1018507
369 22 3.5476036
369 26 2.382861
369 49 1.8734922
372 1 3.0361278
372 10 3.0957234
372 16 2.5821311
372 28 2.4986894
372 65 1.825744
376 4 4.055216
376 6 3.774446
376 9 4.751261
376 20 4.783954
376 67 3.6311378
378 7 3.7442822
378 15 3.5104818
378 16 3.9390836
378 27 3.8578668
378 66 3.4498196
379 1 3.6500435
379 5 2.9099483
379 7 3.661421
379 13 2.5046895
379 71 1.0
380 3 3.8760734
380 8 2.4428673
380 13 2.4757965
380 20 3.4303186
380 59 1.8528669
382 2 2.7644753
382 5 2.2261453
382 9 3.2746942
382 14 2.8100803
382 68 2.1372538
384 2 3.692235
384 4 3.6155293
384 6 3.3904023
384 18 2.6968133
384 82 3.5039759
385 1 2.3272908
385 3 2.0479217
385 6 1.5852135
385 9 2.5483322
385 25 1.4971638
386 1 3.7642198
386 9 4.3045816
386 14 3.878063
386 20 4.37404
386 44 5.0
395 2 3.2986786
395 8 2.1997862
395 9 3.6476161
395 14 3.1597638
395 27 3.0524962
397 2 3.059625
397 7 2.8536286
397 10 3.1979303
397 18 1.5707592
397 43 2.0133443
401 1 3.6078694
401 4 3.5020835
401 9 3.7827876
401 33 2.6079953
401 59 4.075471
413 6 3.691918
413 8 1.0
413 11 2.2686417
413 16 2.32407
413 29 1.0
414 2 2.5288458
414 7 2.1711903
414 14 2.5943139
414 31 2.227807
414 63 1.8249747
426 2 3.7323787
426 12 3.685918
426 19 3.0024397
426 42 3.5663476
426 63 3.0736694
427 2 2.7039456
427 8 1.7990087
427 11 2.1968665
427 19 1.6754627
427 42 2.45929
433 3 3.615927
433 5 2.6212213
433 17 2.4637792
433 31 2.4050763
433 80 3.400748
434 2 3.6672673
434 8 2.8195763
434 9 3.9008093
434 23 3.5610967
434 64 3.147518
435 5 3.0037832
435 7 3.4148896
435 10 3.7428172
435 27 4.0579395
435 52 2.8561373
441 2 3.778976
441 11 3.9499693
441 13 3.179378
441 23 4.321566
441 48 3.3862216
448 2 3.4322174
448 4 3.6717215
448 12 3.3556576
448 16 3.3242135
448 33 3.320777
456 2 4.2762737
456 6 2.953198
456 7 4.117615
456 24 3.699273
456 45 3.960059
468 3 3.1660647
468 6 2.7785542
468 8 1.8703578
468 25 1.0
468 73 1.0
473 1 3.5060527
473 3 3.5814195
473 7 3.1854618
473 22 3.2612698
473 63 2.983184
480 7 1.7339526
480 12 3.0719776
480 14 1.8960899
480 25 2.1914964
480 83 1.0
486 2 2.988979
486 4 3.3000908
486 10 3.7459092
486 21 3.2484736
486 52 1.6729302
491 3 3.538589
491 5 2.6265147
491 8 3.1818433
491 21 3.130748
491 49 2.3655562
500 4 4.218683
500 16 4.085149
500 18 3.3014169
500 22 4.0155005
500 56 3.4619377
501 8 1.183643
501 22 3.1871665
501 35 2.9500008
501 46 2.8645196
501 86 1.7792553
506 1 3.1014671
506 9 2.7829
506 13 1.6317258
506 17 1.4890552
506 31 1.6070619
516 1 4.526177
516 8 4.0369096
516 12 3.7647128
516 15 3.7404828
516 47 3.4377367
528 2 3.269979
528 10 4.0582433
528 17 3.1335893
528 24 2.2785041
528 41 2.3837793
532 3 4.043197
532 6 3.0468068
532 8 3.269651
532 15 3.3258283
532 36 2.8842137
535 1 1.2305183
535 4 3.128067
535 6 2.94493
535 11 3.249225
535 48 5.0
536 5 3.7387328
536 9 4.5039053
536 11 4.082988
536 17 3.3393605
536 40 3.6151123
539 1 3.6052
539 7 1.6051259
539 8 1.4334135
539 11 3.303567
539 36 1.2854414
546 9 3.9670591
546 21 3.3488073
546 27 3.6700783
546 39 2.5406728
546 77 3.4466147
547 1 2.567642
547 10 2.8684397
547 14 2.9788387
547 19 2.0921533
547 42 2.99014
554 4 2.42256
554 6 1.7565007
554 9 3.1503758
554 17 1.6342963
554 25 1.6551939
558 2 1.8468425
558 4 1.0
558 10 1.7521924
558 19 1.0
558 37 3.0137272
560 1 2.3760898
560 5 2.18933
560 8 2.167382
560 12 2.7117155
560 19 1.573627
562 4 3.8355138
562 12 3.6648884
562 14 3.3982472
562 17 3.2810736
562 29 2.8812754
566 2 3.5639
566 6 3.3777192
566 10 3.9227595
566 17 3.1169045
566 36 3.5039148
570 1 2.6495004
570 10 3.2886462
570 13 1.8327463
570 29 1.7681819
570 62 3.268105
575 1 3.80719
575 18 1.9221117
575 19 1.9680953
575 24 2.0923417
575 47 1.1474205
577 1 3.1004245
577 6 2.9076478
577 18 1.272877
577 28 2.769207
577 37 2.8108678
580 10 3.5264404
580 12 3.465127
580 17 2.7218099
580 21 3.3966594
580 29 2.465032
584 2 3.2290592
584 10 3.2010663
584 11 3.4430995
584 26 3.5813718
584 42 3.545514
588 6 3.832594
588 11 4.049171
588 12 4.101709
588 23 4.483721
588 67 3.1973946
614 2 3.609738
614 21 3.5253103
614 26 4.2352157
614 29 1.7562518
614 64 2.8390172
616 4 2.9352593
616 13 2.0113518
616 15 2.2986574
616 27 2.8846579
616 62 2.8430815
629 2 3.3132894
629 27 3.1069143
629 31 3.4553328
629 49 2.6576488
629 60 2.5075736
631 5 1.0
631 10 2.0324736
631 16 1.5673307
631 20 1.2607784
631 35 1.4149778
632 4 1.3484179
632 8 3.5489821
632 10 3.0857642
632 25 1.6802268
632 42 2.823948
636 2 4.2309403
636 6 2.0710356
636 18 3.062037
636 24 3.3231478
636 37 3.907196
643 4 3.5829387
643 31 2.953135
643 33 3.3813002
643 46 5.0
643 80 3.364861
655 3 3.5032446
655 9 3.283533
655 14 2.5890925
655 18 2.1262193
655 27 3.5903206
656 11 2.4407961
656 16 2.8604765
656 18 1.5686566
656 29 1.3628983
656 48 2.7423148
665 1 4.022441
665 17 2.8295913
665 18 2.674985
665 24 2.8924494
665 30 4.92276
671 1 1.0
671 6 1.8357832
671 9 3.4682481
671 18 2.0227637
671 47 2.672602
675 16 2.6635444
675 21 2.6756008
675 28 1.6570394
675 36 1.9140109
675 60 1.0
678 3 3.369358
678 10 4.0450377
678 14 3.080344
678 26 2.3753548
678 49 3.0976286
681 3 1.3073391
681 8 1.0
681 10 1.0
681 28 1.0
681 55 1.0
695 2 2.484707
695 15 1.5634987
695 21 2.8461108
695 32 2.3534079
695 56 1.8546593
697 1 1.0
697 3 3.461208
697 8 1.0
697 15 2.1554918
697 38 3.8279881
713 1 3.1286314
713 23 3.1625774
713 34 2.342277
713 54 3.6629512
713 64 2.258896
715 7 3.6253688
715 9 2.924108
715 13 1.8611047
715 24 1.2594018
715 50 1.0
717 3 1.7214161
717 6 4.7221575
717 30 1.0
717 53 1.0
717 73 5.0
723 1 2.641136
723 7 1.459702
723 9 2.937814
723 24 2.0538554
723 47 2.3938782
728 7 2.2536829
728 19 2.5909219
728 21 3.459145
728 28 3.0567524
728 48 3.3855891
735 3 4.2874017
735 6 3.8121011
735 8 3.8536286
735 22 3.6515892
735 71 3.4897814
742 4 4.0964584
742 6 3.681745
742 8 5.0
742 14 4.3805437
742 75 3.6727824
752 3 3.6589797
752 5 2.5933762
752 7 2.4440389
752 19 2.9798937
752 55 3.1061444
753 1 4.0374103
753 11 3.8539312
753 12 3.8173811
753 22 3.636345
753 54 4.065958
759 3 3.6349752
759 6 3.5175328
759 7 2.7034655
759 15 3.0645053
759 56 2.0993588
760 1 2.8686225
760 6 2.3395984
760 21 3.0217106
760 28 2.5030584
760 35 2.5622656
762 2 4.2525706
762 8 3.8477545
762 19 3.557725
762 30 3.6133637
762 73 3.810172
765 4 4.239146
765 13 3.529231
765 14 3.2024703
765 26 3.8995695
765 43 3.1957881
772 2 3.5848835
772 8 3.8044286
772 9 4.453103
772 17 2.9529684
772 39 3.076584
778 1 1.894811
778 4 1.3611411
778 6 1.3812544
778 10 2.7243533
778 39 5.0
780 1 2.7081242
780 6 1.9840299
780 10 2.9547408
780 20 3.5179486
780 39 1.4939268
784 1 3.3487074
784 7 3.5934374
784 8 2.8699632
784 14 3.5423763
784 40 2.7793293
787 1 4.3494263
787 13 3.0946903
787 14 2.8667407
787 19 2.5108736
787 35 2.5873852
788 1 2.8546622
788 5 2.449618
788 6 2.5314922
788 21 2.9640648
788 75 2.26245
794 3 3.3627195
794 18 2.070506
794 22 2.6577775
794 26 2.7900364
794 60 2.158218
795 2 3.2213333
795 7 3.5254297
795 13 2.358685
795 15 2.5554895
795 34 2.3584359
797 1 1.5769976
797 14 3.114626
797 15 1.8096945
797 21 3.022809
797 27 3.7969666
799 3 4.355863
799 8 3.9773982
799 13 3.6357903
799 25 3.4726157
799 56 3.5121746
801 3 4.125901
801 18 2.9361424
801 22 3.6953876
801 25 3.1728942
801 36 2.8858848
810 2 1.6394606
810 12 2.17025
810 13 1.6940563
810 19 1.0
810 52 1.8923173
813 5 5.0
813 10 3.1305752
813 15 3.0437336
813 23 3.6071076
813 37 2.3837028
816 2 3.4759738
816 5 3.1074953
816 8 2.8887205
816 13 2.8976538
816 19 2.8911786
832 1 4.584229
832 16 4.437481
832 19 3.7331114
832 22 4.157529
832 36 3.7367465
844 3 5.0
844 12 3.8312035
844 13 3.9649591
844 17 3.5707717
844 38 3.9305463
851 1 4.9856133
851 4 3.7540686
851 8 3.6569455
851 12 3.930214
851 26 3.6206605
867 1 1.6607269
867 4 2.0166428
867 7 1.8066587
867 25 1.0135947
867 36 1.4227073
869 1 3.260455
869 14 2.327537
869 19 1.8809197
869 27 2.5388656
869 38 2.74492
870 2 1.0
870 5 1.0
870 10 1.2460953
870 17 1.0
870 36 1.0
875 1 2.8339057
875 9 1.7360198
875 10 2.2785907
875 19 1.5684688
875 33 1.7601542
881 1 2.856268
881 4 3.2238624
881 11 2.528476
881 28 2.9921205
881 55 2.284336
888 4 1.0
888 9 4.5191436
888 25 3.2293706
888 52 2.396107
888 65 1.7422124
895 4 1.7143939
895 6 1.4280965
895 10 1.9296134
895 16 1.0
895 27 1.0
899 1 1.8280385
899 17 2.293909
899 18 1.4735935
899 41 1.0
899 88 1.0
901 5 1.0
901 13 1.0
901 14 1.965237
901 19 1.0
901 47 1.1058754
902 1 2.4821675
902 3 2.196345
902 11 2.6862955
902 17 1.60504
902 43 1.3108739
907 1 4.1721187
907 6 3.7836668
907 10 4.2576447
907 23 4.1498966
907 73 3.6565137
912 1 5.0
912 10 3.1643145
912 11 3.2726958
912 20 4.0013847
912 36 2.4729652
913 1 3.8344455
913 3 3.851701
913 9 3.9788718
913 21 3.65234
913 28 3.4418104
916 1 2.3253543
916 11 3.5687003
916 15 3.2783613
916 21 3.7662444
916 69 3.2366798
919 1 3.0835228
919 5 2.6283696
919 6 3.3278365
919 17 2.4734223
919 48 2.056861
923 1 3.9216626
923 5 2.8762813
923 10 4.0204067
923 20 3.5864007
923 50 2.5694723
924 1 3.8930898
924 3 3.5182207
924 11 3.736615
924 31 3.1405857
924 39 5.0
937 4 3.165135
937 7 3.5304217
937 8 3.3867044
937 22 2.7879546
937 50 5.0
944 2 2.8984597
944 4 1.7252208
944 5 2.721934
944 9 3.3599687
944 70 1.0405493
945 7 3.826062
945 16 4.0730925
945 17 2.9358363
945 27 3.5949955
945 40 3.2762775
952 1 3.638352
952 4 4.8603687
952 5 4.2420216
952 9 4.3409843
952 64 3.8451085
955 2 2.6508484
955 18 1.1889142
955 26 2.2221649
955 42 2.2676094
955 65 1.0
963 7 3.14262
963 10 2.3761585
963 12 2.757093
963 23 2.7666655
963 42 3.0074651
966 6 1.9940213
966 11 1.0
966 17 1.0
966 24 1.0
966 33 1.0
972 1 3.8754585
972 11 3.7056003
972 12 2.9690654
972 20 4.188505
972 49 2.805965
975 1 2.2263975
975 12 2.8366482
975 13 1.7081529
975 21 2.7693026
975 48 2.1257138
978 4 1.4715769
978 13 1.0856906
978 15 1.3221283
978 31 1.0
978 56 1.6280658
979 2 4.4353437
979 11 4.336034
979 16 4.1824203
979 19 3.5347905
979 34 3.6831226
982 2 4.219577
982 18 2.8931005
982 21 4.298796
982 25 2.7955925
982 52 2.625611
983 3 1.566349
983 7 1.3008285
983 12 2.0884066
983 22 2.0041115
983 39 1.0
984 2 3.5383146
984 6 3.6148229
984 8 3.146648
984 21 3.681052
984 47 3.2396507
991 4 1.3919096
991 13 1.0
991 18 1.0
991 27 3.6298945
991 50 1.0
993 1 1.0
993 4 2.7397726
993 7 2.8902175
993 19 1.7962626
993 31 2.064157
996 3 3.883851
996 12 3.83112
996 14 3.9977608
996 24 3.048071
996 67 3.2528596
1023 1 2.549998
1023 8 1.3223326
1023 12 2.13121
1023 17 1.0
1023 32 1.8997153
1026 1 1.5792638
1026 6 1.7718109
1026 7 1.4841816
1026 18 1.0
1026 33 1.070898
1027 2 4.6772704
1027 7 4.5621023
1027 11 4.638242
1027 21 4.6928654
1027 42 4.625364
1030 1 4.590784
1030 7 4.3558755
1030 9 4.6423144
1030 19 3.5697875
1030 32 3.993071
1033 1 3.1761534
1033 4 2.72103
1033 14 3.7447648
1033 22 3.1649756
1033 52 2.2710915
1037 2 3.3489754
1037 7 4.667279
1037 25 1.5733811
1037 29 1.570684
1037 80 1.5317698
1038 3 2.8046153
1038 12 1.3693981
1038 13 1.0
1038 19 1.0
1038 42 1.7585181
1042 2 2.5603747
1042 5 3.1741982
1042 7 3.0438132
1042 16 2.6766891
1042 45 4.1515884
1044 1 4.723649
1044 4 3.6236722
1044 6 3.4630184
1044 14 3.4960985
1044 29 2.4090438
1056 12 1.335975
1056 19 1.0342456
1056 20 1.6995629
1056 25 1.0
1056 38 1.0
1059 5 4.0995116
1059 8 1.0
1059 21 2.077783
1059 34 1.0832719
1059 82 2.687683
1064 1 2.3041475
1064 3 4.0840197
1064 11 3.4642332
1064 17 2.7918558
1064 40 2.9849102
1080 6 1.0619856
1080 16 3.3054733
1080 17 2.1192646
1080 27 3.656364
1080 53 2.5277348
1090 1 3.24758
1090 5 2.4743948
1090 7 3.1716595
1090 16 3.197637
1090 32 2.7407227
1091 2 2.7171066
1091 9 3.3948455
1091 11 2.7199316
1091 16 3.306306
1091 36 1.791481
1096 3 3.293696
1096 9 2.8491921
1096 11 2.2775621
1096 27 2.842288
1096 52 1.665844
1100 6 3.7511044
1100 10 3.7828074
1100 12 4.199279
1100 20 3.75046
1100 48 5.0
1112 2 3.4352562
1112 6 2.8689814
1112 8 3.4104574
1112 35 3.0108314
1112 54 3.51715
1125 7 3.2941291
1125 14 3.1982102
1125 16 3.3978739
1125 21 3.293141
1125 34 2.7224963
1126 1 3.7500482
1126 7 2.8574216
1126 25 2.0139704
1126 32 2.5774834
1126 53 1.6923852
1128 7 3.005419
1128 12 2.8878138
1128 18 1.7260916
1128 26 3.123176
1128 54 3.0100393
1146 1 2.8661802
1146 4 2.1284437
1146 5 1.4913951
1146 7 1.8688774
1146 52 1.4076648
1156 1 1.0
1156 5 2.0770912
1156 11 1.5041888
1156 16 3.212051
1156 33 2.0122058
1158 3 1.1493763
1158 6 1.0
1158 7 4.6160097
1158 22 1.9503589
1158 70 1.0
1162 1 3.6649141
1162 13 2.4068968
1162 20 3.101124
1162 35 2.131102
1162 43 1.5036564
1164 1 3.7174172
1164 5 3.5365398
1164 8 4.020783
1164 22 3.6931472
1164 75 3.4357758
1166 5 4.972204
1166 9 4.684693
1166 17 3.1248715
1166 26 4.3539906
1166 43 2.441441
1174 1 3.5921986
1174 9 3.8262453
1174 12 3.0958786
1174 31 2.707642
1174 59 4.9338026
1180 3 3.7786388
1180 7 3.68849
1180 8 3.8396482
1180 18 2.5544374
1180 31 2.864093
1188 4 1.0
1188 7 1.2841012
1188 16 1.2673975
1188 30 1.0
1188 48 1.0
1193 2 3.5024927
1193 11 3.345386
1193 15 2.888677
1193 24 2.770323
1193 48 5.0
1196 5 3.9341645
1196 12 4.014016
1196 19 3.3048682
1196 22 3.6294448
1196 58 3.4353206
1199 1 3.214073
1199 7 1.6925641
1199 13 2.020855
1199 19 2.3688478
1199 39 2.1566675
1202 6 2.6559286
1202 12 3.6478796
1202 23 3.6315646
1202 28 2.9756696
1202 37 1.2996025
1213 1 2.9104023
1213 9 4.1290407
1213 10 3.2865412
1213 16 3.845346
1213 63 3.3224485
1223 1 3.9030259
1223 6 3.401812
1223 11 4.077171
1223 21 3.8225014
1223 42 4.135511
1225 1 1.0
1225 12 1.0
1225 20 1.0
1225 23 1.0
1225 59 1.0
1229 10 4.1364756
1229 12 3.7235627
1229 13 3.029947
1229 21 3.5938506
1229 46 5.0
1234 2 2.1783245
1234 7 2.4409628
1234 11 1.9446747
1234 22 2.1180916
1234 45 1.0464609
1235 2 2.7753105
1235 8 2.6950986
1235 12 2.8212373
1235 15 2.6026597
1235 31 1.8815565
1241 1 4.8231072
1241 5 3.6504593
1241 8 3.5576062
1241 19 2.363899
1241 41 3.30345
1247 1 4.097334
1247 6 3.4965122
1247 19 2.9078677
1247 35 3.591351
1247 51 3.1912224
1253 3 2.7466345
1253 7 4.21039
1253 20 4.181055
1253 27 1.4594668
1253 52 3.4376674
1257 5 1.0
1257 9 2.01904
1257 15 2.391991
1257 20 3.7520738
1257 80 2.3961728
1263 2 3.5182178
1263 5 3.302499
1263 6 2.6200585
1263 14 3.5708966
1263 73 3.1355324
1267 15 2.3602393
1267 22 2.5710611
1267 29 2.345656
1267 35 2.862167
1267 45 2.9151118
1270 1 2.7649832
1270 4 2.2760408
1270 20 1.0
1270 26 1.0
1270 66 2.07839
1275 2 4.2173576
1275 11 4.431862
1275 21 4.189384
1275 40 3.318439
1275 65 2.8092177
1276 3 1.4615037
1276 10 4.175285
1276 18 1.8385929
1276 30 3.2054505
1276 48 4.080497
1282 2 3.0210893
1282 5 2.3011827
1282 12 3.2217753
1282 24 2.02834
1282 41 1.7658116
1286 6 3.1515741
1286 14 2.5086079
1286 20 2.6949575
1286 28 2.350054
1286 37 2.182343
1292 6 4.496002
1292 11 3.8702512
1292 18 2.886189
1292 28 3.7046854
1292 39 3.1295805
1294 3 2.4414794
1294 13 1.86135
1294 14 2.2387233
1294 30 1.0
1294 50 3.2197993
1295 14 3.7332675
1295 26 3.5810714
1295 28 3.401408
1295 32 3.877614
1295 53 1.0
1296 2 3.7181861
1296 9 3.5138683
1296 13 3.1065044
1296 17 3.1123052
1296 21 3.5096936
1300 3 2.6667547
1300 12 2.2673364
1300 14 2.46406
1300 29 1.9338512
1300 54 1.8984412
1304 2 3.3646235
1304 4 3.3782296
1304 6 3.4417334
1304 21 3.0429838
1304 76 4.0921736
1307 8 5.0
1307 11 2.8173356
1307 15 3.0596015
1307 27 3.5519803
1307 66 2.7242758
1311 2 3.8498096
1311 17 2.3433423
1311 20 4.1471615
1311 25 2.2139251
1311 62 3.815473
1312 3 4.5649714
1312 8 4.112712
1312 9 4.654686
1312 13 3.6082778
1312 41 3.3224664
1321 3 3.1174245
1321 11 3.7809424
1321 15 2.8111959
1321 17 3.0722923
1321 57 1.0
1328 2 4.0627556
1328 18 1.813048
1328 22 2.313596
1328 28 5.0
1328 40 2.687726
1329 1 4.1832004
1329 9 4.064301
1329 11 3.8498778
1329 28 3.6431437
1329 41 3.0547886
1332 1 5.0
1332 4 2.8728473
1332 5 2.4219196
1332 25 1.4113824
1332 59 3.3368187
1333 3 2.5935955
1333 7 1.73851
1333 15 1.9490331
1333 24 1.4700739
1333 36 1.5498883
1339 3 5.0
1339 20 5.0
1339 25 3.2358983
1339 33 3.8386397
1339 60 2.8086839
1347 3 2.962715
1347 8 1.0
1347 14 1.1965514
1347 28 1.0688287
1347 57 1.0
1348 2 3.942922
1348 13 1.0
1348 15 1.0
1348 21 1.0
1348 51 3.6112852
1353 2 2.5559466
1353 15 2.2115195
1353 18 1.496957
1353 23 2.868467
1353 47 1.9057655
1365 3 4.5485206
1365 5 3.604764
1365 9 4.5204315
1365 16 4.2451577
1365 38 4.885874
1373 9 4.5594625
1373 14 4.2647243
1373 16 4.068278
1373 27 3.8992422
1373 43 3.391978
1376 13 3.6438284
1376 20 4.905257
1376 21 4.473493
1376 32 4.2914014
1376 49 3.5912452
1391 3 1.2971847
1391 11 3.7869864
1391 16 4.530279
1391 22 3.7772386
1391 46 4.104686
1396 3 3.2335343
1396 13 1.8702652
1396 14 2.7060978
1396 23 2.838902
1396 42 3.1844165
1402 1 2.3141923
1402 5 2.9736907
1402 6 1.8133547
1402 24 3.9254143
1402 33 1.3420765
1403 1 3.292536
1403 9 3.5738902
1403 21 3.23867
1403 27 3.1337907
1403 48 3.2692406
1405 3 3.6389139
1405 8 3.2759907
1405 9 4.1405444
1405 14 3.6257684
1405 24 2.720497
1406 5 2.7023845
1406 8 2.7726536
1406 14 2.853226
1406 25 2.3137844
1406 80 2.771709
1410 6 2.7035754
1410 16 1.9391991
1410 18 1.1414071
1410 34 1.3403008
1410 69 1.0
1413 1 5.0
1413 6 2.5722575
1413 8 3.894373
1413 18 3.150466
1413 54 3.6454012
1418 1 3.7665892
1418 6 3.4250624
1418 13 3.203313
1418 48 4.258493
1418 71 3.577655
1419 5 2.7096539
1419 12 3.834779
1419 15 2.8069527
1419 37 3.4463074
1419 56 1.7332599
1433 2 2.509634
1433 6 3.7558208
1433 9 2.2304296
1433 24 1.3447602
1433 52 1.0
1434 2 2.7888746
1434 4 3.6954672
1434 16 2.264196
1434 26 1.5204326
1434 36 1.7678223
1437 5 2.5098777
1437 7 2.7461493
1437 8 1.0
1437 19 2.563401
1437 28 2.9442072
1440 1 2.816037
1440 8 3.4054935
1440 15 2.7309585
1440 18 1.688775
1440 54 1.5903788
1442 3 2.759717
1442 13 2.952295
1442 15 3.5071929
1442 40 2.6212795
1442 59 4.882894
1450 2 2.4414074
1450 17 1.5589175
1450 21 2.4442997
1450 25 1.4318929
1450 61 1.8826287
1455 1 4.0542307
1455 13 3.5696814
1455 22 3.0894837
1455 29 3.25041
1455 45 3.017058
1457 1 3.8209682
1457 6 3.858974
1457 10 3.5513194
1457 20 2.6939807
1457 39 3.3846238
1461 3 3.5639443
1461 8 2.9324508
1461 10 3.4514282
1461 17 2.4053595
1461 31 2.5381336
1477 3 2.3140383
1477 15 1.6152472
1477 18 1.403693
1477 25 1.9010515
1477 51 2.4962559
1479 2 3.4790878
1479 10 4.2327776
1479 15 3.140898
1479 19 3.0572941
1479 30 2.2709744
1480 17 2.0636427
1480 27 3.641809
1480 30 2.4232981
1480 46 1.4662098
1480 82 2.596296
1482 9 2.8354206
1482 18 1.1034566
1482 19 1.6767021
1482 40 1.3916082
1482 71 1.8619472
1487 6 3.108169
1487 15 2.3825693
1487 23 2.9269648
1487 49 2.5344722
1487 78 1.4563866
1490 3 3.964006
1490 15 2.9465566
1490 17 2.4066238
1490 28 3.6742637
1490 40 2.8830516
1501 3 4.160811
1501 10 3.809324
1501 11 3.480968
1501 18 2.2911716
1501 40 3.3175557
1504 2 2.7127998
1504 13 1.9123307
1504 14 2.2961679
1504 17 2.1235888
1504 80 3.0411382
1505 3 4.3526936
1505 9 4.2171073
1505 10 4.0933485
1505 14 3.819471
1505 26 3.368838
1519 2 1.496196
1519 8 1.9751731
1519 13 1.0
1519 20 3.3150086
1519 38 4.841115
1522 3 2.7190912
1522 9 3.7319038
1522 10 3.5537403
1522 21 3.246792
1522 73 1.0
1525 4 1.0
1525 17 3.075398
1525 28 5.0
1525 44 4.222863
1525 75 3.1849418
1529 4 1.0
1529 11 3.1109002
1529 27 4.092532
1529 31 1.6328918
1529 67 2.2957094
1536 3 3.9499273
1536 5 3.9408324
1536 7 3.8436449
1536 26 4.0364556
1536 36 3.1705244
1541 6 3.3210306
1541 9 4.117305
1541 13 3.06369
1541 24 2.9690018
1541 42 3.7784472
1545 3 2.8353794
1545 9 3.0408182
1545 14 2.4456894
1545 16 2.6771095
1545 44 2.9178264
1551 1 2.2219715
1551 5 1.0
1551 7 5.0
1551 30 1.016932
1551 48 1.3151271
1553 2 2.9551673
1553 9 3.3108737
1553 19 3.0387568
1553 47 1.0
1553 53 1.190441
1563 1 4.230241
1563 6 4.0291224
1563 7 4.855474
1563 20 4.748502
1563 45 4.2639065
1572 4 1.6099597
1572 12 1.7870076
1572 13 1.0356145
1572 26 1.5932155
1572 36 1.0281801
1576 3 3.9248924
1576 11 2.5250576
1576 14 3.0019386
1576 16 3.1114519
1576 50 1.0
1581 3 3.2492664
1581 10 1.4499493
1581 14 2.6047297
1581 25 1.0
1581 73 4.161235
1582 3 2.8144183
1582 8 5.0
1582 14 2.6281898
1582 18 1.967248
1582 32 2.6100364
1589 5 1.0696826
1589 13 2.5233393
1589 14 3.7376447
1589 27 3.8057833
1589 77 3.3065257
1591 2 3.6022165
1591 12 3.838107
1591 14 3.8769984
1591 22 3.6200478
1591 44 5.0
1601 5 1.0
1601 26 1.0
1601 30 1.0
1601 36 1.0
1601 70 2.2867844
1602 10 4.407659
1602 14 4.1317954
1602 20 4.6726184
1602 25 3.6026795
1602 49 3.3197527
1615 5 1.0
1615 15 1.0236224
1615 16 3.0292616
1615 22 1.6871986
1615 52 1.0
1620 2 1.3772566
1620 7 1.2449856
1620 13 1.0
1620 19 1.0
1620 28 1.4785341
1621 2 4.2674103
1621 14 4.064873
1621 22 4.0664167
1621 25 3.3925433
1621 34 3.4702578
1632 1 5.0
1632 7 1.4450867
1632 8 3.6631837
1632 11 2.692855
1632 34 1.1035776
1633 6 3.2196321
1633 9 1.0
1633 20 1.0
1633 34 1.0
1633 52 1.0
1649 2 3.8348813
1649 5 3.4947984
1649 19 2.6726837
1649 25 3.123602
1649 35 3.2671688
1650 4 1.2548461
1650 25 1.0
1650 30 1.0
1650 45 1.0
1650 69 1.0
1655 1 2.7840528
1655 3 1.5197489
1655 9 2.6365547
1655 21 2.3379903
1655 45 2.6291645
1656 7 3.3451955
1656 18 2.6161287
1656 21 3.7128892
1656 32 3.7058244
1656 62 4.5321875
1661 2 4.2034225
1661 11 4.04853
1661 17 3.4707518
1661 24 3.435236
1661 33 3.5304894
1663 3 3.0058265
1663 6 1.243169
1663 8 1.7499166
1663 11 1.5503695
1663 24 1.8927314
1683 4 4.4129205
1683 16 4.1759815
1683 21 4.070694
1683 31 3.5527654
1683 57 2.9337883
1691 3 3.5280037
1691 8 2.975318
1691 10 3.6821513
1691 21 3.4511638
1691 39 2.5237997
1692 1 1.8502387
1692 7 1.7439876
1692 8 1.8386295
1692 13 1.3307852
1692 26 1.6358156
1693 1 2.0136971
1693 10 4.0979657
1693 11 3.9108033
1693 51 3.591149
1693 64 3.041599
1697 7 4.3535395
1697 13 3.818399
1697 23 4.471282
1697 26 4.4314237
1697 50 3.4376347
1698 1 2.9241905
1698 21 2.202984
1698 22 1.9848034
1698 38 2.5189595
1698 61 1.4092147
1700 1 2.5621078
1700 11 2.1685157
1700 12 2.6861353
1700 23 3.6583176
1700 36 1.7207814
1709 1 3.916805
1709 12 3.4592247
1709 13 2.9422827
1709 46 2.3328424
1709 71 2.1826732
1713 1 2.55215
1713 5 2.5426078
1713 7 2.739729
1713 12 2.5756578
1713 34 1.822903
1714 6 2.8277361
1714 14 3.240857
1714 16 3.0262535
1714 21 3.517387
1714 59 2.9770517
1716 1 3.2649558
1716 3 3.9172626
1716 6 2.73391
1716 13 2.0056906
1716 59 1.0
1724 8 2.5270948
1724 11 3.1077437
1724 18 1.5369374
1724 29 1.9442927
1724 53 2.2282877
1733 2 2.039368
1733 10 2.268695
1733 12 2.2824957
1733 20 3.3165603
1733 34 1.1744633
1737 5 2.956014
1737 7 3.7634928
1737 8 3.1065745
1737 12 3.151511
1737 23 3.715542
1745 3 3.3697472
1745 6 3.748579
1745 10 4.6651254
1745 19 3.7371132
1745 60 3.2668142
1764 3 3.6664069
1764 11 2.2915332
1764 14 3.3939214
1764 26 3.5754445
1764 74 5.0
1770 2 3.17851
1770 6 1.0154357
1770 7 3.68434
1770 21 3.3677151
1770 44 1.0
1773 3 2.7411797
1773 8 1.026715
1773 14 2.5829115
1773 20 3.8779907
1773 55 2.084832
1776 4 1.3832383
1776 8 1.1307434
1776 9 2.7000866
1776 29 1.0
1776 71 1.8318889
1777 1 1.9757545
1777 5 1.6580489
1777 7 2.665527
1777 14 2.255682
1777 37 2.0235991
1780 1 2.223377
1780 16 3.2119827
1780 18 1.0
1780 23 1.9480307
1780 41 1.0
1783 6 1.3311292
1783 9 2.006011
1783 13 1.0
1783 18 1.0
1783 39 1.3529549
1784 13 2.3352685
1784 32 2.7067792
1784 35 2.33396
1784 42 2.7717311
1784 55 2.0355535
1798 4 2.3623447
1798 11 1.6412514
1798 20 2.963185
1798 24 2.1369197
1798 49 1.0
1809 2 3.3247356
1809 8 3.0505445
1809 14 3.334076
1809 19 2.79064
1809 31 2.033611
1812 1 4.036038
1812 3 3.989642
1812 16 3.8563082
1812 29 2.949489
1812 84 3.3864553
1814 5 2.6142974
1814 14 3.5340571
1814 22 3.7698574
1814 36 1.8518393
1814 56 2.9418297
1821 8 3.2086248
1821 12 3.5744815
1821 15 3.2249699
1821 54 3.3385255
1821 63 2.15529
1823 4 1.4908608
1823 16 1.7099731
1823 26 1.0
1823 39 1.0
1823 53 1.0
1824 4 2.5252814
1824 10 3.3792562
1824 13 1.7164588
1824 19 1.0
1824 36 1.8462715
1826 3 4.1284013
1826 10 3.9967308
1826 13 3.0513282
1826 28 3.594802
1826 49 4.0593023
1828 4 3.4867065
1828 16 3.9144635
1828 22 3.3661268
1828 36 2.2614408
1828 58 2.7423573
1831 1 4.5256386
1831 9 4.615924
1831 15 3.9777946
1831 25 3.59937
1831 36 3.6020014
1836 1 4.1732593
1836 9 1.0
1836 16 1.0957124
1836 19 2.2130768
1836 52 3.50845
1845 4 3.300747
1845 14 1.9425073
1845 17 2.0462341
1845 32 1.5745821
1845 42 3.084573
1870 1 2.7815526
1870 6 2.186385
1870 7 1.7744588
1870 11 3.0498536
1870 26 3.5894601
1876 1 1.0
1876 9 3.1181955
1876 16 3.232239
1876 22 3.3545809
1876 55 3.2667305
1881 2 3.7650023
1881 4 3.6392632
1881 7 3.6289425
1881 17 3.0683393
1881 50 2.69131
1893 7 2.8094215
1893 11 2.2852635
1893 16 2.147181
1893 30 2.6589563
1893 59 2.5769038
1901 1 2.997461
1901 8 2.4177573
1901 10 2.9679456
1901 19 2.1937695
1901 47 2.0835447
1904 1 2.7120776
1904 8 1.0
1904 17 1.0
1904 23 1.5077008
1904 44 2.8572195
1913 1 4.1182494
1913 14 3.5413656
1913 23 4.316168
1913 26 2.99928
1913 66 3.6172566
1921 1 3.7539577
1921 7 3.887961
1921 10 4.1044745
1921 13 3.2145662
1921 49 2.0928786
1928 1 2.689038
1928 20 5.0
1928 27 2.621072
1928 41 1.5017006
1928 69 5.0
1930 3 4.409827
1930 11 4.290049
1930 13 3.760634
1930 25 3.5857573
1930 42 4.3810067
1934 1 2.324106
1934 9 2.5642252
1934 12 2.4317467
1934 14 2.2363122
1934 39 1.5620432
1936 5 3.710137
1936 9 4.3549504
1936 12 3.9174788
1936 16 4.0588055
1936 39 3.3671067
1942 5 1.9621601
1942 7 2.3256283
1942 14 2.3141186
1942 35 1.9889852
1942 60 1.177772
1943 2 3.9790635
1943 4 3.2197201
1943 24 2.47853
1943 29 2.831832
1943 50 2.5645719
1958 1 3.6118517
1958 4 3.3761916
1958 10 3.9217196
1958 22 3.5481975
1958 45 2.9760385
1960 1 4.0504603
1960 8 1.2127936
1960 10 4.029844
1960 14 3.7560844
1960 42 3.7241118
1961 2 3.3729017
1961 4 3.565952
1961 14 3.4782665
1961 25 2.424704
1961 43 2.5584438
1986 3 3.3976026
1986 8 1.3093069
1986 9 1.7964933
1986 21 2.3116727
1986 39 1.808369
1994 12 3.7484097
1994 38 4.6560464
1994 39 4.505522
1994 46 5.0
1994 66 3.5171402
1996 1 2.009121
1996 7 2.1814287
1996 13 1.0
1996 23 2.5229468
1996 58 1.0
1997 1 2.7469614
1997 6 2.786125
1997 11 3.2733095
1997 13 2.4126227
1997 58 2.988589
2010 2 2.21634
2010 15 1.9360427
2010 22 1.0591041
2010 33 1.2430606
2010 50 1.6070406
2015 2 3.3835263
2015 8 4.202565
2015 14 3.4131486
2015 18 2.4769495
2015 82 2.793438
2016 1 2.2970905
2016 6 2.8467977
2016 7 1.4750782
2016 16 2.6794288
2016 33 1.3753916
2017 8 1.0
2017 12 2.1675706
2017 14 2.8125339
2017 18 1.0
2017 43 1.0
2018 1 3.7379003
2018 3 4.1707354
2018 6 3.48001
2018 26 2.7045066
2018 56 2.580193
2020 3 2.0189784
2020 10 4.685632
2020 20 3.6055918
2020 24 2.9445338
2020 63 1.3841923
2021 2 3.6655133
2021 8 5.0
2021 9 4.109554
2021 12 3.6644812
2021 42 3.6625674
2025 4 3.1984549
2025 8 4.4285483
2025 13 2.580346
2025 23 3.495239
2025 51 2.9598675
2026 2 2.5818048
2026 9 3.0720603
2026 11 2.4111848
2026 23 2.8004568
2026 51 2.299892
2029 2 3.1231027
2029 5 3.1150658
2029 8 2.8067122
2029 16 3.1180716
2029 66 4.096327
2033 4 2.3419645
2033 15 2.2587643
2033 16 2.8267484
2033 20 3.1424234
2033 57 1.4743338
2046 5 1.0
2046 7 1.1326848
2046 15 2.0640783
2046 19 1.1964974
2046 30 3.880622
2047 2 1.8400027
2047 7 1.5838671
2047 8 1.0
2047 22 1.1174862
2047 52 1.4080801
2050 1 3.7241466
2050 14 2.9098155
2050 22 3.4630432
2050 36 1.0
2050 57 1.2574434
2053 1 4.0891004
2053 13 3.248179
2053 14 3.7889805
2053 24 3.2276332
2053 65 3.1282642
2065 3 3.6078587
2065 15 2.618984
2065 22 2.4343824
2065 36 1.0
2065 61 1.3459055
2072 2 3.366706
2072 15 3.0005546
2072 16 3.2919843
2072 46 3.0457444
2072 77 2.8950956
2079 2 3.1388898
2079 12 3.485509
2079 26 3.6877165
2079 34 2.4510279
2079 96 3.0290656
2089 5 3.0544178
2089 8 3.4903283
2089 15 3.1785493
2089 24 2.5369
2089 51 3.594335
2091 2 3.1059513
2091 5 2.3367343
2091 21 3.1376052
2091 40 1.3142239
2091 49 1.1527705
2098 2 3.3985
2098 10 4.131866
2098 11 3.718286
2098 22 3.3010564
2098 55 3.246815
2101 2 3.304083
2101 12 3.3668885
2101 15 3.0077426
2101 23 3.573964
2101 38 3.2708154
2103 3 2.4782424
2103 12 2.907929
2103 16 1.5531945
2103 30 1.0
2103 64 2.8474026
2110 3 3.6904852
2110 10 3.4957626
2110 12 3.3939962
2110 25 2.3882918
2110 57 1.0
2111 3 4.378646
2111 8 3.6578248
2111 11 3.815726
2111 15 3.3704467
2111 61 3.081985
2112 4 3.1085947
2112 12 2.6884766
2112 14 2.1335497
2112 23 3.0796998
2112 45 2.7376683
2114 1 3.577505
2114 3 2.4561882
2114 4 1.021245
2114 14 2.4728475
2114 25 2.0303745
2140 5 3.942863
2140 12 4.671275
2140 14 4.487276
2140 24 3.836471
2140 42 4.476931
2141 1 3.6009345
2141 9 5.0
2141 14 3.682148
2141 36 2.1028833
2141 59 3.9134088
2143 2 1.0179663
2143 9 1.27465
2143 23 2.003452
2143 30 1.0
2143 52 1.0
2152 3 3.216269
2152 9 3.2892597
2152 10 3.0064483
2152 30 1.1097418
2152 59 3.1381698
2154 2 1.4562348
2154 7 1.0
2154 14 1.1926299
2154 28 1.1943312
2154 42 1.0
2158 1 3.4785504
2158 7 3.8294122
2158 11 3.2431636
2158 28 3.3076458
2158 45 3.3838732
2174 2 3.2566915
2174 7 3.0226276
2174 20 4.0753503
2174 36 2.4094694
2174 67 2.17391
2185 1 3.441926
2185 6 2.6019316
2185 7 2.583788
2185 18 1.5015289
2185 37 2.2349646
2191 3 3.5473187
2191 15 2.798421
2191 18 2.4273453
2191 25 2.27065
2191 67 1.6428664
2197 7 1.4738762
2197 13 1.0803317
2197 14 2.1431527
2197 30 2.9809036
2197 35 2.0230074
2198 6 1.4747181
2198 8 3.9116626
2198 9 4.0717225
2198 26 1.0
2198 59 2.8716028
2203 1 3.4044414
2203 6 3.2186375
2203 7 3.5636418
2203 17 2.7119334
2203 28 3.7417212
2204 1 1.944272
2204 13 1.5973755
2204 20 1.0
2204 34 1.308258
2204 59 1.2171366
2205 1 1.0
2205 6 2.8682494
2205 7 3.389256
2205 14 3.0314245
2205 45 3.176279
2209 1 3.4722424
2209 17 1.0250721
2209 21 1.5269234
2209 25 1.2701507
2209 38 2.4969778
2212 1 3.4541433
2212 7 3.1569433
2212 9 3.724829
2212 12 3.642083
2212 32 3.3079917
2213 2 1.4183335
2213 17 1.0
2213 22 1.3719156
2213 41 1.0828753
2213 80 1.2113829
2220 2 3.8574061
2220 16 3.7790473
2220 17 2.3178804
2220 28 3.518411
2220 54 3.8846164
2232 1 2.5445108
2232 3 2.2785916
2232 4 2.571076
2232 8 1.0
2232 39 2.4761167
2233 4 1.5142695
2233 11 1.0
2233 12 1.4370644
2233 27 3.994707
2233 43 1.0
2237 1 2.4654403
2237 14 2.6616943
2237 19 2.171887
2237 25 1.4632218
2237 61 1.6424856
2240 3 3.7722452
2240 13 2.7915325
2240 14 3.3250875
2240 25 2.6082513
2240 59 3.5766048
2250 4 3.2919235
2250 7 3.0793684
2250 8 3.0490367
2250 10 3.3477929
2250 26 2.8247457
2254 1 2.2721372
2254 25 1.8501793
2254 26 2.1830435
2254 30 5.0
2254 73 3.0308826
2271 3 4.2929897
2271 16 4.34389
2271 17 2.5909283
2271 36 3.303096
2271 70 2.826223
2275 1 2.0238335
2275 6 1.0
2275 7 1.0
2275 14 1.5429655
2275 38 2.2683954
2278 1 3.6791203
2278 7 3.6922
2278 9 4.3371506
2278 12 3.7553527
2278 55 2.9106898
2283 1 2.9975963
2283 6 2.483417
2283 12 3.2275066
2283 25 2.0611234
2283 50 1.1365423
2289 3 5.0
2289 9 1.361512
2289 10 1.0
2289 28 1.0
2289 51 1.0
2294 2 2.8983421
2294 10 1.0
2294 11 1.6394613
2294 19 1.2881546
2294 46 1.0
2300 1 2.4280612
2300 18 2.7142458
2300 22 3.5552795
2300 35 3.334233
2300 78 3.044774
2304 2 2.1829994
2304 13 2.337618
2304 14 2.844763
2304 22 2.3203325
2304 40 3.2236254
2307 1 3.4864798
2307 8 3.889513
2307 17 3.396636
2307 27 3.410218
2307 64 3.660074
2318 3 3.7989647
2318 14 3.6324835
2318 15 3.3441205
2318 19 3.0966992
2318 47 3.2812126
2319 1 3.309057
2319 11 3.1694798
2319 15 2.905829
2319 26 3.0453162
2319 50 1.9792929
2320 2 2.7537973
2320 5 2.411882
2320 8 2.5847187
2320 15 2.343318
2320 22 2.7456043
2322 4 1.8606998
2322 6 1.9336497
2322 7 1.6586356
2322 20 2.1227064
2322 68 1.261193
2325 6 1.5746866
2325 11 2.398147
2325 12 2.4956784
2325 14 1.1486408
2325 26 2.969716
2332 4 3.4111526
2332 15 3.4444203
2332 16 4.036407
2332 63 4.4257116
2332 79 3.5530562
2334 1 3.6297717
2334 4 2.8348842
2334 21 3.4686863
2334 33 2.9125435
2334 43 2.1909919
2338 1 3.045706
2338 11 2.3833396
2338 14 2.4076269
2338 41 1.7536993
2338 79 1.0
2342 4 2.9630733
2342 13 2.5823755
2342 19 2.8019338
2342 31 2.621545
2342 44 2.920719
2343 6 2.1440306
2343 8 3.8241494
2343 9 3.4455433
2343 19 2.7105334
2343 49 1.6130788
2349 3 1.2966859
2349 11 1.6526425
2349 17 1.0
2349 29 1.4138932
2349 51 2.0264022
2362 1 3.4833498
2362 7 2.8865244
2362 8 2.995393
2362 19 2.3189447
2362 57 2.3498826
2377 2 4.456391
2377 14 4.5052586
2377 16 4.7751827
2377 21 4.5672064
2377 30 4.5999775
2378 2 3.9787812
2378 20 4.161333
2378 21 4.0439873
2378 27 3.959129
2378 59 3.1973457
2379 3 4.5586834
2379 35 3.884104
2379 36 3.6292267
2379 43 3.409852
2379 64 3.6491587
2382 1 3.2923183
2382 6 2.4579504
2382 15 3.6513166
2382 20 4.434357
2382 54 3.8804107
2383 1 1.0
2383 8 3.7563176
2383 13 2.9783883
2383 22 3.3608167
2383 39 4.307518
2389 2 3.4878755
2389 5 2.598372
2389 6 1.0
2389 19 2.3605068
2389 43 2.440222
2391 1 4.3645926
2391 6 3.795476
2391 7 4.1529627
2391 14 3.9488626
2391 75 3.4432096
2409 5 1.837666
2409 12 1.7614411
2409 16 2.2656562
2409 22 1.6684651
2409 59 1.3975037
2411 7 2.2815504
2411 9 3.2322545
2411 13 2.040029
2411 19 1.8546323
2411 31 1.0
2421 9 4.3652735
2421 12 4.044388
2421 14 3.8442392
2421 18 2.942312
2421 37 3.7940762
2422 1 1.87552
2422 9 3.8850474
2422 13 2.1010752
2422 18 2.1733503
2422 39 2.3375041
2423 4 2.2333183
2423 14 2.3890252
2423 15 1.9867269
2423 33 1.5697441
2423 55 1.5051541
2425 1 4.4303265
2425 3 2.3979318
2425 4 3.1486583
2425 6 2.8216336
2425 29 2.6058483
2428 2 3.1608562
2428 9 2.8303568
2428 11 3.5612383
2428 27 2.976224
2428 58 3.9277263
2437 8 2.3902986
2437 11 2.455449
2437 12 3.0220654
2437 20 3.9773335
2437 40 1.3100206
2438 4 1.8669376
2438 11 1.4037557
2438 20 3.0427532
2438 24 1.0675745
2438 73 2.8136485
2439 10 3.3618658
2439 13 2.490128
2439 14 2.9236743
2439 31 2.5891657
2439 52 2.4634428
2440 3 4.1704464
2440 12 3.9959683
2440 13 3.3153257
2440 20 4.350794
2440 39 3.275704
2445 1 3.479967
2445 14 3.3443015
2445 16 3.8035183
2445 23 3.0967436
2445 35 3.036436
2449 5 1.0
2449 14 2.163575
2449 17 1.0
2449 42 1.0
2449 57 1.1475416
2455 11 3.980236
2455 13 3.2437477
2455 19 3.3482072
2455 22 3.6881523
2455 38 4.3069863
2462 5 4.608061
2462 11 2.610239
2462 17 1.7345178
2462 26 4.311473
2462 51 3.1966238
2467 6 1.2600962
2467 12 1.748134
2467 17 1.0
2467 33 1.0
2467 42 1.5579822
2470 3 1.7755886
2470 7 3.7150092
2470 9 3.9627585
2470 18 2.390512
2470 31 2.384163
2471 2 3.1230552
2471 15 2.4748209
2471 17 1.5740979
2471 29 2.2633708
2471 42 3.4662418
2481 1 4.292516
2481 13 3.5425158
2481 14 4.0446734
2481 18 3.1085544
2481 33 3.5473976
2482 1 2.0237908
2482 3 4.070504
2482 8 5.0
2482 11 2.5481343
2482 67 1.7040827
2483 3 1.640446
2483 8 1.0
2483 9 2.1356068
2483 21 1.6096789
2483 62 1.7009724
2486 2 4.0563126
2486 4 3.6678889
2486 7 3.7751641
2486 15 3.6481805
2486 60 2.8170185
2488 6 2.2502763
2488 9 3.0030122
2488 10 2.9833264
2488 14 2.8865807
2488 32 3.462976
2491 6 1.8367044
2491 8 2.4630785
2491 9 3.5012553
2491 18 1.3896853
2491 85 2.6105292
2500 5 1.5950522
2500 10 2.112823
2500 11 2.3323488
2500 18 1.2257354
2500 28 2.019057
2503 10 1.872084
2503 12 3.303133
2503 14 3.5568752
2503 18 2.6086943
2503 31 3.231828
2513 1 3.990081
2513 8 2.3847516
2513 11 3.7021453
2513 20 4.122703
2513 36 2.932599
2518 11 3.719382
2518 17 2.8165178
2518 19 2.94828
2518 23 3.5941522
2518 30 3.5679555
2525 3 2.7273328
2525 7 3.260989
2525 13 2.8515146
2525 21 3.1174703
2525 34 2.7962997
2526 1 2.6658773
2526 9 1.7418566
2526 13 1.210911
2526 31 1.1661445
2526 45 1.4888103
2532 2 4.558251
2532 6 4.0121245
2532 9 4.8194485
2532 27 4.4223657
2532 48 4.4974704
2533 1 3.8826053
2533 3 4.364412
2533 12 3.982925
2533 21 3.8836875
2533 35 3.4889855
2534 1 2.1180716
2534 15 1.5457542
2534 16 2.219818
2534 27 2.3132257
2534 36 1.0
2546 1 1.1605352
2546 6 1.4059676
2546 7 1.0
2546 22 1.0
2546 38 2.0972764
2548 4 2.264431
2548 15 2.097187
2548 20 5.0
2548 26 1.0
2548 34 2.0064921
2555 2 3.6272948
2555 9 3.8373775
2555 10 3.8561513
2555 24 2.3237586
2555 30 2.9015188
2556 1 5.0
2556 6 3.7934997
2556 10 4.7186184
2556 17 3.4544525
2556 31 3.3174415
2566 7 3.4387789
2566 13 2.5324638
2566 17 2.309429
2566 29 1.9901248
2566 47 2.4429429
2568 2 2.2275846
2568 23 2.6645913
2568 24 1.5938059
2568 38 3.5651975
2568 58 1.7754658
2571 1 2.1920347
2571 15 2.1289682
2571 23 2.5333576
2571 27 5.0
2571 48 2.9095566
2575 3 3.3536744
2575 6 3.1335688
2575 9 4.0747614
2575 26 3.636984
2575 55 3.1227336
2577 4 4.0221806
2577 10 4.436392
2577 12 4.2418866
2577 22 3.9118996
2577 31 3.5685544
2584 1 4.0758677
2584 8 3.1277997
2584 9 3.3086133
2584 24 2.68228
2584 52 2.5722725
2586 2 2.8952007
2586 5 2.4634955
2586 9 3.3210979
2586 27 3.0127563
2586 39 3.3431022
2587 2 3.8842888
2587 5 3.4766953
2587 6 3.5827866
2587 16 3.939374
2587 68 3.482329
2595 1 3.8498063
2595 7 2.871514
2595 9 3.5323396
2595 20 2.7918186
2595 50 2.4728804
2601 1 3.5898259
2601 6 3.6037905
2601 19 1.29285
2601 42 3.1542492
2601 56 1.0
2603 5 1.0339655
2603 13 1.0
2603 17 1.0
2603 20 2.9004407
2603 34 1.0
2607 2 2.7874227
2607 11 3.1336331
2607 14 3.0561023
2607 17 2.3685563
2607 70 2.782288
2608 6 1.0
2608 13 1.0
2608 14 3.7676053
2608 21 4.0698204
2608 62 4.5555906
2610 9 4.3702693
2610 15 3.5768108
2610 22 3.7763343
2610 27 1.3736157
2610 58 3.6954992
2623 2 3.7286968
2623 9 4.1342373
2623 11 3.7348278
2623 17 3.25097
2623 45 3.741405
2636 2 1.0643755
2636 8 1.1809983
2636 10 1.1617774
2636 17 1.0
2636 37 1.0
2645 2 2.7477903
2645 8 4.9239254
2645 10 2.7501068
2645 13 2.6515775
2645 90 5.0
2655 1 3.3105826
2655 3 3.883541
2655 5 3.5464242
2655 8 4.2746882
2655 15 2.7803028
2673 11 4.6096277
2673 21 3.298787
2673 22 2.907837
2673 30 1.0
2673 46 5.0
2675 1 4.0102024
2675 18 2.1602101
2675 19 2.2317095
2675 26 3.258303
2675 76 5.0
2680 1 2.0911465
2680 17 1.398672
2680 20 2.952976
2680 28 2.2022057
2680 45 1.4962556
2684 1 3.460681
2684 4 3.541931
2684 16 3.3186417
2684 22 3.0059342
2684 48 3.8541079
2688 1 3.8406715
2688 10 3.711729
2688 17 2.823446
2688 29 2.305817
2688 56 2.092742
2692 4 3.889526
2692 12 4.457468
2692 13 3.4056783
2692 30 3.5634055
2692 47 3.5910256
2705 3 4.2910266
2705 8 3.087275
2705 9 4.017536
2705 21 3.7874172
2705 85 2.6960113
2727 1 3.8358295
2727 7 4.0760584
2727 9 4.5727973
2727 11 3.8919628
2727 44 4.127825
2734 6 3.4400191
2734 10 2.9977357
2734 12 3.6173797
2734 21 3.0571458
2734 36 2.0059643
2742 1 5.0
2742 3 2.6847458
2742 6 2.4035985
2742 10 1.9811423
2742 39 1.0
2747 2 3.3513284
2747 7 3.352715
2747 11 3.3999445
2747 16 3.4550462
2747 36 2.5954132
2749 1 3.2379677
2749 8 2.997438
2749 12 3.1603796
2749 25 2.4912696
2749 40 2.7395318
2757 2 3.8169093
2757 6 2.794282
2757 11 3.9185925
2757 37 3.4434133
2757 86 2.79005
2774 1 3.3484087
2774 15 2.9002404
2774 16 4.0000067
2774 21 3.6992402
2774 52 1.7041283
2786 6 2.1116185
2786 8 3.6663845
2786 9 3.3872197
2786 23 2.771495
2786 80 2.4309433
2791 2 2.8373709
2791 6 3.5759602
2791 9 3.8793125
2791 18 2.032107
2791 37 2.9762568
2796 1 2.6858168
2796 3 3.7927039
2796 7 3.5555458
2796 20 3.9276621
2796 59 2.9020452
2798 4 3.020793
2798 10 2.851527
2798 14 3.111488
2798 26 2.3992162
2798 43 2.0292642
2804 3 2.616611
2804 6 2.4083676
2804 8 3.737451
2804 16 2.8504367
2804 54 2.5529144
2812 1 3.8616042
2812 15 3.0631242
2812 18 2.4843514
2812 25 2.2855525
2812 61 2.6438422
2815 4 3.0676463
2815 8 4.6691494
2815 20 4.178785
2815 26 3.0374525
2815 40 2.608795
2820 1 4.0236235
2820 7 4.013215
2820 8 3.6201742
2820 13 3.1951046
2820 41 3.445354
2822 2 3.9247203
2822 11 3.6990912
2822 15 1.0
2822 23 4.045646
2822 83 2.6827648
2823 2 2.7286131
2823 6 2.737282
2823 7 2.555308
2823 13 2.3406613
2823 27 3.187973
2827 1 2.9784915
2827 7 3.9817295
2827 9 3.4871516
2827 14 3.160181
2827 40 3.219025
2831 2 3.3208847
2831 12 3.5055544
2831 15 2.9861581
2831 17 2.479238
2831 31 2.7157884
2836 1 2.7932277
2836 5 3.0900655
2836 17 2.3948195
2836 31 2.995257
2836 55 2.727711
2837 8 3.6566415
2837 14 1.7835329
2837 19 1.2239659
2837 39 1.0
2837 75 1.7241035
2838 1 2.9993405
2838 7 3.1471183
2838 9 2.9045856
2838 32 1.9925714
2838 57 2.4423451
2840 2 3.222431
2840 9 3.5921793
2840 11 3.217655
2840 20 3.5407808
2840 55 2.2834806
2844 4 5.0
2844 10 3.65451
2844 18 4.699913
2844 35 4.934329
2844 79 1.550415
2859 1 1.7542305
2859 9 3.0571659
2859 11 2.2664862
2859 23 2.89743
2859 54 2.5823371
2860 3 5.0
2860 8 3.112549
2860 16 3.0838919
2860 28 3.197376
2860 72 3.058464
2865 1 5.0
2865 5 2.443237
2865 24 2.3518298
2865 30 1.1189096
2865 50 1.0
2868 4 2.456575
2868 15 1.9638252
2868 19 1.4963758
2868 27 4.469618
2868 47 1.4659402
2869 6 1.9015136
2869 8 3.044149
2869 9 3.795047
2869 17 2.8042479
2869 38 4.064042
2875 1 5.0
2875 5 2.623969
2875 6 3.2228594
2875 20 3.8980985
2875 32 3.1707964
2890 2 3.3694046
2890 5 2.933479
2890 8 1.9214337
2890 14 3.134946
2890 20 3.4677987
2891 2 3.0390098
2891 18 2.1196108
2891 21 3.0473263
2891 26 2.8343244
2891 75 2.4565065
2895 1 5.0
2895 10 3.4835973
2895 14 2.864048
2895 28 2.9156308
2895 42 2.8499403
2903 1 3.179382
2903 5 2.7734766
2903 9 3.7437134
2903 15 3.0932844
2903 22 3.1164405
2908 2 2.3743222
2908 13 1.7592814
2908 14 2.3524406
2908 28 2.2545033
2908 64 1.8573501
2911 2 4.1150184
2911 12 4.0718822
2911 13 1.8529928
2911 26 3.9182386
2911 48 4.807262
2913 1 1.0
2913 7 2.2906995
2913 13 1.2053246
2913 26 2.4781356
2913 51 1.0
2916 8 5.0
2916 14 3.0666585
2916 17 1.3081752
2916 20 3.4674985
2916 66 2.178385
2923 3 4.058484
2923 9 1.2072103
2923 16 1.0
2923 38 1.65723
2923 53 1.346767
2927 5 1.9774358
2927 23 2.4963603
2927 26 2.4052477
2927 34 1.6492736
2927 37 2.3223186
2932 2 3.7967515
2932 13 3.271565
2932 18 2.764701
2932 30 2.476149
2932 35 3.301075
2936 1 4.464704
2936 4 4.0405207
2936 10 4.4379945
2936 17 3.5358522
2936 35 3.6835988
2943 1 2.3078384
2943 4 2.481401
2943 9 3.527228
2943 13 1.709102
2943 34 1.279876
2946 3 1.183989
2946 11 3.1619978
2946 12 3.4369037
2946 17 2.2956007
2946 33 3.353671
2952 2 3.043373
2952 9 3.0365832
2952 11 3.4193668
2952 13 2.1694064
2952 42 2.237117
2956 3 1.5606152
2956 10 3.6999447
2956 14 1.8886473
2956 18 1.6789368
2956 35 2.052022
2964 2 2.9196286
2964 5 2.5494611
2964 8 1.2270626
2964 12 2.9898114
2964 32 2.3823824
2972 8 4.593253
2972 10 4.2445326
2972 14 3.6813922
2972 28 3.3784215
2972 51 3.582365
2981 3 3.699815
2981 15 3.0165927
2981 16 3.3012295
2981 22 2.927386
2981 37 3.3380637
2983 1 4.562929
2983 8 1.6683717
2983 21 2.5231025
2983 29 1.9092325
2983 53 1.3219006
2992 4 3.9869533
2992 12 3.902328
2992 16 3.4114819
2992 35 3.3769512
2992 61 3.3434896
3003 1 4.2801843
3003 4 3.2405288
3003 5 2.9753928
3003 11 3.488761
3003 18 2.0643356
3006 4 3.1292078
3006 8 3.8061793
3006 15 3.140712
3006 32 3.9838219
3006 50 2.3871865
3007 1 1.0
3007 5 1.0
3007 11 1.4638051
3007 14 2.0123804
3007 42 1.3860285
3010 1 3.3996954
3010 5 1.6670531
3010 8 2.1988022
3010 16 2.2978702
3010 47 1.6179883
3011 5 1.0232061
3011 11 2.363206
3011 13 1.7635652
3011 18 1.3870443
3011 59 2.8477848
3016 1 3.5902185
3016 6 3.1000357
3016 7 3.3747873
3016 16 3.3614388
3016 65 2.3838441
3018 2 1.2522899
3018 8 1.0
3018 20 1.0
3018 32 1.0
3018 77 1.0
3020 1 4.439799
3020 6 4.341668
3020 12 4.5512943
3020 34 3.7063277
3020 53 3.6576166
3024 1 1.8812851
3024 3 4.1792994
3024 5 3.214612
3024 10 3.4126472
3024 38 4.1930137
3032 7 2.5346506
3032 12 2.7931447
3032 19 2.5151052
3032 23 2.6395738
3032 51 2.339266
3034 3 3.2345564
3034 8 5.0
3034 10 4.4422607
3034 16 4.563148
3034 42 4.2730193
3035 6 3.6573017
3035 9 3.950805
3035 16 3.997183
3035 25 3.163919
3035 46 3.6303267
3037 1 4.485533
3037 13 3.2554088
3037 14 3.8145537
3037 19 2.786929
3037 58 3.7852778
3042 3 4.0766096
3042 6 3.3978004
3042 8 1.7185854
3042 16 3.4561632
3042 54 3.8532686
3048 2 3.978887
3048 9 4.145471
3048 12 3.9259334
3048 15 3.2678063
3048 43 2.493077
3049 3 2.3533716
3049 11 3.1803627
3049 20 2.7869692
3049 28 2.962283
3049 51 2.4351304
3056 1 4.3143687
3056 21 4.3926754
3056 23 4.349959
3056 33 3.8502843
3056 61 1.0
3063 1 2.016777
3063 8 3.24195
3063 9 3.4402013
3063 25 1.0
3063 58 1.8601239
3083 2 3.2364025
3083 11 3.82943
3083 16 3.3852262
3083 20 3.7753386
3083 64 2.3207536
3090 5 2.9596326
3090 15 3.0999973
3090 21 3.3250418
3090 29 2.156969
3090 60 2.0453658
3094 1 3.8409061
3094 4 3.2992008
3094 16 3.1225662
3094 27 3.4109452
3094 57 2.3448668
3114 3 3.9855034
3114 7 3.218163
3114 11 2.619613
3114 21 3.30851
3114 26 2.941952
3116 1 3.5350957
3116 4 2.155229
3116 6 2.0813196
3116 8 1.0
3116 35 1.8978056
3118 4 3.1460404
3118 22 3.373169
3118 38 2.045607
3118 51 2.6596606
3118 65 2.2318802
3120 1 3.0848339
3120 7 3.297718
3120 15 2.6665378
3120 32 3.213934
3120 93 3.4880843
3128 4 2.070281
3128 25 1.4086481
3128 32 2.2291021
3128 34 1.8511838
3128 48 2.7400634
3129 2 4.457556
3129 10 4.567095
3129 11 4.4312735
3129 26 4.206874
3129 33 3.8941286
3130 1 4.1105924
3130 3 4.3191485
3130 7 3.9152522
3130 15 3.6456347
3130 28 3.8978314
3132 1 1.7043183
3132 4 1.749193
3132 16 2.2457407
3132 25 1.5395387
3132 38 1.0699704
3140 4 3.8304956
3140 16 3.8048334
3140 18 2.6944208
3140 22 3.531139
3140 39 3.4815936
3141 8 4.4766445
3141 14 3.6601222
3141 15 3.5010328
3141 29 2.7784398
3141 82 2.9743109
3144 7 3.535539
3144 14 3.6439772
3144 15 3.297101
3144 21 3.823741
3144 75 3.1196897
3145 8 5.0
3145 10 3.8756948
3145 14 3.5221107
3145 21 3.9164927
3145 60 2.8142118
3146 2 2.975524
3146 23 3.359392
3146 24 3.1315775
3146 32 3.147851
3146 53 3.4034412
3150 3 3.7001607
3150 15 1.8407388
3150 17 1.2010341
3150 34 1.3942161
3150 55 1.8103337
3156 1 2.8652987
3156 10 4.010681
3156 13 3.1173322
3156 27 3.9063497
3156 42 4.012836
3167 2 1.5657803
3167 5 1.7062215
3167 11 1.4915055
3167 30 1.5673177
3167 50 1.069041
3176 4 3.651846
3176 15 3.6573498
3176 18 2.9377851
3176 38 3.855613
3176 79 3.2603302
3191 2 3.5404456
3191 10 3.84625
3191 11 3.581524
3191 17 2.8063264
3191 34 2.8002653
3192 6 1.146656
3192 15 1.0
3192 16 3.2459836
3192 48 1.0
3192 79 1.0
3194 4 3.3782122
3194 9 4.1030865
3194 10 3.7630723
3194 27 3.6769497
3194 34 2.8753293
3195 4 2.4403687
3195 14 3.5149252
3195 15 2.3782558
3195 24 2.6198747
3195 38 4.052067
3196 1 4.715173
3196 7 2.3701649
3196 10 2.7439466
3196 24 1.814167
3196 52 1.4932656
3200 1 4.634204
3200 9 4.5617805
3200 11 4.4062476
3200 24 4.141144
3200 50 4.097337
3202 3 3.6626177
3202 13 2.5445764
3202 27 3.2001085
3202 34 2.2338724
3202 69 2.270134
3206 2 3.1617105
3206 11 3.8129797
3206 12 3.1042824
3206 16 3.0238576
3206 60 2.3521833
3207 2 1.0
3207 13 1.0
3207 14 1.0
3207 30 1.0
3207 62 1.042873
3220 1 2.8901472
3220 7 3.8620164
3220 8 2.6352758
3220 17 2.4112318
3220 37 3.7281585
3224 4 3.769917
3224 12 3.6615248
3224 17 3.1613274
3224 27 3.1182797
3224 42 3.8340878
3225 5 3.55144
3225 8 3.8177178
3225 10 4.264464
3225 12 3.937284
3225 36 3.197549
3229 1 3.7007537
3229 4 3.671483
3229 6 3.138391
3229 21 3.3036764
3229 27 3.6108217
3232 8 5.0
3232 10 3.8748355
3232 12 3.636087
3232 23 3.7429514
3232 37 3.7701602
3240 1 1.0
3240 6 3.1051404
3240 8 3.912784
3240 20 4.320605
3240 88 3.3857565
3243 4 5.0
3243 9 4.6325912
3243 18 3.6416895
3243 23 3.806919
3243 55 4.1251397
3245 4 3.7454758
3245 20 3.2579284
3245 27 3.5818882
3245 46 3.6736465
3245 53 2.7759244
3247 4 1.0
3247 12 1.3256527
3247 13 1.0
3247 19 1.0
3247 37 1.0
3251 5 3.4116344
3251 14 3.3437955
3251 15 3.641239
3251 31 2.8307288
3251 55 2.7458205
3264 4 4.067598
3264 10 4.4379416
3264 17 3.4381723
3264 34 3.3677292
3264 55 3.974694
3267 4 3.4410036
3267 13 3.0138476
3267 19 3.516315
3267 28 4.4519796
3267 47 3.4541667
3270 3 3.2438307
3270 19 2.5531685
3270 27 3.1355433
3270 39 2.2498825
3270 47 2.4846125
3274 3 2.13077
3274 10 4.561961
3274 14 3.8855891
3274 18 2.9585757
3274 50 3.0550056
3275 3 3.6934774
3275 7 1.8889588
3275 10 2.8519652
3275 20 2.8374298
3275 29 1.4364544
3280 3 4.3470078
3280 9 4.276316
3280 20 4.1095777
3280 25 2.9247963
3280 65 2.721336
3287 11 2.7057714
3287 18 1.8940396
3287 19 2.3483245
3287 25 1.9114652
3287 67 1.6581116
3288 3 3.2157016
3288 7 2.7297566
3288 8 2.4731743
3288 14 2.737549
3288 22 2.970538
3291 3 4.521748
3291 7 4.408059
3291 11 4.395107
3291 27 4.3627357
3291 52 3.6176996
3303 6 2.5768964
3303 8 2.8155572
3303 14 3.043249
3303 26 2.6579003
3303 72 2.8217504
3304 4 2.8450038
3304 11 2.5478394
3304 21 2.4023533
3304 27 2.8041403
3304 50 1.9125971
3311 1 3.0026736
3311 8 2.8055692
3311 12 3.166876
3311 19 2.341548
3311 75 2.5535817
3322 2 2.4331946
3322 7 1.6009313
3322 13 1.5336344
3322 16 3.202113
3322 30 1.0
3332 8 4.305461
3332 11 3.8838215
3332 12 3.9974892
3332 22 3.7188232
3332 75 3.4479704
3338 2 2.0561936
3338 16 1.2615553
3338 19 1.0
3338 23 3.343699
3338 29 5.0
3340 1 3.8399863
3340 5 3.1840594
3340 6 3.2702823
3340 16 3.381984
3340 43 2.6195164
3351 5 1.9544325
3351 9 2.3393645
3351 12 2.7357237
3351 20 2.626353
3351 47 1.8844364
3354 3 4.2707157
3354 5 3.6107745
3354 12 4.060733
3354 24 3.2737386
3354 39 3.4223561
3359 2 2.923933
3359 11 1.3365968
3359 26 3.3653407
3359 32 1.0
3359 42 1.2478962
3364 1 3.466068
3364 8 3.0303926
3364 9 3.3831708
3364 28 2.9239228
3364 49 3.3500624
3368 3 3.7577147
3368 8 4.235198
3368 11 3.9242125
3368 18 2.9925325
3368 52 3.1176262
3381 1 3.398483
3381 4 2.8646498
3381 17 2.2452495
3381 34 1.8257256
3381 71 2.3396442
3387 5 2.8173413
3387 11 3.191168
3387 13 2.5794308
3387 18 2.0742476
3387 52 2.2635863
3397 7 1.0
3397 13 1.0
3397 14 1.0
3397 34 1.0
3397 67 1.0
3402 3 3.9278543
3402 12 3.877341
3402 13 3.0962727
3402 25 2.609737
3402 45 3.4288745
3404 1 3.9368973
3404 3 3.7914343
3404 8 2.6799738
3404 29 2.81199
3404 57 1.583758
3428 7 2.8584938
3428 15 2.363079
3428 22 2.7639265
3428 41 1.0
3428 63 2.254946
3430 5 2.142238
3430 11 2.494538
3430 15 2.3256013
3430 34 1.9193997
3430 47 2.8801808
3436 4 2.2946274
3436 19 1.4854498
3436 24 1.9107693
3436 40 1.8655237
3436 52 2.1304016
3443 1 3.379201
3443 7 2.9809697
3443 14 2.9587824
3443 32 2.7144415
3443 80 3.0675457
3445 3 3.4335878
3445 5 2.835412
3445 10 2.74413
3445 32 2.619042
3445 52 2.5120032
3446 6 3.458844
3446 8 3.725564
3446 12 3.9948862
3446 15 3.5496635
3446 49 3.5173063
3447 1 4.135025
3447 6 3.7717752
3447 7 3.834084
3447 9 4.363366
3447 22 3.8820322
3448 1 1.0
3448 5 2.658037
3448 13 1.3548069
3448 22 2.767923
3448 60 1.2049093
3453 1 3.1849592
3453 5 2.4642622
3453 6 2.4535782
3453 16 3.1032472
3453 28 2.7335122
3461 1 2.6336453
3461 3 3.2470574
3461 9 2.8955295
3461 21 2.5285132
3461 79 1.6409686
3467 7 1.8594077
3467 9 2.9419537
3467 12 2.7557285
3467 15 1.729926
3467 40 1.7691457
3468 1 2.4668345
3468 4 2.5069094
3468 7 2.2609754
3468 19 1.6477156
3468 25 1.2768817
3471 2 3.554599
3471 16 3.248481
3471 21 2.9539757
3471 29 2.0370057
3471 48 3.3893914
3483 2 1.5051394
3483 9 1.0
3483 13 1.0
3483 31 1.0
3483 54 1.0
3484 1 4.226172
3484 10 4.3360825
3484 11 4.2751646
3484 24 3.6179776
3484 38 4.180511
3496 6 2.0029857
3496 13 1.4694402
3496 14 1.7978902
3496 20 1.0
3496 57 2.3623455
3507 1 4.818931
3507 6 4.1649837
3507 9 2.0203567
3507 21 2.6002848
3507 48 3.9233181
3509 1 3.3036947
3509 8 1.5562527
3509 16 1.0
3509 49 2.1454203
3509 63 1.0
3516 1 3.6972208
3516 18 3.1193185
3516 19 3.1401243
3516 26 4.490549
3516 51 3.5638633
3517 3 3.716641
3517 11 3.7583194
3517 17 3.100478
3517 21 3.0019317
3517 35 2.9522192
3522 2 3.533498
3522 8 3.0135856
3522 14 3.0307498
3522 30 1.1793507
3522 58 3.871902
3532 1 4.0963182
3532 8 3.587121
3532 9 4.2007465
3532 26 3.6888988
3532 70 2.7331178
3535 1 3.0899498
3535 8 2.6040149
3535 9 3.4017458
3535 11 2.9718502
3535 32 2.6599727
3537 2 4.1072946
3537 4 3.6389537
3537 15 3.0622227
3537 21 3.9705882
3537 54 4.286643
3548 2 2.8082736
3548 10 3.7510827
3548 14 3.262628
3548 22 2.8059013
3548 30 2.0359206
3549 3 4.372141
3549 8 2.5677752
3549 11 2.7668934
3549 19 2.8416235
3549 43 2.0795553
3554 2 3.2071025
3554 7 3.82261
3554 12 3.1282063
3554 28 3.081055
3554 38 3.396892
3557 2 3.7643533
3557 5 2.9362545
3557 6 3.776259
3557 18 2.616186
3557 37 3.5154827
3562 2 3.451147
3562 5 3.7336502
3562 7 4.003423
3562 11 3.9638996
3562 22 3.8461485
3563 2 3.4306355
3563 18 2.4891129
3563 19 2.8482554
3563 38 3.9476485
3563 46 3.1044502
3567 6 2.7834594
3567 12 3.280228
3567 20 3.7375593
3567 27 3.1916635
3567 35 2.939039
3569 6 1.0
3569 11 2.958987
3569 19 2.2818468
3569 25 2.3945906
3569 80 3.0210047
3570 3 4.3022685
3570 10 4.418522
3570 14 4.301929
3570 42 4.2661467
3570 57 4.022881
3574 1 3.4139915
3574 3 2.6410637
3574 5 2.1835241
3574 27 2.967325
3574 46 1.8124926
3576 6 2.1200008
3576 10 2.5985181
3576 11 2.3453074
3576 26 1.6439412
3576 67 1.2181002
3578 3 4.19403
3578 9 4.242824
3578 15 3.5499988
3578 22 3.599654
3578 50 3.3095367
3584 1 4.0300784
3584 4 3.8446012
3584 5 3.4366753
3584 13 3.3203986
3584 27 3.466785
3586 1 3.16229
3586 3 4.0440435
3586 5 2.9544766
3586 25 2.1336787
3586 72 3.0791364
3590 1 2.7144108
3590 19 3.001509
3590 31 2.7452736
3590 38 2.893349
3590 62 3.4370964
3591 2 2.8545976
3591 5 2.115758
3591 6 3.61008
3591 17 1.780426
3591 73 4.9847097
3592 7 3.9638953
3592 11 3.595333
3592 14 3.6508102
3592 22 3.3634894
3592 34 3.0880046
3594 3 2.429966
3594 18 1.0
3594 19 1.0
3594 25 1.0
3594 76 1.0
3596 4 1.9231408
3596 10 1.9406967
3596 11 1.162211
3596 16 2.4750562
3596 43 1.0
3605 3 4.425702
3605 7 4.2789555
3605 11 4.2380743
3605 18 3.0288124
3605 46 3.2410116
3614 4 2.9724684
3614 8 3.5306683
3614 9 4.2169504
3614 25 2.8147967
3614 78 2.6862664
3615 13 1.0
3615 23 2.677059
3615 25 1.1146872
3615 34 1.0470198
3615 49 1.654007
3624 8 3.4488149
3624 17 2.8984437
3624 20 3.9647307
3624 27 3.5274677
3624 43 1.3826149
3627 6 4.1584964
3627 25 3.3388023
3627 37 5.0
3627 47 3.3113444
3627 57 5.0
3628 1 1.0
3628 13 1.0
3628 20 1.0
3628 27 2.9702477
3628 70 1.0
3639 4 4.088798
3639 6 4.104448
3639 11 3.8509204
3639 20 4.21327
3639 32 3.753302
3641 3 4.1647387
3641 6 2.971047
3641 11 2.983342
3641 16 3.3354864
3641 52 1.4721801
3651 6 1.5838965
3651 9 1.5900964
3651 10 2.121828
3651 21 1.0
3651 44 2.7147255
3653 1 3.4969194
3653 13 2.7242582
3653 14 3.3782563
3653 26 3.3718386
3653 55 2.854801
3662 2 2.2687693
3662 4 2.3579063
3662 14 2.6331944
3662 30 3.3116426
3662 44 3.0696242
3665 1 2.9532006
3665 5 3.2409034
3665 12 3.5659354
3665 19 3.2828617
3665 33 3.029787
3670 1 3.7805643
3670 8 3.6076427
3670 13 2.9208043
3670 16 4.0731287
3670 33 2.9537127
3683 1 3.9184458
3683 6 3.301105
3683 10 4.116698
3683 20 4.7325993
3683 53 3.3823054
3686 1 3.1087277
3686 9 3.7544723
3686 13 2.2426445
3686 18 2.3989832
3686 62 3.277265
3687 2 4.5066624
3687 9 4.838238
3687 16 4.6426544
3687 30 3.5787299
3687 43 3.5677974
3688 2 1.69233
3688 12 1.8259532
3688 18 1.0
3688 29 1.0039339
3688 47 1.5476694
3695 2 3.371797
3695 4 3.3174415
3695 16 3.60819
3695 27 3.8316922
3695 62 3.9027421
3696 7 3.0924757
3696 11 3.2856991
3696 12 3.5957167
3696 27 3.8128173
3696 45 2.952751
3699 3 3.2069619
3699 5 1.8082073
3699 7 1.7109776
3699 19 1.992636
3699 45 1.7498608
3712 6 2.2588305
3712 14 3.1174898
3712 15 3.1727285
3712 25 2.6350577
3712 36 2.6640944
3717 8 1.720104
3717 16 2.4234471
3717 18 1.2966044
3717 29 1.4403975
3717 49 2.2899706
3725 2 2.3460557
3725 8 2.1187863
3725 22 2.0289888
3725 33 3.0867288
3725 42 3.6664696
3737 1 4.7817097
3737 5 3.1220663
3737 11 3.408294
3737 24 2.9349687
3737 42 3.501069
3738 1 3.7760534
3738 5 2.9954777
3738 10 4.109212
3738 12 2.685548
3738 22 2.27851
3739 9 3.6907616
3739 18 2.6057272
3739 21 3.6054025
3739 28 3.1978023
3739 56 2.6257257
3742 1 3.1703024
3742 8 2.7211356
3742 13 2.265545
3742 17 2.034043
3742 48 3.2527583
3745 3 5.0
3745 8 3.2302487
3745 10 2.7610817
3745 26 1.7627833
3745 58 2.1573832
3750 2 3.9397378
3750 13 3.4005098
3750 16 4.1415725
3750 31 3.4634514
3750 37 3.63305
3756 2 3.7694786
3756 4 3.2913995
3756 6 2.5861628
3756 25 2.5380216
3756 61 1.0
3759 6 1.6868441
3759 22 1.6180321
3759 28 1.810261
3759 30 1.0552307
3759 53 1.1479096
3760 1 1.7534177
3760 13 1.8682482
3760 14 3.313933
3760 17 1.0
3760 50 1.0
3764 2 2.680749
3764 9 3.1056457
3764 15 1.5127558
3764 22 1.4479597
3764 51 1.9630795
3765 3 3.5844705
3765 21 2.9134405
3765 22 2.741513
3765 30 3.3111355
3765 82 1.5892364
3770 6 3.7923615
3770 11 3.676924
3770 14 3.6190257
3770 16 3.7117627
3770 40 3.2372363
3773 3 4.189622
3773 9 3.1643171
3773 11 2.6490157
3773 19 1.9373636
3773 41 1.6939981
3774 1 1.4428465
3774 4 1.9070051
3774 21 2.6536984
3774 27 3.547598
3774 46 1.9513875
3777 1 3.7431571
3777 5 2.87533
3777 8 1.0
3777 24 2.5005963
3777 43 2.5076635
3778 1 1.3733953
3778 6 1.2157903
3778 10 3.6007967
3778 28 2.9857614
3778 70 3.6839159
3780 5 2.060258
3780 13 2.4390397
3780 16 2.8469791
3780 21 2.3469841
3780 46 2.4871914
3781 2 2.7201426
3781 10 3.321555
3781 14 2.369715
3781 34 2.122209
3781 79 2.8743837
3784 6 2.9366767
3784 10 3.328658
3784 11 2.7143245
3784 16 2.418671
3784 43 1.5018244
3790 1 1.7702757
3790 6 1.260797
3790 12 2.7703533
3790 24 1.0
3790 47 1.0
3794 3 3.6514971
3794 7 3.2190096
3794 8 2.933116
3794 14 3.2330735
3794 32 2.9807196
3798 1 2.966854
3798 12 3.7096565
3798 18 3.11363
3798 31 3.3426406
3798 49 1.0
3800 2 4.0652018
3800 7 3.9982808
3800 8 3.6528602
3800 15 3.7414675
3800 50 3.2871628
3811 1 3.7172306
3811 20 3.4637203
3811 25 3.2283082
3811 28 3.1877284
3811 44 3.2604222
3816 2 3.3916414
3816 9 4.3383365
3816 17 2.998629
3816 23 4.19768
3816 65 2.910023
3821 4 1.7071812
3821 9 3.202788
3821 12 2.6861444
3821 15 1.6071651
3821 50 1.0
3831 5 1.0
3831 8 3.7263174
3831 10 3.0601687
3831 23 3.1750994
3831 32 3.1761045
3833 1 2.8242345
3833 10 2.99783
3833 11 2.7343307
3833 16 3.369327
3833 53 1.9381013
3834 5 3.9748077
3834 7 4.165052
3834 15 2.1081743
3834 20 4.965276
3834 29 1.9327326
3841 1 4.025918
3841 6 3.5599937
3841 9 4.273792
3841 18 2.8642137
3841 37 3.698845
3852 8 5.0
3852 13 2.133495
3852 14 3.14557
3852 27 3.7812364
3852 37 1.9683499
3862 2 3.8952975
3862 9 2.853031
3862 13 1.0
3862 23 3.4906843
3862 60 2.4817348
3869 1 3.8920982
3869 5 4.036378
3869 13 3.3831367
3869 38 4.082214
3869 52 3.879912
3875 2 2.130531
3875 7 1.5413959
3875 18 1.1717324
3875 27 5.0
3875 53 2.3315892
3877 1 1.991742
3877 14 1.9607174
3877 21 1.9186208
3877 34 1.0
3877 71 5.0
3880 2 3.6744385
3880 9 2.7790463
3880 11 4.0083084
3880 17 3.3676066
3880 51 2.8274438
3882 5 1.0
3882 8 1.0
3882 9 1.3187119
3882 17 1.0
3882 35 1.2506636
3884 3 4.6238155
3884 11 4.062157
3884 22 4.033754
3884 27 4.520966
3884 64 3.4645727
3887 6 2.5354686
3887 11 3.6763377
3887 14 3.2560763
3887 25 2.6829014
3887 36 2.6182663
3889 6 2.4269376
3889 17 1.8671832
3889 18 1.6409183
3889 22 2.6082742
3889 33 2.3150122
3892 2 3.531029
3892 6 2.870107
3892 7 2.666305
3892 16 3.6583471
3892 43 2.415838
3893 2 3.4107187
3893 4 3.3940976
3893 10 3.8829412
3893 14 3.4726584
3893 34 2.6625447
3894 1 3.406865
3894 6 3.2218058
3894 10 3.886489
3894 23 3.0401528
3894 44 1.0
3897 7 4.1382623
3897 12 4.122374
3897 13 3.903471
3897 18 3.3007386
3897 79 3.5697925
3899 1 4.355773
3899 4 4.4546294
3899 5 3.9442267
3899 16 4.158453
3899 47 3.718989
3900 2 1.0
3900 4 1.0
3900 7 1.0
3900 17 1.0
3900 25 1.0
3910 5 2.511877
3910 7 2.8984597
3910 9 4.3608365
3910 16 3.661845
3910 26 2.5022087
3914 4 3.8736222
3914 9 2.224741
3914 12 3.5016668
3914 24 2.0848873
3914 51 2.7467537
3928 4 3.268132
3928 10 3.1710238
3928 16 3.5689397
3928 24 2.6802564
3928 38 3.783987
3931 5 3.1425128
3931 11 3.2436888
3931 12 3.6433513
3931 24 3.1364012
3931 62 3.988849
3933 6 4.0500216
3933 9 1.9296954
3933 15 1.4121999
3933 24 1.0
3933 80 3.0778
3938 5 3.0386968
3938 7 3.9368153
3938 12 3.2999988
3938 19 3.0300055
3938 58 2.8899086
3939 2 3.8798382
3939 9 4.4085846
3939 20 4.4013605
3939 28 3.9027328
3939 37 3.8842814
3952 11 2.9829547
3952 23 2.9008856
3952 32 3.0699067
3952 40 2.095612
3952 66 2.172959
3956 1 2.583361
3956 14 2.927986
3956 16 3.0009894
3956 30 1.8332913
3956 39 2.3101437
3968 1 4.1488857
3968 5 2.3415194
3968 10 2.89143
3968 23 2.2409616
3968 38 2.386678
3971 4 3.9608667
3971 8 2.2904534
3971 13 2.8901863
3971 22 3.286285
3971 64 2.7487745
3972 3 4.5432177
3972 7 4.6640534
3972 11 4.3733444
3972 21 4.534465
3972 59 5.0
3996 1 2.7469301
3996 4 3.4604435
3996 7 3.4746015
3996 17 2.9842303
3996 61 1.0
3997 3 4.7486205
3997 15 3.8505783
3997 19 3.3716686
3997 26 3.9627573
3997 85 5.0
3998 1 5.0
3998 3 4.076972
3998 5 3.3320427
3998 13 3.226142
3998 72 2.702624
4006 1 4.0006685
4006 5 3.6435351
4006 10 3.8117003
4006 27 3.7077527
4006 48 4.406411
4008 1 3.518782
4008 4 2.8488243
4008 8 2.6541328
4008 24 3.157123
4008 63 2.2001925
4009 4 2.888505
4009 15 2.7990527
4009 20 3.9276257
4009 37 5.0
4009 77 5.0
4016 4 3.7111528
4016 7 2.7018535
4016 9 1.0
4016 13 2.852582
4016 45 3.1787527
4018 4 2.9551215
4018 9 3.8656135
4018 13 2.7008214
4018 30 3.171184
4018 74 3.331699
4019 6 3.522141
4019 13 3.261034
4019 17 3.0127661
4019 36 3.0563397
4019 51 3.3983307
4020 2 2.602736
4020 13 2.436005
4020 16 2.968225
4020 28 2.7334573
4020 44 2.7970452
4026 4 1.1350539
4026 9 1.5846258
4026 12 1.4885838
4026 25 1.0
4026 52 1.0
4031 11 4.1562924
4031 25 3.5569692
4031 33 3.8228743
4031 39 3.5373726
4031 84 3.9697962
4040 2 3.1680627
4040 7 2.572207
4040 11 3.341582
4040 22 2.5519369
4040 53 2.003121
4041 4 2.5616443
4041 20 3.1762352
4041 21 2.7201006
4041 29 1.7768707
4041 60 1.5510042
4050 4 3.3230536
4050 6 2.6620908
4050 15 3.3647363
4050 26 3.7244868
4050 51 2.9897997
4069 2 3.2341125
4069 13 2.8734505
4069 16 3.3729572
4069 24 2.175783
4069 47 3.0522928
4071 8 4.3373823
4071 14 2.535707
4071 24 2.1884713
4071 30 2.4048157
4071 49 2.8581295
4072 1 2.4172492
4072 5 1.9156672
4072 12 2.346793
4072 15 2.0139837
4072 32 2.023582
4073 10 3.1629255
4073 19 1.4836836
4073 20 2.7232852
4073 27 2.1242437
4073 77 2.4881477
4074 2 3.28505
4074 5 3.0363364
4074 14 3.4017615
4074 26 3.4147806
4074 42 3.6912992
4079 6 1.0521107
4079 10 2.308354
4079 13 1.0
4079 27 4.609791
4079 45 1.0
4081 10 3.1623256
4081 25 2.416304
4081 27 3.9174283
4081 33 3.3020275
4081 51 2.347823
4083 4 2.449984
4083 15 2.5504785
4083 21 3.2356796
4083 30 1.0788088
4083 74 3.528851
4087 2 2.4171891
4087 20 2.9503274
4087 25 1.4989284
4087 32 1.8329842
4087 48 2.3414428
4090 2 3.8877087
4090 4 3.5289555
4090 6 2.8768759
4090 21 3.8045387
4090 87 1.0
4095 1 2.5858014
4095 9 2.6526437
4095 10 2.6651413
4095 14 2.4512467
4095 28 1.7063781
4110 7 3.974244
4110 15 2.611303
4110 17 2.0057
4110 21 3.5107455
4110 50 2.2516756
4114 3 2.826839
4114 12 2.5062175
4114 21 2.3506317
4114 33 1.5946956
4114 69 1.7290871
4115 4 4.9726286
4115 6 4.3570137
4115 7 4.748497
4115 14 4.617288
4115 36 4.1107864
4122 1 2.896909
4122 7 3.7633636
4122 15 2.832161
4122 20 5.0
4122 47 3.3722322
4127 1 4.38615
4127 16 4.3281517
4127 17 3.5805984
4127 28 4.135205
4127 42 4.1122704
4128 4 5.0
4128 9 3.6666164
4128 11 2.699645
4128 15 3.0595224
4128 35 2.2908213
4132 4 3.604796
4132 8 3.4115458
4132 11 3.4476156
4132 14 3.6659284
4132 34 3.001228
4138 1 2.8858864
4138 4 4.4876056
4138 5 3.871174
4138 14 3.3192446
4138 29 3.2387037
4148 8 1.243607
4148 19 1.6473614
4148 21 2.0139084
4148 26 2.1702478
4148 45 1.6096709
4151 1 4.169689
4151 8 3.4840312
4151 10 4.155038
4151 16 3.6051147
4151 42 3.5473423
4156 8 3.49232
4156 19 3.533332
4156 21 4.08827
4156 33 3.6477036
4156 48 4.7166877
4159 1 1.9205495
4159 7 2.4106383
4159 11 2.3874884
4159 23 3.019062
4159 40 2.030308
4163 4 3.166452
4163 9 5.0
4163 10 3.8842814
4163 19 2.8553026
4163 50 2.031243
4167 1 3.8887134
4167 5 3.0570436
4167 7 3.537733
4167 24 2.9704895
4167 52 1.3494377
4172 7 2.546231
4172 13 1.9239808
4172 15 2.4374216
4172 26 2.261039
4172 42 2.825596
4173 1 1.6326531
4173 9 1.646368
4173 11 1.2666775
4173 17 1.0
4173 34 1.0
4174 3 2.9557757
4174 5 2.451768
4174 9 2.9573207
4174 19 2.607891
4174 48 2.6393328
4178 7 2.8417354
4178 17 2.6802845
4178 22 3.1264405
4178 33 2.9179497
4178 58 4.0030684
4179 1 4.1667213
4179 6 3.6693802
4179 8 5.0
4179 16 4.4734545
4179 54 3.8284667
4184 7 3.386569
4184 12 3.863136
4184 16 3.396009
4184 24 2.6970901
4184 56 2.5570052
4186 5 2.2848957
4186 7 2.6452093
4186 9 3.0411038
4186 19 1.7698935
4186 59 1.3597736
4207 1 3.3805323
4207 3 3.3574057
4207 8 2.784877
4207 15 2.7990441
4207 59 2.9471655
4208 3 2.8553052
4208 12 1.9885098
4208 13 1.6977266
4208 25 1.6449379
4208 45 2.8789291
4212 3 3.8868163
4212 6 2.148614
4212 13 2.0942793
4212 18 1.2665033
4212 69 1.0
4213 2 3.438875
4213 7 3.3250508
4213 9 3.4210017
4213 18 2.650405
4213 54 2.8756773
4215 3 2.9937973
4215 13 1.711439
4215 15 2.0420132
4215 36 2.246081
4215 61 1.6138492
4221 3 2.7410207
4221 8 1.3460932
4221 13 1.0363909
4221 17 1.0
4221 64 2.3119807
4224 2 3.0975268
4224 10 2.8808808
4224 17 1.6561466
4224 31 2.413105
4224 76 1.5320799
4231 5 4.164274
4231 8 5.0
4231 11 4.040948
4231 14 3.9212456
4231 40 3.0749698
4236 4 1.0937315
4236 15 1.9318427
4236 18 1.6636031
4236 22 2.7528648
4236 42 1.5861961
4242 9 4.326604
4242 18 2.8165975
4242 21 4.1679697
4242 30 3.5063593
4242 61 1.6810396
4248 5 2.442279
4248 14 3.0790434
4248 32 2.757499
4248 38 3.1858692
4248 62 3.3733153
4250 3 3.7389596
4250 9 1.9087708
4250 32 3.0450535
4250 41 2.474001
4250 61 2.7278025
4260 5 1.0
4260 13 1.0
4260 21 1.0
4260 26 2.2519815
4260 50 1.0
4275 3 3.7145665
4275 8 4.0475364
4275 19 2.80058
4275 29 2.8184495
4275 62 2.6503072
4277 7 1.9381657
4277 13 1.6050298
4277 15 1.5303049
4277 21 2.0179362
4277 43 2.721655
4287 1 4.490303
4287 12 4.4824095
4287 16 4.8778934
4287 21 4.5840254
4287 56 3.793153
4293 4 2.691958
4293 12 2.8462698
4293 14 2.5808854
4293 18 1.5636477
4293 45 2.4415817
4294 1 5.0
4294 10 3.3842683
4294 11 3.3592172
4294 25 1.0
4294 69 2.1392143
4297 5 2.6971114
4297 8 3.0184526
4297 15 2.879226
4297 29 2.2077572
4297 44 2.8144553
4300 1 1.0
4300 3 2.4457593
4300 6 5.0
4300 25 1.818242
4300 55 1.4157417
4305 16 4.545993
4305 25 3.0718062
4305 26 3.4647036
4305 34 3.5018582
4305 63 4.663101
4307 1 2.572494
4307 4 3.2818346
4307 7 3.4142978
4307 14 3.6788955
4307 26 3.5472765
4317 4 3.5639095
4317 11 3.5791025
4317 21 1.7398647
4317 26 3.259494
4317 70 2.4439569
4320 2 3.3395708
4320 4 2.607455
4320 7 2.4830039
4320 11 2.6539211
4320 30 2.952249
4330 2 2.8178337
4330 15 2.5341156
4330 22 2.5673053
4330 27 3.1510072
4330 64 2.1747484
4333 1 1.936208
4333 15 1.9002788
4333 30 2.298383
4333 40 1.8940468
4333 66 1.5671774
4335 2 1.6889571
4335 8 3.3397608
4335 14 3.028487
4335 24 2.349708
4335 68 1.0
4339 4 1.551287
4339 8 1.0
4339 9 1.3459374
4339 20 1.2927004
4339 65 1.0
4342 1 3.3548937
4342 9 4.256979
4342 20 4.1560693
4342 29 2.8423572
4342 56 2.748274
4345 3 4.16837
4345 11 4.050356
4345 12 4.179035
4345 19 3.4535902
4345 54 4.47619
4346 1 3.5671253
4346 5 4.343407
4346 13 3.2991762
4346 19 2.310194
4346 43 1.9705523
4348 4 2.0950642
4348 9 2.8715508
4348 11 2.5749686
4348 22 2.295609
4348 37 2.3155723
4354 2 2.3591323
4354 4 2.2855155
4354 8 2.438865
4354 18 1.0
4354 77 2.6052964
4356 3 4.193499
4356 15 3.4857008
4356 18 2.685572
4356 24 3.319993
4356 49 3.6387537
4370 2 3.5625393
4370 9 3.6571045
4370 10 3.4273422
4370 19 2.9447832
4370 34 2.4641433
4371 1 5.0
4371 3 2.0450978
4371 5 1.0
4371 13 1.0
4371 40 2.447696
4375 6 1.6237713
4375 13 1.0
4375 16 2.1006174
4375 24 1.2777239
4375 64 1.0
4382 1 3.2514544
4382 6 2.855732
4382 10 3.1216655
4382 20 2.0987885
4382 44 1.0
4385 1 2.388401
4385 4 2.2699554
4385 6 1.9263065
4385 24 1.3164978
4385 35 1.6996776
4386 2 2.4081275
4386 4 2.4143372
4386 10 2.3749921
4386 24 1.1604484
4386 59 1.5507689
4388 3 3.1980324
4388 9 3.5528831
4388 10 2.614471
4388 18 1.3465014
4388 64 1.7385738
4396 1 3.47551
4396 5 2.0170732
4396 15 2.4820209
4396 28 3.0284607
4396 42 3.5719428
4404 10 1.4662049
4404 19 1.0
4404 20 1.7721548
4404 47 1.2428051
4404 86 1.0
4407 3 2.5545058
4407 11 3.3999193
4407 19 1.8438752
4407 22 2.3309333
4407 32 2.7168941
4410 1 3.6893723
4410 3 3.9469023
4410 9 3.870662
4410 15 2.9247928
4410 70 5.0
4414 1 2.3100185
4414 7 3.3338628
4414 8 3.7060277
4414 18 1.0
4414 68 1.802697
4417 1 3.5449722
4417 11 3.7655265
4417 24 3.83616
4417 34 3.5837753
4417 48 4.650886
4424 3 3.3774517
4424 9 3.05844
4424 12 3.314151
4424 23 3.340351
4424 38 3.3383136
4426 6 3.4238133
4426 21 4.0268598
4426 22 3.6729012
4426 29 2.9858294
4426 68 3.3843045
4427 2 2.9630218
4427 10 2.5898995
4427 11 2.2990513
4427 26 2.7669454
4427 49 1.3842144
4429 4 2.8457556
4429 15 2.613155
4429 16 3.83033
4429 24 2.665306
4429 35 2.9991527
4453 16 3.0838487
4453 23 2.837198
4453 25 2.4363046
4453 29 1.2701362
4453 42 2.827198
4455 4 3.021483
4455 7 3.0296237
4455 11 2.708107
4455 13 2.2804236
4455 26 2.8789809
4460 4 3.7435813
4460 7 1.5266933
4460 8 2.4219377
4460 22 2.7846842
4460 62 4.769
4463 2 3.1985705
4463 11 3.2970285
4463 13 2.487636
4463 28 2.991211
4463 52 3.4509122
4475 4 3.662963
4475 8 2.5202677
4475 9 2.706102
4475 26 2.7652326
4475 42 2.5083158
4484 2 3.1987426
4484 9 3.6192946
4484 10 3.449487
4484 19 2.5082526
4484 48 3.3701053
4487 7 3.3024833
4487 11 3.372855
4487 12 2.964785
4487 22 2.9841266
4487 30 2.7719445
4488 9 4.2972193
4488 15 4.060411
4488 16 4.196104
4488 23 4.725336
4488 35 3.8622656
4491 2 3.5485592
4491 20 4.3063283
4491 21 3.703461
4491 25 1.8651154
4491 45 2.271981
4498 1 3.7339683
4498 5 3.6470602
4498 14 3.5319262
4498 23 3.4783566
4498 34 3.2919695
4503 4 2.5161166
4503 12 2.509592
4503 18 1.6030078
4503 26 3.2372384
4503 40 2.12498
4504 6 3.5042565
4504 13 3.2169006
4504 15 3.5128155
4504 20 5.0
4504 52 3.0933433
4507 2 2.6798012
4507 8 5.0
4507 13 2.4357045
4507 17 2.5768993
4507 30 2.7401807
4514 3 3.5348287
4514 5 3.4782472
4514 9 4.128959
4514 12 3.9263525
4514 44 3.3251143
4522 2 3.6322978
4522 16 3.8394704
4522 17 3.1820471
4522 40 3.0828123
4522 78 2.4157033
4525 11 2.1158926
4525 23 2.20367
4525 28 2.2237391
4525 43 1.0
4525 91 1.0
4526 6 2.679484
4526 25 2.862274
4526 32 2.8097038
4526 41 4.3875885
4526 69 3.7313564
4531 1 3.8284993
4531 9 3.5034065
4531 11 3.7992625
4531 27 2.9455364
4531 35 3.1914225
4533 1 2.765497
4533 7 3.6405644
4533 10 3.8427348
4533 15 2.9997034
4533 49 4.606478
4534 3 2.9082546
4534 10 3.2575245
4534 12 2.9076104
4534 19 1.9746156
4534 64 2.4878454
4536 10 1.7918819
4536 27 4.736817
4536 44 1.0
4536 53 1.8862877
4536 64 1.680691
4541 2 1.9885244
4541 17 1.187525
4541 18 1.0
4541 25 1.0684223
4541 50 1.2070776
4545 6 3.2731721
4545 12 3.9308076
4545 13 2.7830706
4545 31 2.8953614
4545 39 3.2599182
4547 3 4.605525
4547 10 4.331182
4547 12 4.088817
4547 37 3.913881
4547 75 3.45117
4552 1 4.292117
4552 13 3.1749282
4552 19 2.9174228
4552 34 3.4201074
4552 67 3.411634
4556 2 1.7099503
4556 9 1.6293577
4556 18 1.6550645
4556 26 1.165583
4556 37 1.0
4561 10 4.584445
4561 19 3.970266
4561 26 4.790317
4561 46 4.483607
4561 77 4.3451447
4562 11 3.8178325
4562 17 2.9722943
4562 18 2.7188373
4562 21 3.8523803
4562 65 2.9418569
4565 1 3.6134932
4565 5 3.2558854
4565 6 2.9583201
4565 34 2.8501987
4565 64 3.0476437
4566 1 3.0565264
4566 9 2.7220771
4566 12 2.378282
4566 39 1.5582228
4566 62 3.6508927
4571 1 1.3102374
4571 5 3.1184783
4571 6 2.4742463
4571 10 3.4094033
4571 33 2.133224
4573 8 1.0
4573 16 2.2594028
4573 19 1.0
4573 32 2.9919198
4573 43 1.0
4576 1 3.2314904
4576 8 2.5311859
4576 9 3.3576555
4576 26 2.965248
4576 50 1.8137143
4577 8 1.4382839
4577 16 1.5611485
4577 19 1.3281014
4577 31 1.0
4577 78 1.0
4578 10 4.1842837
4578 13 3.2792492
4578 23 4.44748
4578 38 4.0293365
4578 78 5.0
4579 3 3.1335728
4579 9 3.0112216
4579 13 1.4550767
4579 24 1.2983878
4579 49 1.8639095
4581 1 3.71184
4581 4 3.5402393
4581 7 3.619277
4581 13 2.9758942
4581 61 3.4043546
4585 9 3.9375257
4585 13 2.8696876
4585 18 2.5618427
4585 20 3.9807558
4585 56 2.889421
4590 2 2.6641412
4590 6 1.9876642
4590 7 2.8419425
4590 11 2.4113941
4590 37 2.2877252
4596 4 3.1338763
4596 7 2.2873147
4596 8 5.0
4596 13 2.402865
4596 39 2.0553904
4598 1 4.7727346
4598 20 5.0
4598 29 3.606353
4598 47 3.5486014
4598 73 3.7994351
4615 1 2.993852
4615 12 3.0733955
4615 13 1.7969544
4615 20 2.5283651
4615 36 1.0
4624 1 3.465713
4624 4 3.2599778
4624 8 2.6335027
4624 10 3.3898265
4624 17 2.5596461
4628 2 3.3895307
4628 15 3.282821
4628 17 3.1028764
4628 34 2.788695
4628 72 2.8688693
4639 2 3.5362983
4639 14 3.3197238
4639 27 4.3051643
4639 30 3.952898
4639 64 2.7764554
4652 2 3.0267541
4652 11 3.127091
4652 23 2.869209
4652 31 2.103432
4652 58 2.4333913
4654 1 1.8934963
4654 7 2.2948277
4654 11 1.8731885
4654 23 1.7566772
4654 41 1.0945678
4660 1 3.6194158
4660 9 3.7986555
4660 15 3.0956087
4660 49 2.9327645
4660 88 3.654714
4669 2 3.0932348
4669 8 2.6521094
4669 9 3.0046062
4669 11 2.986735
4669 64 2.2775598
4679 5 1.2547506
4679 10 3.0137045
4679 14 2.0343533
4679 21 2.250976
4679 30 5.0
4681 2 2.6650755
4681 7 2.5607007
4681 16 2.999724
4681 27 5.0
4681 62 3.2395372
4693 6 2.9440231
4693 12 3.566195
4693 13 2.663898
4693 15 2.8366504
4693 59 1.4488792
4694 2 3.5315554
4694 13 3.5918722
4694 14 4.5266395
4694 21 1.0
4694 57 2.0995157
4698 6 2.6875978
4698 12 3.0959842
4698 15 2.571195
4698 21 2.594602
4698 61 2.3964279
4704 2 2.4956284
4704 5 3.439936
4704 6 1.2896197
4704 13 3.4883955
4704 88 1.6267071
4705 3 2.91806
4705 13 2.6983404
4705 14 3.1373148
4705 30 5.0
4705 48 4.0105414
4707 2 3.5437996
4707 6 3.439689
4707 11 3.765017
4707 17 2.959042
4707 32 2.999677
4713 8 2.992867
4713 12 2.8719058
4713 17 2.081887
4713 33 2.5935402
4713 62 3.6592517
4715 3 2.5435622
4715 23 1.1163641
4715 24 1.506259
4715 34 1.5907247
4715 48 2.4650557
4721 2 4.3664412
4721 9 4.895774
4721 10 4.506599
4721 15 3.982525
4721 20 4.8816004
4723 2 3.2359304
4723 10 3.2240162
4723 14 3.3534956
4723 17 2.3286135
4723 32 3.1940086
4727 1 4.147975
4727 3 3.6969266
4727 4 3.599846
4727 8 2.6108842
4727 23 3.9779868
4732 1 2.7913182
4732 4 2.913367
4732 9 3.6132138
4732 19 2.6736205
4732 64 1.6941825
4736 1 3.1967738
4736 7 3.3577962
4736 8 5.0
4736 13 2.72587
4736 24 2.1237416
4739 1 4.3667636
4739 8 3.9689121
4739 11 4.1366825
4739 18 2.8096206
4739 26 2.7012405
4740 3 3.900068
4740 13 3.4234936
4740 14 3.833085
4740 18 2.9544811
4740 43 3.0161033
4743 1 3.0791113
4743 11 3.3598924
4743 15 2.7820537
4743 22 3.3856833
4743 65 2.4662216
4747 1 3.30091
4747 7 2.3243432
4747 8 3.5856822
4747 13 2.3590004
4747 18 2.0520084
4749 3 2.720141
4749 7 4.3396397
4749 8 4.175594
4749 18 3.3462799
4749 39 3.9344182
4752 1 1.0
4752 6 1.0
4752 15 1.0
4752 22 1.0
4752 53 1.0
4754 2 2.897199
4754 4 2.8652177
4754 5 2.966167
4754 16 2.8814225
4754 48 3.957485
4755 2 2.520178
4755 8 1.0043926
4755 26 1.9302114
4755 28 2.0686727
4755 45 2.382059
4759 4 3.6763747
4759 9 4.084217
4759 15 3.4805784
4759 18 2.8444686
4759 46 4.7789135
4772 1 3.6267996
4772 6 3.2553344
4772 8 2.859797
4772 23 3.9339917
4772 58 3.1503146
4777 5 1.7161181
4777 11 2.315451
4777 13 1.9605342
4777 18 1.8535811
4777 31 2.158116
4779 1 4.4821267
4779 8 3.9178634
4779 13 3.9654374
4779 38 5.0
4779 60 3.3395395
4782 1 3.8287199
4782 19 2.6852007
4782 28 3.4654632
4782 37 3.0572264
4782 78 2.3168385
4784 1 2.442498
4784 14 3.711735
4784 16 4.186074
4784 30 1.3768163
4784 43 2.0551462
4787 1 4.1765785
4787 10 4.0208735
4787 13 3.4067779
4787 17 3.1391714
4787 43 3.1883492
4793 4 1.880971
4793 8 2.32447
4793 9 2.7023695
4793 16 2.6844535
4793 41 1.0945874
4798 1 3.9803786
4798 15 3.2132468
4798 27 3.933998
4798 48 4.1810007
4798 66 3.087633
4804 1 2.3342059
4804 4 2.1050565
4804 5 1.6937703
4804 15 1.828818
4804 39 1.5923548
4816 1 1.0
4816 9 2.875409
4816 15 1.6667402
4816 19 1.3947364
4816 57 2.8085418
4825 2 2.9855456
4825 13 1.5310107
4825 21 2.6266603
4825 38 2.9614353
4825 66 1.0
4831 1 5.0
4831 5 3.2678041
4831 6 4.912983
4831 17 2.8799648
4831 24 3.4025962
4840 5 2.00038
4840 10 3.8891764
4840 15 3.2452714
4840 29 2.650652
4840 70 2.8351927
4848 3 4.074231
4848 5 3.7946548
4848 6 3.9290757
4848 15 3.8917522
4848 36 3.411055
4852 2 4.256157
4852 10 4.483437
4852 12 4.282241
4852 19 3.6038172
4852 66 2.7671418
4858 5 3.800539
4858 13 3.7661428
4858 14 4.295327
4858 42 3.8792815
4858 69 3.7912848
4860 4 1.0
4860 9 3.0632226
4860 14 2.7531734
4860 22 2.5587685
4860 68 1.7213964
4864 6 2.2183132
4864 10 2.6224818
4864 13 1.7980773
4864 16 2.8062716
4864 28 2.6349304
4867 2 4.460325
4867 9 4.9245963
4867 14 4.4323254
4867 16 4.648476
4867 49 4.057207
4868 1 2.8019426
4868 8 3.54424
4868 15 2.6909523
4868 24 2.8934445
4868 70 1.4029849
4881 1 3.1205983
4881 10 3.5595174
4881 15 3.0234475
4881 27 3.548236
4881 61 2.673973
4884 2 1.2201434
4884 8 1.0121331
4884 9 1.6236696
4884 13 1.0
4884 31 1.0
4887 3 5.0
4887 7 2.2491393
4887 12 2.3672662
4887 41 1.2374822
4887 56 1.5827637
4903 5 1.5215597
4903 13 1.0894842
4903 15 1.8035686
4903 19 1.8393683
4903 29 1.0
4908 3 3.9070656
4908 10 3.8061903
4908 13 2.9227653
4908 24 2.4119358
4908 42 3.8463843
4909 1 3.3909338
4909 5 5.0
4909 13 3.1475806
4909 19 3.0561676
4909 38 4.175876
4913 1 4.033015
4913 5 3.5380883
4913 9 4.310058
4913 27 3.8949306
4913 51 3.6785545
4917 1 3.6083083
4917 5 2.8669486
4917 6 3.2261794
4917 15 3.0104854
4917 56 2.347378
4919 5 2.6459198
4919 17 1.9130563
4919 22 2.9991298
4919 34 1.9148564
4919 56 2.1869788
4921 2 2.9728584
4921 12 3.5250065
4921 15 3.4372633
4921 21 3.0725887
4921 62 4.0582833
4923 1 3.6812947
4923 9 3.26259
4923 12 2.4211779
4923 18 1.4017566
4923 32 2.551601
4936 3 2.9992263
4936 11 1.0516404
4936 12 1.538634
4936 22 1.9305627
4936 78 1.0
4946 5 2.003502
4946 18 1.4528116
4946 30 1.0
4946 42 2.6467316
4946 70 1.3022497
4948 12 3.7498693
4948 16 3.736266
4948 18 2.9250076
4948 22 3.542585
4948 36 3.1585197
4959 3 2.6879075
4959 9 3.644839
4959 19 2.2800567
4959 24 2.2773006
4959 47 1.6087562
4960 2 3.4966967
4960 6 2.548549
4960 14 3.603533
4960 21 3.3676744
4960 31 2.4530437
4962 2 3.6262841
4962 16 4.109152
4962 17 2.2803602
4962 29 2.2965279
4962 56 2.8195598
4967 1 4.8780804
4967 10 4.6985817
4967 15 4.2166114
4967 36 3.887577
4967 54 4.5498557
4976 4 1.0213866
4976 9 1.5596684
4976 11 1.0544672
4976 15 1.0
4976 38 1.0
4978 1 3.2555237
4978 12 3.325401
4978 18 3.1282563
4978 37 2.5522306
4978 61 2.659719
4983 1 2.3730855
4983 8 2.2503197
4983 12 2.7223382
4983 14 2.4137194
4983 27 2.7236388
4985 1 2.2237396
4985 10 1.7398689
4985 12 2.3632631
4985 19 1.3280301
4985 49 1.0
4990 4 1.6252415
4990 9 1.9767841
4990 10 1.9807485
4990 16 1.9788691
4990 77 1.8871177
4992 3 2.9733393
4992 8 3.1538024
4992 12 3.3275704
4992 24 2.6811156
4992 33 2.3057752
4996 4 1.1510632
4996 9 3.8182814
4996 14 3.2248168
4996 18 2.1985939
4996 32 3.2435253
