4 1 3.2380564
4 5 3.2476704
4 6 2.8500733
4 10 3.427511
4 41 2.0771537
7 3 3.9197838
7 5 3.0784001
7 6 3.0135705
7 11 3.0429833
7 79 2.4130588
16 1 3.8537402
16 12 3.5690756
16 13 2.6991193
16 34 2.6273086
16 66 3.8824084
17 1 3.261772
17 7 2.7466335
17 11 2.95816
17 18 2.23441
17 32 2.6984103
21 4 2.9075391
21 12 3.1787734
21 15 2.632494
21 21 3.113332
21 39 2.6087015
23 2 2.4578235
23 8 2.6647775
23 14 2.7616768
23 32 2.6257882
23 85 1.7223973
41 8 2.633943
41 16 3.2654474
41 18 2.0630736
41 24 2.4607215
41 38 3.5408344
42 1 3.8682113
42 12 3.2144623
42 18 1.9186962
42 29 1.4871202
42 55 1.4718423
51 2 3.1773562
51 6 2.7533975
51 9 3.3337877
51 35 2.6454015
51 62 3.3729959
58 5 1.2958585
58 9 2.8083024
58 10 2.7212207
58 18 1.0
58 39 1.9612528
60 1 3.156009
60 12 3.2368882
60 18 2.1729207
60 57 1.8083814
60 88 2.5408316
61 1 3.577182
61 10 4.027687
61 12 3.3982174
61 18 2.7089922
61 50 2.3493702
62 1 2.742813
62 6 1.3217217
62 14 2.6627138
62 38 3.0700805
62 54 2.823285
67 2 4.1367874
67 17 2.6309645
67 18 3.1019208
67 24 2.8199863
67 35 3.0257192
69 2 2.914522
69 11 2.7835267
69 12 2.9725924
69 14 2.525302
69 26 2.5124288
72 3 3.096939
72 8 2.5724487
72 9 3.459037
72 15 2.2996676
72 38 3.0669043
91 2 3.2856035
91 16 3.4141412
91 17 3.2385793
91 21 3.790747
91 58 2.9327364
101 2 3.5125215
101 5 3.062526
101 6 3.1949396
101 15 3.1626806
101 38 3.8399847
104 2 2.98036
104 6 2.9194596
104 7 3.0666733
104 19 2.3325121
104 63 1.7809032
105 3 3.308206
105 10 3.511728
105 12 3.234214
105 21 3.163709
105 52 2.2555175
109 3 3.45453
109 5 2.4601216
109 14 2.9862144
109 28 2.9881856
109 49 2.5489235
114 4 2.3206723
114 10 2.6947255
114 14 2.417009
114 27 2.394521
114 39 1.7244351
134 5 2.4304845
134 16 3.0286312
134 18 1.5300134
134 27 2.9511206
134 65 2.0473244
143 1 3.061848
143 9 3.1832352
143 10 3.2357056
143 27 2.8679814
143 37 3.0873528
144 1 3.164444
144 3 3.6344256
144 7 3.0332832
144 15 2.9230435
144 43 2.413711
152 2 2.4534464
152 8 2.8339388
152 9 3.2875745
152 12 2.981267
152 32 2.4765105
154 1 2.9092531
154 3 3.5824695
154 5 2.997879
154 14 3.1010387
154 31 2.6132426
158 4 3.6926215
158 7 3.3448615
158 13 2.572735
158 18 2.1871386
158 45 2.856325
168 6 3.1003335
168 11 3.4906673
168 13 2.6580052
168 23 3.7183049
168 56 2.5187907
177 2 3.2312708
177 5 2.7857106
177 13 2.536858
177 18 2.2404575
177 48 3.5150554
180 3 3.3244812
180 8 2.8220546
180 9 3.7752209
180 11 3.1885781
180 30 2.408664
187 4 2.813417
187 10 3.05081
187 17 2.123546
187 39 2.0203397
187 65 2.1602485
190 2 2.1283436
190 4 1.976914
190 13 1.0
190 25 1.0
190 65 1.0
191 4 3.2255316
191 6 2.8722284
191 15 2.852441
191 22 3.353808
191 33 2.9739232
192 2 2.9948983
192 9 3.6548572
192 15 3.0134835
192 28 3.2966511
192 36 2.5634062
193 4 2.54756
193 6 2.5910995
193 7 2.583387
193 16 3.0059266
193 38 2.83479
197 2 2.95009
197 12 3.0393121
197 13 2.604086
197 20 3.3668308
197 40 2.590434
200 6 2.8290143
200 16 3.7151558
200 17 3.3109796
200 45 2.9979258
200 67 2.833004
201 7 3.1563592
201 10 3.3647544
201 14 2.8720858
201 21 3.1268926
201 33 2.76798
217 5 2.7090392
217 8 2.8421772
217 17 2.3447983
217 27 3.228596
217 53 2.2792127
223 2 3.3172429
223 5 3.0558047
223 7 3.0240126
223 13 2.5837157
223 44 2.9662406
233 5 2.6781757
233 10 3.432159
233 11 3.3517463
233 15 3.0688884
233 56 2.410357
235 4 2.0956182
235 9 2.91197
235 11 2.5424018
235 17 1.7375367
235 38 2.7667747
237 1 3.069137
237 10 3.0242503
237 12 3.1059058
237 19 2.143636
237 43 2.0573943
239 1 3.592019
239 9 3.819747
239 19 2.7700276
239 27 3.5071182
239 76 2.765718
248 1 3.1290975
248 6 2.5100255
248 9 3.3278418
248 16 2.9872785
248 30 2.5110593
251 6 2.603828
251 11 3.2790835
251 16 3.167826
251 21 2.6418657
251 37 2.669181
252 3 3.6020277
252 10 3.5319
252 12 3.1075203
252 15 2.678463
252 48 3.2426388
261 4 2.1875594
261 7 2.6912491
261 10 3.1172345
261 20 3.0921385
261 51 2.427129
265 1 3.232812
265 15 2.861961
265 18 1.9201694
265 29 2.054941
265 56 2.42645
266 7 3.224861
266 11 3.3914402
266 15 2.643987
266 32 2.8353066
266 74 2.7621815
271 2 2.9270124
271 10 3.059655
271 11 3.0080123
271 30 2.3147461
271 38 3.3430548
272 3 3.5110009
272 5 2.9927254
272 6 3.4844134
272 15 3.0689986
272 26 2.8701015
278 1 3.4445064
278 15 2.986471
278 16 3.4764123
278 31 2.849889
278 52 2.7915022
283 1 2.3100824
283 9 2.505945
283 12 2.820848
283 23 2.135742
283 28 2.5281084
290 3 3.117241
290 12 2.577479
290 14 2.6879594
290 22 2.1713765
290 64 2.1927192
291 2 2.7295887
291 11 2.8250358
291 13 1.6334219
291 24 1.8416793
291 40 1.7947056
301 1 3.2619123
301 13 2.5126052
301 17 2.2659738
301 24 2.7056584
301 55 2.554484
303 1 3.706837
303 5 2.651884
303 15 2.8432896
303 23 3.318611
303 50 2.2139525
318 2 3.1242106
318 5 2.8022318
318 10 3.189356
318 15 2.697761
318 57 1.9646671
319 7 3.0805285
319 12 3.8060532
319 15 2.9865286
319 19 2.9213345
319 57 2.7797782
321 1 3.312925
321 7 3.0358717
321 8 2.6926417
321 14 3.0396245
321 21 3.2385685
325 2 3.3116243
325 9 4.0450506
325 10 3.924926
325 16 3.4387026
325 35 3.0047083
328 5 2.368136
328 16 2.9572191
328 23 3.2276318
328 27 3.1090086
328 73 2.6719916
333 2 2.8243604
333 12 2.9518964
333 13 1.261379
333 16 2.9969528
333 45 2.3714736
343 4 2.6657984
343 9 3.536691
343 11 3.1690247
343 18 2.2484343
343 72 4.330749
346 4 3.4611363
346 8 2.8216426
346 12 3.11829
346 26 2.9368408
346 47 2.713655
351 1 3.456445
351 7 3.3575294
351 15 2.862169
351 36 2.5802782
351 44 3.0028257
354 4 2.1988323
354 8 2.526026
354 9 3.0780299
354 30 2.0450013
354 67 1.0
367 14 2.760556
367 18 1.9411259
367 20 3.4984348
367 41 1.9670596
367 75 2.4083369
369 3 3.160389
369 14 3.0155146
369 22 2.818301
369 26 2.4182572
369 49 1.7221224
372 1 3.0337129
372 10 3.0926175
372 16 2.7836945
372 28 2.5145493
372 65 1.8403791
376 4 3.398117
376 6 3.1859236
376 9 3.8864322
376 20 3.915708
376 67 2.8338342
378 7 3.573951
378 15 3.368116
378 16 3.4042094
378 27 3.5074267
378 66 2.9320729
379 1 3.1748571
379 5 2.6926534
379 7 2.8991008
379 13 2.4062772
379 71 2.437195
380 3 3.5003881
380 8 2.8768861
380 13 2.4755814
380 20 3.4366992
380 59 2.418592
382 2 2.8040416
382 5 2.500707
382 9 3.2957335
382 14 2.8255012
382 68 2.2734087
384 2 3.2349138
384 4 3.2656715
384 6 2.8589542
384 18 2.3145008
384 82 3.4266593
385 1 2.5300186
385 3 2.6664295
385 6 2.5034602
385 9 3.2635548
385 25 2.049001
386 1 3.9306018
386 9 3.8228083
386 14 3.2553828
386 20 4.054405
386 44 3.2134957
395 2 3.2385542
395 8 2.6370587
395 9 3.4058962
395 14 3.0935304
395 27 3.0604446
397 2 3.0697386
397 7 2.8761377
397 10 3.2189972
397 18 1.5805355
397 43 2.0359967
401 1 3.3580089
401 4 3.2894444
401 9 3.8513741
401 33 2.6314964
401 59 2.6537259
413 6 2.6836789
413 8 2.7743325
413 11 2.507625
413 16 2.4008908
413 29 2.0844917
414 2 2.560039
414 7 2.485209
414 14 2.5972145
414 31 2.2278705
414 63 1.8855346
426 2 3.4262483
426 12 3.5258956
426 19 2.4871309
426 42 3.5006464
426 63 2.6483715
427 2 2.765999
427 8 2.7957942
427 11 2.895504
427 19 1.671761
427 42 3.0139754
433 3 3.2892816
433 5 2.6227963
433 17 2.2187068
433 31 2.3995652
433 80 3.3366044
434 2 3.4701245
434 8 2.8251972
434 9 3.5484776
434 23 3.2782705
434 64 2.858955
435 5 2.7843778
435 7 3.1622689
435 10 3.1562757
435 27 2.9099095
435 52 2.357223
441 2 3.1590974
441 11 3.4960437
441 13 2.428405
441 23 3.3292913
441 48 3.396058
448 2 3.3732324
448 4 3.150463
448 12 3.3643284
448 16 3.3284726
448 33 2.7059011
456 2 3.4527533
456 6 3.0030859
456 7 4.047914
456 24 3.0008614
456 45 3.130995
468 3 3.1769543
468 6 2.7281156
468 8 2.5662155
468 25 1.5470215
468 73 2.700078
473 1 3.1950853
473 3 3.6495862
473 7 3.2050672
473 22 3.2088406
473 63 2.5026798
480 7 2.6416738
480 12 3.0646923
480 14 2.7219906
480 25 2.1808648
480 83 1.7003338
486 2 3.0475981
486 4 3.1129878
486 10 3.6450799
486 21 3.2448773
486 52 3.1819096
491 3 3.3815246
491 5 2.605918
491 8 2.9787035
491 21 3.0385747
491 49 2.3798437
500 4 3.7665899
500 16 3.4664018
500 18 2.230135
500 22 3.1988566
500 56 2.6527884
501 8 2.611733
501 22 2.6570969
501 35 2.6976938
501 46 2.5613732
501 86 1.9884354
506 1 3.1006346
506 9 3.3649259
506 13 1.8593421
506 17 2.1181288
506 31 1.8968403
516 1 3.8822203
516 8 3.1026511
516 12 3.4522882
516 15 3.0309696
516 47 3.143277
528 2 3.3061035
528 10 3.6363375
528 17 2.5339758
528 24 2.434862
528 41 2.4219573
532 3 3.494106
532 6 3.037576
532 8 3.1690292
532 15 3.285067
532 36 2.4664974
535 1 3.192965
535 4 3.1049826
535 6 2.8874276
535 11 3.1114807
535 48 3.2358177
536 5 2.988941
536 9 3.8218632
536 11 3.4226642
536 17 2.6787267
536 40 2.8179557
539 1 3.51965
539 7 2.9416144
539 8 2.7596254
539 11 3.084257
539 36 1.8587881
546 9 3.8147886
546 21 3.0288234
546 27 3.5107248
546 39 2.3699195
546 77 2.9015203
547 1 2.946166
547 10 3.3554142
547 14 2.9640446
547 19 2.508144
547 42 3.0816216
554 4 2.4582975
554 6 2.324436
554 9 3.023136
554 17 1.7318025
554 25 1.7009773
558 2 1.8510253
558 4 2.3759334
558 10 2.553452
558 19 1.6766683
558 37 2.3736408
560 1 3.0006685
560 5 2.208829
560 8 2.4829733
560 12 2.841819
560 19 1.6833154
562 4 3.264863
562 12 3.6846008
562 14 3.409399
562 17 2.603188
562 29 2.631729
566 2 3.4447997
566 6 2.8840544
566 10 3.430063
566 17 2.7636652
566 36 3.0899098
570 1 2.9896073
570 10 3.4545863
570 13 2.360517
570 29 1.961385
570 62 3.2576725
575 1 3.25679
575 18 1.9111098
575 19 2.1961844
575 24 2.405445
575 47 2.5299556
577 1 3.114297
577 6 2.8821533
577 18 1.8037117
577 28 2.7628436
577 37 2.7610729
580 10 3.5248997
580 12 3.4513662
580 17 2.5045745
580 21 3.3866441
580 29 2.4420977
584 2 3.215733
584 10 3.2098875
584 11 3.3673916
584 26 3.4285648
584 42 3.1449304
588 6 3.555436
588 11 3.3974185
588 12 3.847335
588 23 3.592192
588 67 3.0529199
614 2 2.875262
614 21 3.230438
614 26 2.879622
614 29 1.8683456
614 64 2.5536704
616 4 2.9315612
616 13 2.0014207
616 15 2.3088448
616 27 2.8745832
616 62 2.8482704
629 2 3.2251244
629 27 3.266402
629 31 2.746443
629 49 2.5974123
629 60 1.908115
631 5 1.6732262
631 10 2.2837563
631 16 2.7694654
631 20 1.8342799
631 35 2.2156737
632 4 2.655487
632 8 2.6557887
632 10 3.0849729
632 25 2.0763104
632 42 2.844831
636 2 3.0422952
636 6 2.363277
636 18 1.9905567
636 24 2.7066665
636 37 2.8634567
643 4 2.9025075
643 31 2.4647133
643 33 2.623282
643 46 2.1656964
643 80 3.2228441
655 3 3.5155659
655 9 3.5976727
655 14 2.8249044
655 18 2.1188886
655 27 3.4850256
656 11 2.5071428
656 16 2.8707104
656 18 1.7244148
656 29 1.6060759
656 48 2.7974858
665 1 3.6884298
665 17 2.7163725
665 18 2.0867293
665 24 2.7757988
665 30 2.6608691
671 1 2.8152676
671 6 2.5055969
671 9 3.4624276
671 18 2.0206275
671 47 2.6346157
675 16 3.0826516
675 21 2.881451
675 28 2.684662
675 36 2.148217
675 60 1.4881167
678 3 3.4106445
678 10 3.3749387
678 14 3.0834408
678 26 2.6592865
678 49 2.4835277
681 3 2.9576786
681 8 1.714539
681 10 3.0776987
681 28 2.5176125
681 55 1.2772264
695 2 2.4828954
695 15 2.0460362
695 21 2.7734277
695 32 2.4004452
695 56 1.8981525
697 1 2.7832813
697 3 3.3910794
697 8 2.8147821
697 15 2.1239958
697 38 3.5296717
713 1 3.2476249
713 23 3.3844395
713 34 2.353486
713 54 3.2877767
713 64 2.3361664
715 7 2.8949807
715 9 2.9329114
715 13 1.9600456
715 24 1.9820454
715 50 1.636787
717 3 3.3326778
717 6 3.340206
717 30 5.0
717 53 2.040683
717 73 3.0972416
723 1 3.023184
723 7 2.565853
723 9 3.2929523
723 24 2.075859
723 47 2.3826253
728 7 2.863405
728 19 2.3327792
728 21 3.2570634
728 28 2.886927
728 48 3.2549036
735 3 3.5211005
735 6 2.8266447
735 8 3.4047518
735 22 3.3216815
735 71 3.0601995
742 4 3.0485725
742 6 3.197216
742 8 2.7809436
742 14 3.2408273
742 75 2.689379
752 3 3.697055
752 5 2.5967588
752 7 2.4866061
752 19 2.9186132
752 55 2.5384707
753 1 3.9817011
753 11 3.5049644
753 12 3.3405876
753 22 3.0656984
753 54 3.668801
759 3 3.67235
759 6 3.0417974
759 7 2.7316818
759 15 3.0658138
759 56 2.3206198
760 1 2.8547864
760 6 2.3444767
760 21 2.7617505
760 28 2.5120826
760 35 2.390836
762 2 3.2971003
762 8 2.7046423
762 19 3.1281617
762 30 2.4802437
762 73 3.4370744
765 4 2.7495923
765 13 2.1960862
765 14 3.0840037
765 26 3.4063034
765 43 1.957712
772 2 3.6167545
772 8 2.9683025
772 9 3.750914
772 17 2.90334
772 39 2.5873828
778 1 2.9034424
778 4 2.2698104
778 6 2.2747946
778 10 2.8560646
778 39 1.9215008
780 1 2.7596078
780 6 2.4586678
780 10 2.9366724
780 20 3.549224
780 39 2.191294
784 1 3.3508637
784 7 3.5880601
784 8 2.9120839
784 14 3.5471644
784 40 2.6902184
787 1 3.250754
787 13 2.2942762
787 14 2.8827844
787 19 2.5193825
787 35 2.5854566
788 1 2.8587644
788 5 2.4454741
788 6 2.532073
788 21 2.9610598
788 75 2.2358825
794 3 3.4133632
794 18 2.0682049
794 22 2.6683297
794 26 2.7940075
794 60 1.6819226
795 2 3.0287995
795 7 2.9219368
795 13 2.3609962
795 15 2.6040013
795 34 2.3070335
797 1 2.9196422
797 14 3.1055942
797 15 2.41522
797 21 2.9771686
797 27 3.2324395
799 3 3.7293112
799 8 3.216113
799 13 2.7701614
799 25 2.5918736
799 56 2.7016206
801 3 3.5228124
801 18 2.2415717
801 22 3.04887
801 25 2.5108905
801 36 2.714972
810 2 2.5800345
810 12 2.3940775
810 13 1.7793231
810 19 1.9446894
810 52 1.8925275
813 5 2.2442598
813 10 3.1066945
813 15 2.422914
813 23 2.8965828
813 37 2.4243894
816 2 3.3957582
816 5 2.9831529
816 8 2.8808331
816 13 2.4232275
816 19 2.7748833
832 1 3.6090927
832 16 3.5745919
832 19 2.7871013
832 22 3.2497346
832 36 2.6814318
844 3 3.5181618
844 12 3.2282317
844 13 2.4295857
844 17 2.660468
844 38 3.483133
851 1 4.2744946
851 4 3.7315333
851 8 3.056616
851 12 3.285167
851 26 3.575015
867 1 2.3977218
867 4 2.6215494
867 7 2.446145
867 25 1.4815605
867 36 1.5573845
869 1 3.1958075
869 14 2.3740642
869 19 1.891787
869 27 2.8719199
869 38 2.8290098
870 2 2.346061
870 5 1.0047596
870 10 2.7395587
870 17 1.6152405
870 36 1.0
875 1 2.769348
875 9 2.9829788
875 10 2.8772418
875 19 1.6372696
875 33 1.756088
881 1 2.9652326
881 4 2.9681103
881 11 2.8771067
881 28 2.9346712
881 55 2.3037271
888 4 3.0907764
888 9 3.559649
888 25 2.5632734
888 52 2.396374
888 65 2.7625692
895 4 1.7076488
895 6 1.5989735
895 10 2.790794
895 16 2.1136277
895 27 2.463029
899 1 2.9486916
899 17 2.096514
899 18 1.5893637
899 41 1.9609561
899 88 4.1211004
901 5 1.1877916
901 13 1.7222471
901 14 2.3385205
901 19 1.7657669
901 47 1.9354342
902 1 2.7294362
902 3 3.0926328
902 11 2.6691349
902 17 2.0653572
902 43 1.915398
907 1 3.6003835
907 6 3.127603
907 10 3.7065506
907 23 3.5985272
907 73 3.0275514
912 1 3.0784714
912 10 3.1714017
912 11 3.1180184
912 20 3.5830731
912 36 2.3213692
913 1 3.4218516
913 3 3.7825592
913 9 3.9577436
913 21 3.195353
913 28 2.9912786
916 1 3.3219337
916 11 3.460044
916 15 2.7999024
916 21 3.2708333
916 69 2.5858576
919 1 3.0742352
919 5 2.638493
919 6 2.784598
919 17 2.4326346
919 48 2.6258628
923 1 3.6801946
923 5 2.8817108
923 10 3.404168
923 20 3.5925674
923 50 2.2398973
924 1 3.5807097
924 3 3.561458
924 11 2.9515598
924 31 2.4217417
924 39 1.6982956
937 4 3.1715145
937 7 3.327299
937 8 3.3613462
937 22 3.0192993
937 50 2.2295883
944 2 2.795414
944 4 2.8207343
944 5 2.7082825
944 9 3.3695443
944 70 1.9479185
945 7 3.0235102
945 16 3.3414876
945 17 2.5341842
945 27 3.2626567
945 40 2.8324988
952 1 3.661872
952 4 3.1028397
952 5 2.628841
952 9 3.7914634
952 64 2.4736233
955 2 2.6717255
955 18 1.4504696
955 26 2.607382
955 42 2.8231356
955 65 1.9712263
963 7 3.0794177
963 10 2.9193823
963 12 3.0017073
963 23 2.9262497
963 42 2.9665866
966 6 1.9609555
966 11 2.2824419
966 17 1.6277564
966 24 1.0
966 33 1.0
972 1 2.9943695
972 11 3.4455419
972 12 2.979872
972 20 3.4694304
972 49 2.3868473
975 1 3.1880455
975 12 3.077117
975 13 2.3307188
975 21 2.884791
975 48 3.204335
978 4 1.8260288
978 13 2.316942
978 15 1.8948615
978 31 1.2855766
978 56 1.9372061
979 2 3.5508466
979 11 3.9111965
979 16 3.606207
979 19 3.1962125
979 34 2.8719265
982 2 4.0781097
982 18 2.8132892
982 21 3.398121
982 25 2.7441964
982 52 2.4768865
983 3 2.7047799
983 7 2.6164358
983 12 2.841526
983 22 2.1847374
983 39 1.0
984 2 3.5204284
984 6 3.07046
984 8 3.1290507
984 21 3.37858
984 47 2.829269
991 4 2.3287497
991 13 1.2444345
991 18 1.0
991 27 2.6660464
991 50 1.5781635
993 1 3.012637
993 4 2.7171876
993 7 2.8794942
993 19 1.8418188
993 31 2.2624161
996 3 3.58628
996 12 3.2639327
996 14 3.1219752
996 24 2.742339
996 67 3.170865
1023 1 2.63898
1023 8 3.0340762
1023 12 2.9417694
1023 17 2.1859174
1023 32 2.758248
1026 1 2.905882
1026 6 2.2324135
1026 7 2.7225125
1026 18 1.4657769
1026 33 1.3105278
1027 2 3.577663
1027 7 3.487063
1027 11 3.5613904
1027 21 3.625774
1027 42 3.6462426
1030 1 3.6166787
1030 7 3.3708801
1030 9 3.8444068
1030 19 2.7946873
1030 32 3.2253387
1033 1 3.3147824
1033 4 2.9252384
1033 14 3.244416
1033 22 3.1554441
1033 52 2.2893114
1037 2 3.2573097
1037 7 3.1541626
1037 25 1.9484574
1037 29 2.2358592
1037 80 3.328437
1038 3 3.0047874
1038 12 2.0455198
1038 13 1.8620093
1038 19 1.6188138
1038 42 2.5031416
1042 2 2.6077402
1042 5 2.4641564
1042 7 2.9214718
1042 16 2.845047
1042 45 2.2800386
1044 1 3.4134734
1044 4 3.3481648
1044 6 2.9270377
1044 14 3.476093
1044 29 2.386481
1056 12 2.8106978
1056 19 2.2318122
1056 20 3.139524
1056 25 2.0388355
1056 38 3.329094
1059 5 2.6457777
1059 8 2.907843
1059 21 2.9804637
1059 34 1.8497655
1059 82 2.2221415
1064 1 3.3955934
1064 3 3.9992657
1064 11 3.42543
1064 17 2.520596
1064 40 2.9228084
1080 6 2.7224119
1080 16 3.2934127
1080 17 2.1641564
1080 27 3.1047528
1080 53 2.1703439
1090 1 3.2513564
1090 5 2.4830225
1090 7 2.9815993
1090 16 3.1934266
1090 32 2.7463357
1091 2 2.7523904
1091 9 3.3633106
1091 11 2.726713
1091 16 3.2625237
1091 36 2.141086
1096 3 3.2348409
1096 9 2.8372269
1096 11 2.3134768
1096 27 2.814629
1096 52 1.6053722
1100 6 3.0533314
1100 10 3.6203315
1100 12 3.3302102
1100 20 3.7105093
1100 48 3.5878382
1112 2 3.412617
1112 6 2.8656695
1112 8 3.1131563
1112 35 3.034158
1112 54 3.559787
1125 7 3.2941775
1125 14 3.2061417
1125 16 3.4023838
1125 21 3.294342
1125 34 2.5205503
1126 1 3.465167
1126 7 3.054431
1126 25 2.2645903
1126 32 2.930057
1126 53 2.113644
1128 7 3.011712
1128 12 3.104465
1128 18 1.8030562
1128 26 3.0471635
1128 54 3.0686994
1146 1 2.9550374
1146 4 2.6944501
1146 5 2.3498433
1146 7 2.7092388
1146 52 2.0190547
1156 1 2.9056854
1156 5 2.5004334
1156 11 2.1372066
1156 16 3.216081
1156 33 2.054502
1158 3 3.1528342
1158 6 2.215784
1158 7 2.7658927
1158 22 2.247862
1158 70 1.8568352
1162 1 3.1029038
1162 13 2.3947823
1162 20 3.101208
1162 35 2.0903587
1162 43 1.8225412
1164 1 3.3827703
1164 5 2.7920043
1164 8 3.1120489
1164 22 3.07089
1164 75 2.6670725
1166 5 2.6658127
1166 9 3.7289305
1166 17 2.3433678
1166 26 2.8828394
1166 43 2.2691402
1174 1 3.106379
1174 9 3.3971207
1174 12 3.0993686
1174 31 2.3099692
1174 59 3.1598506
1180 3 3.8388839
1180 7 3.0851967
1180 8 3.026723
1180 18 2.4984913
1180 31 2.8463416
1188 4 2.2326052
1188 7 2.0742693
1188 16 2.490213
1188 30 1.0
1188 48 2.5631888
1193 2 3.0971513
1193 11 3.2093215
1193 15 2.8493056
1193 24 2.6664262
1193 48 3.198118
1196 5 3.4554276
1196 12 3.5407634
1196 19 2.8559246
1196 22 3.4869747
1196 58 3.263939
1199 1 3.2037368
1199 7 2.9684403
1199 13 2.4812193
1199 19 2.3777215
1199 39 2.32102
1202 6 2.6851022
1202 12 3.1659732
1202 23 3.3085961
1202 28 2.9799895
1202 37 2.926778
1213 1 2.9964514
1213 9 3.2776792
1213 10 3.2942672
1213 16 3.0599616
1213 63 2.8217247
1223 1 3.2960057
1223 6 3.1894712
1223 11 3.4240384
1223 21 3.113624
1223 42 3.684789
1225 1 2.7577136
1225 12 2.5093615
1225 20 2.7808228
1225 23 2.5818117
1225 59 1.0
1229 10 3.6041605
1229 12 3.6317496
1229 13 2.5279117
1229 21 3.5281155
1229 46 1.0
1234 2 2.5157065
1234 7 2.4252672
1234 11 2.6646845
1234 22 2.2024045
1234 45 2.1046407
1235 2 3.103313
1235 8 2.6910949
1235 12 2.8925629
1235 15 2.5820198
1235 31 2.4745026
1241 1 3.4111884
1241 5 2.6158636
1241 8 2.7357736
1241 19 2.3770447
1241 41 2.2303996
1247 1 3.4071887
1247 6 2.952387
1247 19 2.8094563
1247 35 3.4151077
1247 51 2.8918948
1253 3 3.3294845
1253 7 3.9870868
1253 20 3.620085
1253 27 3.046148
1253 52 2.3249478
1257 5 2.2364438
1257 9 2.863988
1257 15 2.3833623
1257 20 3.1941636
1257 80 2.5170841
1263 2 3.418163
1263 5 2.6175373
1263 6 2.7192643
1263 14 3.1343741
1263 73 3.0946298
1267 15 2.5585573
1267 22 2.9568622
1267 29 2.2901812
1267 35 2.7653198
1267 45 2.7634425
1270 1 2.5390825
1270 4 2.1855686
1270 20 2.7724981
1270 26 2.3405712
1270 66 2.1845767
1275 2 3.1489534
1275 11 3.9111257
1275 21 3.3007271
1275 40 2.9627156
1275 65 2.5758638
1276 3 3.1867394
1276 10 3.838433
1276 18 1.8476079
1276 30 2.6983507
1276 48 3.2038143
1282 2 3.0313962
1282 5 2.3151479
1282 12 3.2190511
1282 24 2.042115
1282 41 2.222487
1286 6 2.725475
1286 14 2.575315
1286 20 3.422279
1286 28 2.4819906
1286 37 2.7155411
1292 6 2.9936366
1292 11 3.3185222
1292 18 2.2888095
1292 28 3.2146041
1292 39 2.835478
1294 3 3.1163685
1294 13 2.221977
1294 14 2.7887673
1294 30 2.2920425
1294 50 1.9155477
1295 14 3.0409071
1295 26 2.8493757
1295 28 3.1032653
1295 32 3.0636344
1295 53 1.8713336
1296 2 3.1377451
1296 9 3.5268395
1296 13 2.927845
1296 17 2.488101
1296 21 3.2949252
1300 3 2.7555048
1300 12 2.7669308
1300 14 2.4513764
1300 29 1.5741651
1300 54 2.7390065
1304 2 3.0879414
1304 4 3.2798483
1304 6 2.7792811
1304 21 3.0422833
1304 76 3.2777827
1307 8 2.9787338
1307 11 3.212603
1307 15 2.952875
1307 27 3.4461644
1307 66 2.884862
1311 2 2.8417873
1311 17 2.363261
1311 20 3.5493217
1311 25 2.2939014
1311 62 3.6919527
1312 3 3.7241652
1312 8 3.620844
1312 9 3.7846448
1312 13 2.691702
1312 41 2.4489677
1321 3 3.1276894
1321 11 2.9441278
1321 15 2.6777859
1321 17 1.960658
1321 57 1.6694276
1328 2 2.8967924
1328 18 1.8130687
1328 22 2.556687
1328 28 2.7038484
1328 40 2.4113925
1329 1 3.4611447
1329 9 3.8960993
1329 11 3.2019312
1329 28 3.0921063
1329 41 2.357371
1332 1 3.1665277
1332 4 2.8971431
1332 5 2.421236
1332 25 2.050109
1332 59 2.4333267
1333 3 3.1083443
1333 7 2.251942
1333 15 2.3790858
1333 24 2.107382
1333 36 1.7823967
1339 3 3.7681727
1339 20 3.7384293
1339 25 2.4106557
1339 33 2.5998538
1339 60 2.5260043
1347 3 2.9346554
1347 8 2.832068
1347 14 2.5899062
1347 28 2.467453
1347 57 5.0
1348 2 3.2257836
1348 13 1.878795
1348 15 2.271474
1348 21 2.6696334
1348 51 2.6391668
1353 2 2.561302
1353 15 2.5502956
1353 18 1.6465764
1353 23 3.1164823
1353 47 2.4907787
1365 3 3.9540768
1365 5 2.6225495
1365 9 3.5141678
1365 16 3.1915584
1365 38 3.5569098
1373 9 4.285057
1373 14 3.348971
1373 16 3.5004888
1373 27 3.7319982
1373 43 3.137487
1376 13 2.5891516
1376 20 3.5916545
1376 21 3.8321333
1376 32 3.3108008
1376 49 2.6887596
1391 3 3.3536577
1391 11 3.263395
1391 16 3.4395592
1391 22 3.0492828
1391 46 2.9387226
1396 3 3.2120264
1396 13 1.9205465
1396 14 2.7077854
1396 23 3.0388074
1396 42 2.9525738
1402 1 3.131307
1402 5 2.7795324
1402 6 1.9680561
1402 24 2.678342
1402 33 2.2997046
1403 1 3.284802
1403 9 3.5678
1403 21 3.23246
1403 27 3.134613
1403 48 3.2694526
1405 3 3.668923
1405 8 2.961831
1405 9 3.945596
1405 14 3.095166
1405 24 2.4535508
1406 5 2.37568
1406 8 2.7805398
1406 14 2.862818
1406 25 2.0257564
1406 80 2.9694533
1410 6 2.4333105
1410 16 2.872589
1410 18 1.5632871
1410 34 1.8416158
1410 69 1.9792489
1413 1 3.5393357
1413 6 2.783502
1413 8 2.933283
1413 18 2.1316788
1413 54 3.3069563
1418 1 3.8437924
1418 6 3.4431462
1418 13 2.5630279
1418 48 3.6624258
1418 71 3.2701101
1419 5 2.8649368
1419 12 3.4257667
1419 15 2.988849
1419 37 3.197075
1419 56 2.4716637
1433 2 2.8653526
1433 6 2.4575872
1433 9 3.130316
1433 24 1.8050377
1433 52 1.1756384
1434 2 3.1007934
1434 4 3.5497794
1434 16 2.538163
1434 26 2.6919143
1434 36 1.9793503
1437 5 2.513414
1437 7 2.7100563
1437 8 2.8027918
1437 19 2.5872579
1437 28 2.944423
1440 1 2.8842847
1440 8 2.5782554
1440 15 2.5541785
1440 18 1.7370534
1440 54 1.5409892
1442 3 3.3361347
1442 13 2.473255
1442 15 3.2523675
1442 40 2.5813193
1442 59 3.6260219
1450 2 2.9118767
1450 17 1.7622633
1450 21 3.0217428
1450 25 2.038287
1450 61 1.8700094
1455 1 3.3800886
1455 13 3.1068015
1455 22 3.0726633
1455 29 2.1637135
1455 45 2.9601378
1457 1 3.2984116
1457 6 3.4043212
1457 10 3.4772391
1457 20 3.5078738
1457 39 2.3772826
1461 3 3.5261514
1461 8 2.9401965
1461 10 3.4497778
1461 17 2.4025521
1461 31 2.5386546
1477 3 3.4556668
1477 15 2.5435233
1477 18 1.5656363
1477 25 1.7527765
1477 51 2.498428
1479 2 3.1673837
1479 10 3.5121372
1479 15 3.0472403
1479 19 2.5089982
1479 30 2.556387
1480 17 2.1558027
1480 27 3.1129603
1480 30 2.4549944
1480 46 1.6479971
1480 82 3.156015
1482 9 2.877747
1482 18 1.7261322
1482 19 2.0653698
1482 40 2.0809703
1482 71 2.0456402
1487 6 2.3383672
1487 15 2.4004037
1487 23 2.941671
1487 49 2.4207814
1487 78 1.4859977
1490 3 3.487938
1490 15 2.5978239
1490 17 2.4047058
1490 28 3.4107769
1490 40 2.7068923
1501 3 3.7058973
1501 10 3.6418726
1501 11 3.114507
1501 18 2.2361827
1501 40 2.3738334
1504 2 3.0922377
1504 13 2.1769612
1504 14 2.8980808
1504 17 2.0809054
1504 80 3.084058
1505 3 3.474717
1505 9 3.983883
1505 10 3.4608386
1505 14 3.5251253
1505 26 3.2612133
1519 2 2.7736437
1519 8 2.5023432
1519 13 1.0
1519 20 3.2764127
1519 38 4.453223
1522 3 3.3813705
1522 9 3.450537
1522 10 3.4017503
1522 21 3.2736037
1522 73 2.7568157
1525 4 3.4891336
1525 17 2.945489
1525 28 3.2478683
1525 44 4.9221296
1525 75 2.897903
1529 4 2.8457985
1529 11 3.129431
1529 27 3.6111023
1529 31 2.3998766
1529 67 2.270104
1536 3 3.5393238
1536 5 3.6025362
1536 7 3.738189
1536 26 3.1472626
1536 36 2.5508432
1541 6 3.0566115
1541 9 3.9898314
1541 13 2.4909616
1541 24 2.7959151
1541 42 3.4394443
1545 3 2.9433327
1545 9 3.0966883
1545 14 2.5353515
1545 16 3.0135186
1545 44 2.8092744
1551 1 2.3447745
1551 5 2.2062676
1551 7 2.219881
1551 30 1.9328066
1551 48 2.806454
1553 2 2.9820638
1553 9 3.3244078
1553 19 1.8021548
1553 47 2.1135669
1553 53 1.37839
1563 1 3.509298
1563 6 3.6361938
1563 7 3.007228
1563 20 3.7838998
1563 45 2.80291
1572 4 2.5547354
1572 12 2.7523813
1572 13 1.9986632
1572 26 2.0586195
1572 36 1.8969933
1576 3 3.0493839
1576 11 2.540592
1576 14 2.8667307
1576 16 3.014338
1576 50 1.5918076
1581 3 3.2374396
1581 10 3.2352989
1581 14 2.6208367
1581 25 2.0801177
1581 73 3.4786568
1582 3 3.2702575
1582 8 2.7166207
1582 14 2.7203424
1582 18 1.9477625
1582 32 2.6436098
1589 5 2.6008008
1589 13 2.5127695
1589 14 3.379318
1589 27 3.004334
1589 77 3.1524096
1591 2 3.4539115
1591 12 3.236363
1591 14 3.1490412
1591 22 2.9094296
1591 44 1.5919937
1601 5 1.8655235
1601 26 2.1459541
1601 30 1.8528085
1601 36 1.0
1601 70 1.0
1602 10 4.229778
1602 14 3.2722156
1602 20 4.213034
1602 25 2.942115
1602 49 3.6097872
1615 5 2.1847444
1615 15 2.2723596
1615 16 2.9104471
1615 22 1.9927413
1615 52 1.3340697
1620 2 1.6002479
1620 7 1.6822782
1620 13 1.0
1620 19 1.7515708
1620 28 2.2977247
1621 2 3.4871237
1621 14 3.9173927
1621 22 3.8491251
1621 25 3.2068179
1621 34 3.3923461
1632 1 3.0652232
1632 7 2.4051924
1632 8 2.5284011
1632 11 2.658062
1632 34 1.3666899
1633 6 2.6549609
1633 9 3.1337729
1633 20 2.8011422
1633 34 1.8258424
1633 52 1.7735554
1649 2 3.2491498
1649 5 3.1477294
1649 19 2.6601105
1649 25 2.4091027
1649 35 3.0684104
1650 4 2.8585339
1650 25 2.0132053
1650 30 2.2350006
1650 45 1.5126219
1650 69 1.140455
1655 1 2.6444304
1655 3 3.0784962
1655 9 2.8663366
1655 21 2.8831065
1655 45 2.5602596
1656 7 3.3443706
1656 18 2.2188041
1656 21 3.6067147
1656 32 3.0560243
1656 62 3.6033232
1661 2 3.305725
1661 11 3.3583724
1661 17 3.027107
1661 24 3.0240233
1661 33 3.0259292
1663 3 2.9445047
1663 6 2.4482286
1663 8 2.5559235
1663 11 2.611894
1663 24 1.8993874
1683 4 3.1863458
1683 16 3.375598
1683 21 3.0742264
1683 31 2.8315535
1683 57 2.1707976
1691 3 3.5184913
1691 8 2.9575834
1691 10 3.3132675
1691 21 3.1382914
1691 39 2.499831
1692 1 2.9530728
1692 7 1.6202315
1692 8 2.6527622
1692 13 1.3701217
1692 26 2.5039673
1693 1 3.0975368
1693 10 3.3632326
1693 11 3.0989056
1693 51 2.545311
1693 64 2.6599329
1697 7 3.3592067
1697 13 2.8005373
1697 23 3.603149
1697 26 3.223012
1697 50 2.4586608
1698 1 2.9118326
1698 21 2.8109398
1698 22 2.2888305
1698 38 3.1616092
1698 61 1.5736291
1700 1 3.0729272
1700 11 2.8780062
1700 12 2.9958646
1700 23 3.1744118
1700 36 1.886315
1709 1 2.947533
1709 12 3.3798945
1709 13 2.4093928
1709 46 2.6183214
1709 71 2.342582
1713 1 2.9468975
1713 5 2.293489
1713 7 2.7185953
1713 12 2.629389
1713 34 1.878141
1714 6 2.8495355
1714 14 2.8316016
1714 16 3.0430937
1714 21 3.0636318
1714 59 3.974136
1716 1 3.3041742
1716 3 3.4561162
1716 6 2.743381
1716 13 2.0062323
1716 59 1.0
1724 8 2.8576245
1724 11 3.0971453
1724 18 1.7814811
1724 29 2.1047928
1724 53 2.2386634
1733 2 2.1849487
1733 10 2.8373976
1733 12 2.6475422
1733 20 3.0519898
1733 34 1.7192903
1737 5 2.6462107
1737 7 3.4326959
1737 8 3.0968533
1737 12 3.165829
1737 23 3.3317997
1745 3 3.9738433
1745 6 3.393803
1745 10 3.4343326
1745 19 2.622751
1745 60 2.0779574
1764 3 3.335259
1764 11 2.4274616
1764 14 2.6559951
1764 26 2.3208196
1764 74 2.4071097
1770 2 3.1636794
1770 6 2.5684488
1770 7 3.0010986
1770 21 3.3068948
1770 44 2.8821774
1773 3 2.5725498
1773 8 2.5561218
1773 14 2.5923417
1773 20 3.8737059
1773 55 2.1690505
1776 4 2.4059713
1776 8 2.4821923
1776 9 2.7303817
1776 29 1.767185
1776 71 2.1880066
1777 1 2.9054065
1777 5 2.2925
1777 7 2.645002
1777 14 2.3459651
1777 37 2.10919
1780 1 2.6485777
1780 16 2.9931717
1780 18 1.8009022
1780 23 2.9716015
1780 41 1.267774
1783 6 2.3612638
1783 9 3.3942661
1783 13 1.4078019
1783 18 1.0086019
1783 39 2.2988067
1784 13 2.3321254
1784 32 2.8271525
1784 35 2.425954
1784 42 3.0967324
1784 55 2.2280102
1798 4 2.8310196
1798 11 2.8631768
1798 20 3.379259
1798 24 2.168849
1798 49 1.1191977
1809 2 3.2223547
1809 8 3.0549185
1809 14 3.23496
1809 19 2.4479072
1809 31 2.2048533
1812 1 3.3685875
1812 3 3.557459
1812 16 3.673118
1812 29 2.7677183
1812 84 4.9752493
1814 5 2.6620812
1814 14 3.125238
1814 22 3.3547952
1814 36 2.24977
1814 56 2.7150607
1821 8 3.081366
1821 12 3.4793386
1821 15 2.7999609
1821 54 3.3152878
1821 63 2.5893803
1823 4 2.6891885
1823 16 2.9502764
1823 26 2.5324469
1823 39 3.477997
1823 53 1.0
1824 4 2.5954967
1824 10 3.3720672
1824 13 2.332152
1824 19 2.508695
1824 36 2.4521554
1826 3 3.5028656
1826 10 3.4717677
1826 13 2.950492
1826 28 3.4476953
1826 49 1.7857628
1828 4 2.968343
1828 16 3.569143
1828 22 2.8755484
1828 36 2.248732
1828 58 2.81317
1831 1 3.6284826
1831 9 3.8562107
1831 15 3.1234431
1831 25 2.645727
1831 36 2.7008216
1836 1 3.1401718
1836 9 2.991379
1836 16 3.0438347
1836 19 2.319872
1836 52 2.3042834
1845 4 2.5451686
1845 14 2.566203
1845 17 2.0505195
1845 32 2.0532057
1845 42 2.9159663
1870 1 2.9408674
1870 6 2.5870757
1870 7 2.8487742
1870 11 3.0077212
1870 26 2.6851037
1876 1 2.7282395
1876 9 3.1132455
1876 16 2.8564005
1876 22 2.6125762
1876 55 2.6580946
1881 2 3.2811947
1881 4 3.2056801
1881 7 3.243754
1881 17 2.755234
1881 50 2.4281921
1893 7 2.8104713
1893 11 2.282475
1893 16 2.7677488
1893 30 2.161626
1893 59 2.9443622
1901 1 2.988898
1901 8 2.409108
1901 10 3.1940734
1901 19 2.1938884
1901 47 2.3241727
1904 1 2.704736
1904 8 2.8466146
1904 17 1.8201592
1904 23 2.8626916
1904 44 2.6930578
1913 1 3.3371572
1913 14 3.544955
1913 23 3.4760058
1913 26 3.0040696
1913 66 3.6095805
1921 1 3.462042
1921 7 3.2610712
1921 10 3.8793194
1921 13 2.9902117
1921 49 2.747384
1928 1 3.4383707
1928 20 3.7720149
1928 27 2.8645716
1928 41 2.2460198
1928 69 2.3992624
1930 3 3.850151
1930 11 3.5239983
1930 13 2.8910012
1930 25 2.7127135
1930 42 3.6088502
1934 1 2.909712
1934 9 3.1374402
1934 12 2.8376675
1934 14 2.6816587
1934 39 2.140128
1936 5 3.6537275
1936 9 4.2231407
1936 12 3.865864
1936 16 3.4959254
1936 39 2.6483283
1942 5 2.2572956
1942 7 2.6229823
1942 14 2.9127116
1942 35 2.5332773
1942 60 1.4131566
1943 2 2.921684
1943 4 2.667521
1943 24 2.3736115
1943 29 1.9103318
1943 50 2.171311
1958 1 3.4778116
1958 4 3.0523367
1958 10 3.7301733
1958 22 3.1227932
1958 45 2.946637
1960 1 3.4913785
1960 8 2.9807765
1960 10 3.8293314
1960 14 3.359887
1960 42 3.5515497
1961 2 3.3940692
1961 4 2.9599802
1961 14 3.037637
1961 25 2.4592462
1961 43 2.4564626
1986 3 3.3154244
1986 8 2.9180536
1986 9 3.1822186
1986 21 3.0735102
1986 39 1.9873648
1994 12 3.5979264
1994 38 3.8422356
1994 39 2.9003868
1994 46 3.2110903
1994 66 3.177764
1996 1 2.559086
1996 7 2.918565
1996 13 2.0730422
1996 23 3.11985
1996 58 2.1123333
1997 1 2.9682043
1997 6 2.6516051
1997 11 2.952811
1997 13 2.384229
1997 58 2.8827565
2010 2 2.6976752
2010 15 2.0381036
2010 22 2.520358
2010 33 2.1091282
2010 50 1.5614011
2015 2 3.383155
2015 8 3.8828826
2015 14 3.062843
2015 18 2.0967927
2015 82 2.2917914
2016 1 3.075384
2016 6 2.73596
2016 7 2.6548014
2016 16 2.9356997
2016 33 2.102007
2017 8 2.6628373
2017 12 3.0018263
2017 14 2.8109107
2017 18 1.0
2017 43 1.0
2018 1 3.5207524
2018 3 4.041405
2018 6 2.8947432
2018 26 2.7329712
2018 56 2.57566
2020 3 3.4863262
2020 10 3.6551087
2020 20 3.6281295
2020 24 2.8189733
2020 63 2.623482
2021 2 3.5539591
2021 8 2.848724
2021 9 3.5812318
2021 12 3.5819144
2021 42 3.2785108
2025 4 3.200212
2025 8 3.0827563
2025 13 2.5802069
2025 23 3.4986227
2025 51 2.9281673
2026 2 2.9296112
2026 9 3.1288233
2026 11 2.6509466
2026 23 2.825162
2026 51 2.4849901
2029 2 3.112858
2029 5 2.6616035
2029 8 2.8032084
2029 16 3.1220524
2029 66 2.765245
2033 4 2.7752926
2033 15 2.5308404
2033 16 3.001379
2033 20 3.2928836
2033 57 1.8144968
2046 5 2.2809021
2046 7 2.187673
2046 15 2.2007601
2046 19 2.1221008
2046 30 2.445633
2047 2 1.9948328
2047 7 2.2722752
2047 8 1.9544171
2047 22 2.272189
2047 52 1.6303403
2050 1 3.6144934
2050 14 2.7621543
2050 22 2.5203924
2050 36 1.1324137
2050 57 1.4306988
2053 1 3.932735
2053 13 2.5547588
2053 14 3.47547
2053 24 2.8462095
2053 65 2.7409585
2065 3 3.4829926
2065 15 2.6238415
2065 22 2.80471
2065 36 2.0758522
2065 61 1.0
2072 2 3.363903
2072 15 2.9993567
2072 16 3.294317
2072 46 2.9270544
2072 77 3.0266669
2079 2 3.1419601
2079 12 3.4311776
2079 26 2.9626305
2079 34 2.437896
2079 96 2.745508
2089 5 2.9890523
2089 8 3.3004196
2089 15 2.7388997
2089 24 2.2131896
2089 51 2.6912825
2091 2 2.8212345
2091 5 2.3303413
2091 21 2.9165816
2091 40 2.1380136
2091 49 2.1569486
2098 2 3.3187761
2098 10 3.468358
2098 11 3.1456203
2098 22 3.2272046
2098 55 2.5036204
2101 2 3.2003908
2101 12 3.2835448
2101 15 2.85055
2101 23 3.353733
2101 38 3.527854
2103 3 3.1800897
2103 12 2.9429545
2103 16 2.3573472
2103 30 2.1992571
2103 64 2.8851314
2110 3 3.4838607
2110 10 3.4839327
2110 12 3.370369
2110 25 2.288184
2110 57 1.4527371
2111 3 3.4644716
2111 8 3.4290955
2111 11 3.2364736
2111 15 3.2553687
2111 61 3.3936417
2112 4 3.1054933
2112 12 3.1682067
2112 14 2.9989986
2112 23 3.113597
2112 45 2.727142
2114 1 3.3283143
2114 3 3.2689097
2114 4 2.8832462
2114 14 2.8702033
2114 25 2.0376618
2140 5 3.1964622
2140 12 4.063961
2140 14 3.4295795
2140 24 3.4888167
2140 42 3.5337286
2141 1 3.3803973
2141 9 3.5368097
2141 14 3.3101313
2141 36 2.493235
2141 59 1.0
2143 2 2.4435608
2143 9 2.8317335
2143 23 2.3868272
2143 30 1.8145007
2143 52 1.9104767
2152 3 3.1738381
2152 9 3.293468
2152 10 3.2615001
2152 30 2.3028889
2152 59 2.3090835
2154 2 2.5815947
2154 7 2.332575
2154 14 2.0305846
2154 28 2.5931547
2154 42 2.7168794
2158 1 3.4185424
2158 7 3.2395616
2158 11 3.2291408
2158 28 3.0925882
2158 45 3.1326883
2174 2 2.8660214
2174 7 3.0568662
2174 20 3.5169346
2174 36 2.2155504
2174 67 2.1933434
2185 1 3.3588052
2185 6 2.584649
2185 7 2.9498506
2185 18 1.5999734
2185 37 2.8322768
2191 3 3.5290616
2191 15 2.799428
2191 18 1.970987
2191 25 2.2626503
2191 67 1.9685544
2197 7 2.5593026
2197 13 2.1160817
2197 14 2.2796326
2197 30 2.1518638
2197 35 2.0939665
2198 6 2.5646899
2198 8 3.8518376
2198 9 3.3728135
2198 26 2.462565
2198 59 2.9736934
2203 1 3.454547
2203 6 2.8562665
2203 7 3.088587
2203 17 2.6176653
2203 28 3.565319
2204 1 2.8711836
2204 13 1.707373
2204 20 3.051548
2204 34 1.4682305
2204 59 1.0240659
2205 1 2.468566
2205 6 2.5627558
2205 7 3.3864088
2205 14 2.9789968
2205 45 2.732572
2209 1 2.688784
2209 17 1.6844863
2209 21 2.3992987
2209 25 1.3703403
2209 38 2.4784455
2212 1 3.442991
2212 7 3.1694732
2212 9 3.7255177
2212 12 3.2955947
2212 32 3.3020165
2213 2 2.5402029
2213 17 1.251293
2213 22 2.3239388
2213 41 1.589514
2213 80 2.6288776
2220 2 3.092101
2220 16 3.1179206
2220 17 2.37164
2220 28 3.285374
2220 54 3.4587708
2232 1 2.4985662
2232 3 3.0743494
2232 4 2.5789187
2232 8 2.5139627
2232 39 2.3842711
2233 4 2.5130432
2233 11 2.4970102
2233 12 2.7851434
2233 27 2.9968543
2233 43 1.0
2237 1 3.1566486
2237 14 2.952247
2237 19 2.1573572
2237 25 2.319914
2237 61 1.901401
2240 3 3.4668925
2240 13 2.4902544
2240 14 3.230042
2240 25 2.4734519
2240 59 1.0
2250 4 2.9067156
2250 7 3.0883834
2250 8 2.9008422
2250 10 3.3499725
2250 26 2.833722
2254 1 3.0507452
2254 25 1.8347024
2254 26 2.670293
2254 30 2.3102062
2254 73 2.7570326
2271 3 3.461243
2271 16 3.9194164
2271 17 2.614069
2271 36 2.3577898
2271 70 2.3439994
2275 1 2.9024904
2275 6 1.5087805
2275 7 2.6807363
2275 14 2.52099
2275 38 2.9763176
2278 1 3.3834076
2278 7 3.0249214
2278 9 3.4958518
2278 12 3.6300988
2278 55 2.7000055
2283 1 3.0852103
2283 6 2.513461
2283 12 3.2330377
2283 25 2.0798123
2283 50 1.9332527
2289 3 2.9797647
2289 9 2.392663
2289 10 2.9707067
2289 28 2.3465881
2289 51 1.2833452
2294 2 2.9054894
2294 10 3.1758525
2294 11 2.660622
2294 19 2.0483854
2294 46 1.0
2300 1 3.2694385
2300 18 2.400804
2300 22 2.9054697
2300 35 2.8002505
2300 78 2.4544804
2304 2 2.4860039
2304 13 2.214179
2304 14 2.8157148
2304 22 2.662511
2304 40 2.5203445
2307 1 3.6320262
2307 8 2.8840578
2307 17 2.3328683
2307 27 3.3766594
2307 64 3.370448
2318 3 3.7842288
2318 14 3.5432222
2318 15 3.0046895
2318 19 2.9714718
2318 47 2.9801188
2319 1 3.195076
2319 11 3.1268346
2319 15 2.8503153
2319 26 2.980997
2319 50 2.00676
2320 2 3.1130013
2320 5 2.6335719
2320 8 2.9639673
2320 15 2.551401
2320 22 2.7702196
2322 4 2.4835186
2322 6 1.9067096
2322 7 1.6925956
2322 20 3.004714
2322 68 1.9577398
2325 6 2.6018856
2325 11 2.9732413
2325 12 3.0437393
2325 14 2.0181627
2325 26 2.91491
2332 4 3.2520003
2332 15 2.490339
2332 16 2.9351563
2332 63 2.2190745
2332 79 2.524062
2334 1 3.6519785
2334 4 2.8793316
2334 21 3.1295736
2334 33 2.5319304
2334 43 2.2309234
2338 1 3.0296724
2338 11 2.8287501
2338 14 2.9533918
2338 41 1.7042449
2338 79 1.1445457
2342 4 2.9641786
2342 13 2.5829604
2342 19 2.437442
2342 31 2.6145232
2342 44 3.128618
2343 6 2.2269025
2343 8 2.7315629
2343 9 3.4283109
2343 19 2.727824
2343 49 2.3187706
2349 3 3.078101
2349 11 2.948123
2349 17 2.141427
2349 29 1.7637053
2349 51 2.3743374
2362 1 3.4680243
2362 7 2.9005835
2362 8 3.0130823
2362 19 2.323511
2362 57 1.9717938
2377 2 3.554781
2377 14 3.4819262
2377 16 3.6754787
2377 21 3.6028922
2377 30 2.9136894
2378 2 3.9724371
2378 20 4.167636
2378 21 3.7223818
2378 27 3.659481
2378 59 3.1530685
2379 3 3.7747326
2379 35 3.0535088
2379 36 2.6923897
2379 43 2.5461748
2379 64 2.81919
2382 1 3.2961123
2382 6 2.6052713
2382 15 3.0935435
2382 20 3.8046634
2382 54 3.7500775
2383 1 3.7051804
2383 8 3.7360392
2383 13 2.8301556
2383 22 2.8240778
2383 39 2.6141334
2389 2 3.1045513
2389 5 2.5889773
2389 6 2.898664
2389 19 2.35647
2389 43 2.148525
2391 1 3.4613874
2391 6 3.0177805
2391 7 3.915974
2391 14 3.2846613
2391 75 3.186218
2409 5 1.8713893
2409 12 2.7673042
2409 16 2.806616
2409 22 2.5013611
2409 59 2.0505586
2411 7 2.2809105
2411 9 3.2553043
2411 13 2.0387862
2411 19 1.8516047
2411 31 1.8413007
2421 9 3.7508602
2421 12 3.4510875
2421 14 3.2950788
2421 18 2.3074884
2421 37 3.1222086
2422 1 3.1214852
2422 9 3.9643974
2422 13 2.1122038
2422 18 2.1563349
2422 39 2.4203374
2423 4 2.3139415
2423 14 2.4381225
2423 15 2.0261915
2423 33 2.0865028
2423 55 2.1268091
2425 1 3.2952027
2425 3 3.3038929
2425 4 3.1540911
2425 6 2.8326612
2425 29 2.1490352
2428 2 3.154713
2428 9 3.3292227
2428 11 3.5330741
2428 27 3.0375295
2428 58 2.8912134
2437 8 2.7196527
2437 11 2.9338236
2437 12 2.9966416
2437 20 3.9571214
2437 40 2.3051546
2438 4 1.9992392
2438 11 2.3999476
2438 20 2.7630117
2438 24 1.4217463
2438 73 1.9993194
2439 10 3.3849392
2439 13 2.5226557
2439 14 3.1349213
2439 31 2.6041493
2439 52 2.4820964
2440 3 3.513023
2440 12 3.3619902
2440 13 2.675451
2440 20 3.8943565
2440 39 2.545158
2445 1 3.472343
2445 14 3.1524217
2445 16 3.6159337
2445 23 3.385669
2445 35 2.9258962
2449 5 1.3185006
2449 14 2.6504786
2449 17 1.6601145
2449 42 2.6414983
2449 57 1.2579372
2455 11 3.4080715
2455 13 2.7750745
2455 19 2.757551
2455 22 3.2201843
2455 38 3.751807
2462 5 2.5830348
2462 11 2.9930997
2462 17 2.0029514
2462 26 2.7701497
2462 51 2.636475
2467 6 2.2378912
2467 12 2.5470388
2467 17 1.3600532
2467 33 1.1126431
2467 42 2.6431756
2470 3 3.476753
2470 7 3.195286
2470 9 3.8778713
2470 18 2.0794752
2470 31 2.5261655
2471 2 3.1029308
2471 15 2.5470557
2471 17 2.2685134
2471 29 2.1825643
2471 42 3.2591856
2481 1 3.298009
2481 13 3.1206305
2481 14 3.2624042
2481 18 2.1342044
2481 33 2.7158031
2482 1 3.157341
2482 3 3.3484669
2482 8 2.6301653
2482 11 2.6749036
2482 67 1.7120726
2483 3 3.1252186
2483 8 2.6852465
2483 9 2.7838895
2483 21 2.8739479
2483 62 2.1967802
2486 2 3.471581
2486 4 3.6773753
2486 7 3.0131457
2486 15 3.083362
2486 60 2.4163613
2488 6 2.3606687
2488 9 3.4798162
2488 10 3.3857353
2488 14 2.9057302
2488 32 2.9523866
2491 6 2.3989537
2491 8 2.7380126
2491 9 3.5209372
2491 18 1.4446111
2491 85 2.2460065
2500 5 2.4257867
2500 10 2.7489216
2500 11 2.5853736
2500 18 1.8457217
2500 28 2.146534
2503 10 3.3009253
2503 12 3.2973988
2503 14 3.155949
2503 18 2.093122
2503 31 2.947927
2513 1 3.863518
2513 8 3.0650635
2513 11 3.3468845
2513 20 3.7322936
2513 36 2.8879771
2518 11 3.6047618
2518 17 2.7297397
2518 19 2.4283953
2518 23 3.2706392
2518 30 3.0690646
2525 3 3.3226132
2525 7 3.0235634
2525 13 2.7440326
2525 21 3.120239
2525 34 2.3631105
2526 1 3.1011133
2526 9 3.0297186
2526 13 2.3072686
2526 31 1.8684487
2526 45 2.3839102
2532 2 3.3974555
2532 6 3.9015067
2532 9 3.9594774
2532 27 3.6206303
2532 48 4.4763384
2533 1 3.3964946
2533 3 3.603025
2533 12 3.3644013
2533 21 3.5919561
2533 35 3.3133743
2534 1 2.9010231
2534 15 2.4530382
2534 16 2.4015627
2534 27 2.8894775
2534 36 2.0259805
2546 1 1.9531955
2546 6 2.432519
2546 7 2.520245
2546 22 2.2549686
2546 38 3.180472
2548 4 2.7579565
2548 15 2.1936996
2548 20 3.4562824
2548 26 2.6235328
2548 34 1.9710557
2555 2 3.2247903
2555 9 3.8169599
2555 10 3.4658017
2555 24 2.3460677
2555 30 2.8435063
2556 1 3.2835355
2556 6 3.1143198
2556 10 3.5045514
2556 17 2.447794
2556 31 2.973167
2566 7 2.9295776
2566 13 2.467697
2566 17 2.325243
2566 29 2.0262675
2566 47 2.4427905
2568 2 2.391219
2568 23 2.667206
2568 24 1.8988699
2568 38 2.9002142
2568 58 2.2903392
2571 1 3.225869
2571 15 2.3226068
2571 23 3.0011926
2571 27 3.1837778
2571 48 3.1664355
2575 3 3.627448
2575 6 3.1393557
2575 9 3.6835127
2575 26 3.3736749
2575 55 2.785246
2577 4 3.7103748
2577 10 3.7101846
2577 12 3.8831635
2577 22 3.0690036
2577 31 2.6659112
2584 1 3.3408952
2584 8 2.9227877
2584 9 3.3824606
2584 24 2.6775687
2584 52 2.623036
2586 2 2.90963
2586 5 2.464795
2586 9 3.3199608
2586 27 3.016213
2586 39 2.239387
2587 2 3.3967302
2587 5 2.895115
2587 6 3.0389364
2587 16 3.777406
2587 68 2.8588545
2595 1 3.1739783
2595 7 2.8819594
2595 9 3.5800772
2595 20 3.5896614
2595 50 2.1393788
2601 1 3.2767203
2601 6 2.8827147
2601 19 1.8608545
2601 42 3.1972692
2601 56 1.7703199
2603 5 2.4220908
2603 13 1.4795737
2603 17 1.9423445
2603 20 3.2401237
2603 34 1.2445256
2607 2 2.8243105
2607 11 3.1185017
2607 14 3.0538375
2607 17 2.2822964
2607 70 2.6139958
2608 6 2.5081265
2608 13 1.8339841
2608 14 3.1378424
2608 21 2.8824058
2608 62 3.1596475
2610 9 4.182187
2610 15 3.4657984
2610 22 3.236503
2610 27 3.4003386
2610 58 3.1056488
2623 2 3.5168521
2623 9 4.0565176
2623 11 3.2173011
2623 17 2.4408655
2623 45 2.8434796
2636 2 2.5990634
2636 8 2.1327038
2636 10 2.5374217
2636 17 1.0
2636 37 1.1155002
2645 2 2.8951137
2645 8 2.4755576
2645 10 3.1389558
2645 13 2.4915793
2645 90 5.0
2655 1 3.3211489
2655 3 3.4812455
2655 5 3.2837694
2655 8 2.841744
2655 15 2.7067535
2673 11 3.2432353
2673 21 3.301878
2673 22 2.8932521
2673 30 2.5172806
2673 46 2.9153826
2675 1 3.1424994
2675 18 2.0911381
2675 19 2.238032
2675 26 2.7330232
2675 76 4.275337
2680 1 2.6935887
2680 17 2.0194046
2680 20 2.9435403
2680 28 2.6326604
2680 45 2.2811975
2684 1 3.4701056
2684 4 3.0843384
2684 16 3.3110962
2684 22 3.0063179
2684 48 3.486868
2688 1 3.5585093
2688 10 3.4444554
2688 17 2.3766654
2688 29 2.3189955
2688 56 2.1664457
2692 4 3.7451816
2692 12 3.404168
2692 13 3.289197
2692 30 2.4588835
2692 47 2.8763838
2705 3 3.5297978
2705 8 3.0935984
2705 9 3.8813732
2705 21 3.161354
2705 85 2.9213083
2727 1 3.5785637
2727 7 3.332765
2727 9 3.8062918
2727 11 3.4070928
2727 44 3.3645773
2734 6 2.8687882
2734 10 3.1127934
2734 12 3.462844
2734 21 3.0571918
2734 36 1.9958972
2742 1 3.0267265
2742 3 2.7784905
2742 6 2.413548
2742 10 3.090977
2742 39 2.1799796
2747 2 3.3568375
2747 7 3.0386019
2747 11 3.3100586
2747 16 3.4582899
2747 36 2.5297372
2749 1 3.2367299
2749 8 2.9961267
2749 12 3.1633034
2749 25 2.4718895
2749 40 2.7255352
2757 2 3.6104846
2757 6 2.8324547
2757 11 3.2908568
2757 37 2.9750416
2757 86 2.6887138
2774 1 3.3567874
2774 15 2.8848414
2774 16 3.7598732
2774 21 3.1886516
2774 52 2.2612085
2786 6 2.3461192
2786 8 3.037144
2786 9 3.399354
2786 23 3.3633273
2786 80 3.29619
2791 2 2.8674254
2791 6 3.4804497
2791 9 3.3061805
2791 18 1.8810447
2791 37 2.9006567
2796 1 2.9410017
2796 3 3.4593813
2796 7 3.070208
2796 20 3.7455475
2796 59 2.4292295
2798 4 2.9711165
2798 10 3.2110205
2798 14 2.8943896
2798 26 2.6132388
2798 43 2.0329294
2804 3 3.039071
2804 6 2.976335
2804 8 3.6104505
2804 16 3.3976002
2804 54 3.3288386
2812 1 3.492655
2812 15 3.06754
2812 18 1.8797343
2812 25 2.300733
2812 61 2.531966
2815 4 3.0652745
2815 8 2.8883622
2815 20 3.6799304
2815 26 3.0193386
2815 40 2.6161318
2820 1 3.5671444
2820 7 3.2454207
2820 8 3.3499207
2820 13 3.0613945
2820 41 2.345852
2822 2 3.140437
2822 11 3.1876738
2822 15 2.6932132
2822 23 3.2704458
2822 83 2.6758435
2823 2 2.753501
2823 6 2.739087
2823 7 2.8893087
2823 13 2.3360276
2823 27 3.1534553
2827 1 3.2561245
2827 7 3.1852
2827 9 3.4975064
2827 14 3.171009
2827 40 2.577235
2831 2 3.329905
2831 12 3.2275577
2831 15 2.9253254
2831 17 2.4845786
2831 31 2.6171577
2836 1 3.467363
2836 5 3.0166616
2836 17 2.4400384
2836 31 2.628062
2836 55 2.7281625
2837 8 2.8849084
2837 14 2.0777373
2837 19 2.2615316
2837 39 1.0
2837 75 2.4340646
2838 1 3.28646
2838 7 3.106099
2838 9 3.518763
2838 32 2.8228884
2838 57 2.012396
2840 2 3.1279807
2840 9 3.5338764
2840 11 2.9484453
2840 20 3.5231946
2840 55 2.2890432
2844 4 2.6600907
2844 10 3.1731682
2844 18 1.7595061
2844 35 2.431095
2844 79 1.8577476
2859 1 2.5958667
2859 9 3.066065
2859 11 2.6923993
2859 23 2.9768238
2859 54 2.9269695
2860 3 3.5775437
2860 8 3.033979
2860 16 3.1967406
2860 28 3.0755765
2860 72 3.0144053
2865 1 3.155795
2865 5 2.4312754
2865 24 2.330485
2865 30 2.1899784
2865 50 1.9761978
2868 4 2.4463067
2868 15 2.058167
2868 19 2.2607377
2868 27 3.0718608
2868 47 1.8948498
2869 6 2.7007668
2869 8 3.0286412
2869 9 3.783597
2869 17 2.2903597
2869 38 3.8165605
2875 1 3.2890308
2875 5 2.6294491
2875 6 2.754698
2875 20 3.8824463
2875 32 2.895345
2890 2 3.34167
2890 5 2.9628198
2890 8 2.9727561
2890 14 3.1474
2890 20 3.4781585
2891 2 3.040642
2891 18 2.0963302
2891 21 3.0536165
2891 26 2.8298752
2891 75 2.4549413
2895 1 3.2746868
2895 10 3.4726114
2895 14 2.8420403
2895 28 2.916087
2895 42 3.0212574
2903 1 3.1895843
2903 5 2.5213122
2903 9 3.5570781
2903 15 2.8878284
2903 22 2.7647836
2908 2 2.5300708
2908 13 1.8875816
2908 14 2.821311
2908 28 2.5202568
2908 64 1.921776
2911 2 3.3808124
2911 12 3.8538387
2911 13 2.572979
2911 26 3.2498286
2911 48 3.5919228
2913 1 2.701457
2913 7 2.4072323
2913 13 1.3816955
2913 26 2.417065
2913 51 1.3970408
2916 8 2.8338559
2916 14 3.0579498
2916 17 1.9967036
2916 20 3.4778857
2916 66 2.710072
2923 3 3.2792866
2923 9 3.2589123
2923 16 3.0476859
2923 38 2.8525693
2923 53 2.0543826
2927 5 1.9842145
2927 23 2.508325
2927 26 2.4006653
2927 34 1.6748571
2927 37 2.4624043
2932 2 3.8165846
2932 13 3.119861
2932 18 2.353201
2932 30 2.6584997
2932 35 3.2551444
2936 1 3.605894
2936 4 3.3453069
2936 10 3.712061
2936 17 2.6904855
2936 35 3.039352
2943 1 3.393934
2943 4 3.084929
2943 9 3.5404158
2943 13 2.270083
2943 34 1.9391568
2946 3 3.3607402
2946 11 3.0256755
2946 12 3.1410544
2946 17 2.3189535
2946 33 2.8359716
2952 2 3.0469747
2952 9 3.4518263
2952 11 3.277408
2952 13 2.2818286
2952 42 3.0093963
2956 3 2.9519691
2956 10 2.9329748
2956 14 2.2795541
2956 18 1.6759576
2956 35 2.1170094
2964 2 2.8908446
2964 5 2.5352437
2964 8 2.9098747
2964 12 2.9761376
2964 32 2.6552703
2972 8 2.916542
2972 10 3.273697
2972 14 3.5876493
2972 28 3.416389
2972 51 2.655218
2981 3 3.3416865
2981 15 2.9969265
2981 16 3.3063548
2981 22 2.933518
2981 37 2.877324
2983 1 3.103855
2983 8 2.6180367
2983 21 2.8355374
2983 29 1.9096985
2983 53 1.9566833
2992 4 3.1559258
2992 12 3.7491179
2992 16 3.4331615
2992 35 2.8075564
2992 61 2.4048653
3003 1 3.4029057
3003 4 3.2633243
3003 5 2.9756923
3003 11 3.397213
3003 18 2.1139429
3006 4 3.145154
3006 8 3.4762444
3006 15 2.7996006
3006 32 3.0340097
3006 50 2.2102113
3007 1 2.6300614
3007 5 2.0478933
3007 11 1.9214445
3007 14 2.0066607
3007 42 2.3322449
3010 1 3.231751
3010 5 2.2440777
3010 8 2.63804
3010 16 3.0384016
3010 47 1.7934885
3011 5 2.1697903
3011 11 2.3958652
3011 13 1.764132
3011 18 1.3941495
3011 59 2.1026833
3016 1 3.4427207
3016 6 2.7401283
3016 7 3.37437
3016 16 3.3590705
3016 65 2.3571084
3018 2 3.110476
3018 8 2.9992974
3018 20 3.284117
3018 32 2.5483987
3018 77 1.7000115
3020 1 3.9624968
3020 6 3.0899668
3020 12 3.4971724
3020 34 2.5888207
3020 53 3.0558536
3024 1 2.6551418
3024 3 3.2184322
3024 5 2.387129
3024 10 3.1523252
3024 38 3.202791
3032 7 2.8853774
3032 12 3.032048
3032 19 2.4456096
3032 23 2.8440278
3032 51 2.5669541
3034 3 3.7884836
3034 8 3.2752855
3034 10 3.7399688
3034 16 3.5993009
3034 42 3.5471828
3035 6 2.8297706
3035 9 3.7607632
3035 16 3.3326895
3035 25 2.7039487
3035 46 3.052527
3037 1 3.102033
3037 13 2.4429638
3037 14 3.0501726
3037 19 2.5955265
3037 58 3.3216233
3042 3 3.1177964
3042 6 2.2994924
3042 8 2.1652508
3042 16 3.1800323
3042 54 3.50003
3048 2 3.3127189
3048 9 4.0346694
3048 12 3.398858
3048 15 2.883718
3048 43 2.3132837
3049 3 3.130939
3049 11 3.1532562
3049 20 3.168171
3049 28 2.8204062
3049 51 2.435332
3056 1 3.6003246
3056 21 3.5306728
3056 23 3.5796812
3056 33 3.5599933
3056 61 2.57713
3063 1 2.8998551
3063 8 2.3077483
3063 9 3.5554118
3063 25 1.8752736
3063 58 2.0741007
3083 2 3.0901237
3083 11 3.5792806
3083 16 3.306364
3083 20 3.6714714
3083 64 2.3984768
3090 5 2.672505
3090 15 2.9230149
3090 21 3.2729106
3090 29 2.1572773
3090 60 2.004358
3094 1 3.7613685
3094 4 3.2775037
3094 16 3.1217756
3094 27 3.4016912
3094 57 2.3407717
3114 3 3.7232904
3114 7 3.2154157
3114 11 2.6149366
3114 21 2.99598
3114 26 2.918059
3116 1 3.0981963
3116 4 2.6471324
3116 6 2.6185708
3116 8 2.4697547
3116 35 2.4218159
3118 4 3.099773
3118 22 2.8310518
3118 38 3.3016996
3118 51 2.6399057
3118 65 2.2210383
3120 1 3.133751
3120 7 3.30565
3120 15 2.679257
3120 32 3.2105467
3120 93 3.5349755
3128 4 2.0898707
3128 25 2.083155
3128 32 2.8986025
3128 34 1.8165519
3128 48 3.290797
3129 2 3.301106
3129 10 3.5336463
3129 11 3.8052778
3129 26 3.1357195
3129 33 2.6712244
3130 1 3.504225
3130 3 3.658907
3130 7 3.2584264
3130 15 2.9991856
3130 28 3.2186189
3132 1 2.2485516
3132 4 2.4707942
3132 16 2.2802017
3132 25 1.5861175
3132 38 2.6962206
3140 4 3.257208
3140 16 3.384195
3140 18 2.5320582
3140 22 3.3729484
3140 39 2.892268
3141 8 2.7955215
3141 14 3.098706
3141 15 2.8335733
3141 29 2.6441157
3141 82 2.2020643
3144 7 3.3383381
3144 14 3.4980016
3144 15 2.7729344
3144 21 3.2272346
3144 75 2.9600542
3145 8 2.9633234
3145 10 3.8927188
3145 14 3.409354
3145 21 3.1772306
3145 60 2.018562
3146 2 3.0777287
3146 23 3.3885977
3146 24 2.5593462
3146 32 3.0326395
3146 53 2.815897
3150 3 3.3073075
3150 15 2.6103845
3150 17 2.1762679
3150 34 1.6996543
3150 55 2.2651663
3156 1 3.1881604
3156 10 3.898972
3156 13 2.7046094
3156 27 3.4708824
3156 42 3.3975542
3167 2 2.7912426
3167 5 2.0032983
3167 11 2.7927058
3167 30 2.1591637
3167 50 1.9091823
3176 4 3.593873
3176 15 2.8947
3176 18 2.5286968
3176 38 3.6967869
3176 79 2.4331553
3191 2 3.1955168
3191 10 3.7661169
3191 11 3.458138
3191 17 2.4966424
3191 34 2.42095
3192 6 2.2968204
3192 15 1.9721088
3192 16 3.1270945
3192 48 2.8074958
3192 79 1.0
3194 4 3.247054
3194 9 3.5394814
3194 10 3.4358854
3194 27 3.3593698
3194 34 2.7219493
3195 4 2.5886273
3195 14 3.3487408
3195 15 2.6515903
3195 24 2.3326426
3195 38 3.5600584
3196 1 3.2318892
3196 7 2.3623748
3196 10 3.0435255
3196 24 1.9326943
3196 52 1.758464
3200 1 3.5090954
3200 9 4.6306133
3200 11 3.248629
3200 24 2.5538182
3200 50 2.345625
3202 3 3.3310022
3202 13 2.5426948
3202 27 2.9871528
3202 34 2.2539477
3202 69 2.259465
3206 2 3.1693246
3206 11 3.2188344
3206 12 3.2403774
3206 16 3.0902956
3206 60 1.9262375
3207 2 1.6147083
3207 13 1.0
3207 14 2.5334692
3207 30 1.4740939
3207 62 2.447148
3220 1 3.09391
3220 7 3.1479514
3220 8 3.0772147
3220 17 2.4158022
3220 37 3.0373077
3224 4 3.0833628
3224 12 3.2719054
3224 17 2.4285417
3224 27 3.2590494
3224 42 3.2573311
3225 5 3.4574316
3225 8 3.023057
3225 10 3.9997525
3225 12 3.2658787
3225 36 2.5328631
3229 1 3.5309153
3229 4 3.3146403
3229 6 2.8064623
3229 21 3.113806
3229 27 3.188336
3232 8 3.0818458
3232 10 3.6742885
3232 12 3.308031
3232 23 3.4095585
3232 37 3.4706738
3240 1 3.1416345
3240 6 3.1971426
3240 8 2.920309
3240 20 3.4612343
3240 88 3.1901493
3243 4 3.1591694
3243 9 3.7758281
3243 18 3.0469718
3243 23 3.6472929
3243 55 3.2386205
3245 4 2.9631119
3245 20 3.3864975
3245 27 3.4314585
3245 46 2.8085206
3245 53 2.0864453
3247 4 2.3029613
3247 12 2.4773376
3247 13 1.0
3247 19 1.7446474
3247 37 2.2216933
3251 5 2.616811
3251 14 3.2315242
3251 15 2.806596
3251 31 2.6327825
3251 55 2.69825
3264 4 3.425448
3264 10 3.5948853
3264 17 2.7246284
3264 34 2.510313
3264 55 2.67343
3267 4 3.2471256
3267 13 2.7937155
3267 19 2.6822977
3267 28 3.0103347
3267 47 2.915405
3270 3 3.2541606
3270 19 2.5628932
3270 27 3.1321492
3270 39 2.2466323
3270 47 2.4822178
3274 3 3.383606
3274 10 3.586279
3274 14 3.4256666
3274 18 1.9926866
3274 50 2.1397316
3275 3 3.4875295
3275 7 2.8962238
3275 10 2.9387202
3275 20 3.3933258
3275 29 2.0459356
3280 3 3.4000368
3280 9 3.9034176
3280 20 3.6598842
3280 25 2.2799985
3280 65 2.485235
3287 11 2.7619042
3287 18 1.9607894
3287 19 2.3465176
3287 25 1.9915546
3287 67 1.9147606
3288 3 3.213495
3288 7 2.7174215
3288 8 2.8445163
3288 14 2.771937
3288 22 2.9743638
3291 3 3.6049273
3291 7 3.5406997
3291 11 3.5870094
3291 27 3.655261
3291 52 2.8415895
3303 6 2.5907018
3303 8 2.8139706
3303 14 3.0376403
3303 26 2.8615537
3303 72 2.7187977
3304 4 2.8480482
3304 11 2.8120904
3304 21 2.535049
3304 27 2.8131855
3304 50 1.8859513
3311 1 2.9941335
3311 8 2.773919
3311 12 3.1629996
3311 19 2.4225109
3311 75 2.5416684
3322 2 2.4591527
3322 7 2.6733115
3322 13 2.269377
3322 16 3.1999304
3322 30 2.4836009
3332 8 3.193703
3332 11 3.3807483
3332 12 3.4801745
3332 22 3.192861
3332 75 2.8171
3338 2 2.798668
3338 16 2.7165332
3338 19 1.5356455
3338 23 3.0087683
3338 29 1.6926059
3340 1 3.3993666
3340 5 3.191438
3340 6 2.9164758
3340 16 3.3920977
3340 43 2.3174372
3351 5 2.3221095
3351 9 2.9730852
3351 12 2.8958077
3351 20 3.096733
3351 47 2.1794474
3354 3 3.577894
3354 5 3.3491426
3354 12 3.4339657
3354 24 2.9641423
3354 39 2.8055947
3359 2 2.9215379
3359 11 2.005315
3359 26 2.8474703
3359 32 2.5535057
3359 42 3.085121
3364 1 3.1746695
3364 8 2.6652312
3364 9 3.3876917
3364 28 2.9201195
3364 49 2.3330925
3368 3 3.844353
3368 8 3.0421994
3368 11 3.275082
3368 18 2.2717738
3368 52 2.4071667
3381 1 3.0049658
3381 4 2.8373415
3381 17 2.2214947
3381 34 2.0647593
3381 71 2.3273873
3387 5 2.82317
3387 11 3.192237
3387 13 2.5799196
3387 18 2.0753613
3387 52 2.3673859
3397 7 2.3799253
3397 13 1.0
3397 14 2.2244897
3397 34 1.6449465
3397 67 1.0
3402 3 3.4939828
3402 12 3.578348
3402 13 2.5942347
3402 25 2.498589
3402 45 2.7836695
3404 1 3.8815496
3404 3 3.768991
3404 8 3.039147
3404 29 2.415732
3404 57 2.0733912
3428 7 2.8224077
3428 15 2.3607535
3428 22 2.3307393
3428 41 1.638764
3428 63 2.1613388
3430 5 2.2270722
3430 11 2.9192455
3430 15 2.3945458
3430 34 2.005957
3430 47 2.535356
3436 4 2.8976884
3436 19 2.3602262
3436 24 2.067599
3436 40 2.430872
3436 52 2.280077
3443 1 3.3532972
3443 7 2.9719558
3443 14 2.9582653
3443 32 2.7106392
3443 80 3.086709
3445 3 3.4096694
3445 5 2.7833185
3445 10 3.4609046
3445 32 2.7175794
3445 52 2.463681
3446 6 2.960775
3446 8 3.7846808
3446 12 3.337747
3446 15 3.3132596
3446 49 2.814021
3447 1 3.578611
3447 6 3.1058304
3447 7 3.3328123
3447 9 3.806339
3447 22 3.2192528
3448 1 2.806668
3448 5 2.4748404
3448 13 1.7149198
3448 22 2.7293231
3448 60 1.7226816
3453 1 2.9851754
3453 5 2.459032
3453 6 2.4577274
3453 16 2.9639156
3453 28 2.7352514
3461 1 3.160994
3461 3 3.2096066
3461 9 2.8896008
3461 21 2.9930503
3461 79 1.8629494
3467 7 2.749447
3467 9 2.9526296
3467 12 2.7577798
3467 15 2.0216253
3467 40 1.8525822
3468 1 2.8244388
3468 4 2.8308394
3468 7 2.4551435
3468 19 2.284308
3468 25 2.0667899
3471 2 3.1120167
3471 16 3.2201107
3471 21 3.054411
3471 29 2.0912533
3471 48 3.3755805
3483 2 2.7287946
3483 9 2.503677
3483 13 2.089309
3483 31 1.909461
3483 54 2.7971525
3484 1 3.5498002
3484 10 3.6559672
3484 11 3.3783293
3484 24 2.6946838
3484 38 3.7220647
3496 6 2.5756772
3496 13 2.0892272
3496 14 2.5727215
3496 20 3.0902996
3496 57 2.032129
3507 1 4.0427976
3507 6 2.9464753
3507 9 3.4645312
3507 21 3.253909
3507 48 3.8501875
3509 1 3.1875665
3509 8 2.5518978
3509 16 2.852932
3509 49 2.1653306
3509 63 1.4158014
3516 1 3.3229764
3516 18 2.1647363
3516 19 2.5737002
3516 26 3.2733583
3516 51 2.9013653
3517 3 3.7646527
3517 11 3.2564309
3517 17 2.3053463
3517 21 3.1091201
3517 35 2.9253387
3522 2 3.4926825
3522 8 2.987829
3522 14 3.0397651
3522 30 2.539388
3522 58 3.1532006
3532 1 3.4502208
3532 8 3.0383947
3532 9 3.5896664
3532 26 2.980889
3532 70 2.420758
3535 1 3.0897436
3535 8 2.620824
3535 9 3.4015746
3535 11 2.9687386
3535 32 2.7386944
3537 2 3.1680434
3537 4 3.1018474
3537 15 2.9619758
3537 21 3.6648784
3537 54 3.9951115
3548 2 3.0000288
3548 10 3.4848254
3548 14 3.1354413
3548 22 2.79392
3548 30 2.1899664
3549 3 3.4681053
3549 8 2.7570534
3549 11 2.9375536
3549 19 2.7288065
3549 43 2.1033392
3554 2 3.2198496
3554 7 3.4053972
3554 12 3.1437557
3554 28 2.8591492
3554 38 3.4030528
3557 2 3.7005908
3557 5 2.9435568
3557 6 3.78879
3557 18 2.5582352
3557 37 3.0425508
3562 2 3.4588628
3562 5 3.3876479
3562 7 3.6922765
3562 11 3.263065
3562 22 3.6941078
3563 2 3.4449534
3563 18 2.209944
3563 19 2.8289604
3563 38 3.5685294
3563 46 3.0576112
3567 6 2.8567245
3567 12 3.282027
3567 20 3.7213836
3567 27 3.2348614
3567 35 2.7805748
3569 6 2.3012507
3569 11 2.9411325
3569 19 2.2877345
3569 25 2.2290902
3569 80 3.0307775
3570 3 3.9430883
3570 10 3.6382656
3570 14 3.3648663
3570 42 3.8058045
3570 57 3.4081504
3574 1 3.280769
3574 3 3.28882
3574 5 2.1912856
3574 27 2.958743
3574 46 2.150773
3576 6 2.6779091
3576 10 3.06461
3576 11 3.0388873
3576 26 2.9067101
3576 67 2.059257
3578 3 3.5185049
3578 9 3.9502084
3578 15 2.8336322
3578 22 3.3412848
3578 50 2.6699042
3584 1 3.7862618
3584 4 3.4931
3584 5 2.812448
3584 13 2.6717246
3584 27 3.4734452
3586 1 3.1951902
3586 3 3.5975742
3586 5 2.961398
3586 25 2.228586
3586 72 2.8893359
3590 1 3.159571
3590 19 2.5536258
3590 31 2.5472338
3590 38 3.500654
3590 62 3.4388845
3591 2 2.8620946
3591 5 2.2125144
3591 6 3.4017892
3591 17 2.2408597
3591 73 4.3913045
3592 7 3.3710334
3592 11 3.039276
3592 14 3.5012023
3592 22 3.2273364
3592 34 2.4282799
3594 3 3.1094534
3594 18 1.468977
3594 19 1.9679165
3594 25 1.0
3594 76 1.6717497
3596 4 2.747595
3596 10 2.647545
3596 11 2.981505
3596 16 3.084025
3596 43 1.960528
3605 3 3.740037
3605 7 3.917236
3605 11 3.335748
3605 18 2.4678578
3605 46 3.1818018
3614 4 3.0677564
3614 8 3.082833
3614 9 3.8929777
3614 25 2.7967176
3614 78 2.8373945
3615 13 2.2096214
3615 23 2.8176546
3615 25 1.9065733
3615 34 1.7026418
3615 49 2.1618073
3624 8 2.7311776
3624 17 2.3881137
3624 20 3.8945732
3624 27 3.1733146
3624 43 1.9362464
3627 6 3.0005505
3627 25 2.7039475
3627 37 2.8600326
3627 47 2.8185189
3627 57 3.4047565
3628 1 2.743152
3628 13 1.0
3628 20 3.1221516
3628 27 2.5570877
3628 70 1.5387408
3639 4 3.31816
3639 6 3.4937842
3639 11 3.42252
3639 20 3.8977234
3639 32 3.1504645
3641 3 3.5317616
3641 6 2.9764445
3641 11 2.9818656
3641 16 3.322163
3641 52 1.0274882
3651 6 2.4473455
3651 9 3.1519537
3651 10 2.7329676
3651 21 2.0103657
3651 44 2.7149563
3653 1 3.4997456
3653 13 2.7253246
3653 14 3.377597
3653 26 3.3592849
3653 55 2.7402322
3662 2 2.3746614
3662 4 2.4179332
3662 14 2.6120458
3662 30 1.7811972
3662 44 2.4828284
3665 1 3.0287027
3665 5 2.984739
3665 12 3.0238318
3665 19 2.8612995
3665 33 2.3573067
3670 1 3.3832355
3670 8 3.6233482
3670 13 2.5582216
3670 16 3.8586142
3670 33 2.6560163
3683 1 3.5532615
3683 6 3.255769
3683 10 3.6150746
3683 20 3.859472
3683 53 3.2069073
3686 1 3.152814
3686 9 3.7483308
3686 13 2.2469585
3686 18 2.3846943
3686 62 3.289576
3687 2 3.4967563
3687 9 3.879683
3687 16 3.617454
3687 30 2.8556647
3687 43 2.578079
3688 2 2.7148385
3688 12 2.765826
3688 18 1.4375017
3688 29 1.4150064
3688 47 2.2775328
3695 2 3.370235
3695 4 3.103015
3695 16 3.31239
3695 27 3.7312102
3695 62 3.3992493
3696 7 3.0921974
3696 11 3.288194
3696 12 3.5665784
3696 27 3.3246021
3696 45 2.938716
3699 3 3.0137994
3699 5 1.8489182
3699 7 2.3526058
3699 19 1.987207
3699 45 1.934888
3712 6 2.4002225
3712 14 2.9407213
3712 15 2.9707172
3712 25 2.2102406
3712 36 2.5539873
3717 8 2.958225
3717 16 2.6192312
3717 18 1.9531882
3717 29 1.5159421
3717 49 2.1602476
3725 2 3.138269
3725 8 2.8590631
3725 22 2.9724858
3725 33 2.6786568
3725 42 3.1743932
3737 1 3.4226396
3737 5 2.7258728
3737 11 3.32627
3737 24 2.8121898
3737 42 3.3595772
3738 1 3.6714835
3738 5 2.5189762
3738 10 3.7057586
3738 12 2.7689128
3738 22 2.7120266
3739 9 3.4847186
3739 18 2.4368887
3739 21 3.4086237
3739 28 2.9825473
3739 56 2.5225573
3742 1 3.1798563
3742 8 2.7259655
3742 13 2.2714267
3742 17 2.0549986
3742 48 3.2501864
3745 3 2.9130666
3745 8 2.732402
3745 10 2.720407
3745 26 2.7939947
3745 58 2.5951827
3750 2 3.7479515
3750 13 2.6885455
3750 16 3.3897467
3750 31 3.1717339
3750 37 3.0728276
3756 2 3.1051505
3756 4 3.2861333
3756 6 2.62505
3756 25 2.4504151
3756 61 1.0
3759 6 1.8715093
3759 22 2.3955173
3759 28 2.6018572
3759 30 2.1282184
3759 53 1.7464932
3760 1 3.031223
3760 13 1.976155
3760 14 3.339638
3760 17 1.8156806
3760 50 1.2531052
3764 2 2.6568742
3764 9 3.0819185
3764 15 2.218492
3764 22 2.4891458
3764 51 2.1380422
3765 3 3.4618175
3765 21 2.9227295
3765 22 2.7681952
3765 30 2.1699271
3765 82 1.7612754
3770 6 3.0734081
3770 11 3.6571968
3770 14 3.540327
3770 16 3.455565
3770 40 2.7744658
3773 3 3.7540855
3773 9 3.152559
3773 11 2.6536653
3773 19 2.2112772
3773 41 2.0631137
3774 1 2.1920366
3774 4 2.499194
3774 21 2.6489
3774 27 2.7129416
3774 46 2.2729726
3777 1 3.6358967
3777 5 2.8563917
3777 8 3.2142527
3777 24 2.4902136
3777 43 2.3207293
3778 1 2.9119005
3778 6 2.425508
3778 10 3.313019
3778 28 2.9517753
3778 70 1.9017003
3780 5 2.0934436
3780 13 2.4095807
3780 16 2.8564494
3780 21 2.8244302
3780 46 2.4874713
3781 2 2.9214313
3781 10 3.2429793
3781 14 2.8230565
3781 34 2.1307497
3781 79 2.6943536
3784 6 2.5933793
3784 10 3.2601182
3784 11 2.7052133
3784 16 2.9281445
3784 43 1.8469653
3790 1 2.8674514
3790 6 1.8739347
3790 12 2.7390049
3790 24 2.0032117
3790 47 2.3047323
3794 3 3.6270614
3794 7 3.0374181
3794 8 2.9219177
3794 14 3.196289
3794 32 2.9541798
3798 1 3.4248414
3798 12 3.6305478
3798 18 2.1702173
3798 31 2.891778
3798 49 2.7033648
3800 2 3.880636
3800 7 3.2353582
3800 8 3.4783177
3800 15 3.0475922
3800 50 2.3421926
3811 1 3.307528
3811 20 3.461777
3811 25 2.9486108
3811 28 3.2442431
3811 44 3.010668
3816 2 3.0486834
3816 9 3.5427961
3816 17 2.306425
3816 23 3.417563
3816 65 2.3396149
3821 4 2.7897413
3821 9 3.1991186
3821 12 2.7240875
3821 15 1.868314
3821 50 1.1911187
3831 5 1.5277805
3831 8 3.1062307
3831 10 3.3873272
3831 23 3.2130914
3831 32 3.0680094
3833 1 2.9602513
3833 10 3.2825837
3833 11 2.8238468
3833 16 3.287741
3833 53 1.9531403
3834 5 2.7386653
3834 7 3.3770545
3834 15 2.7920098
3834 20 3.532713
3834 29 1.9184705
3841 1 3.3849232
3841 6 3.3395915
3841 9 3.5976517
3841 18 2.6297941
3841 37 3.0824342
3852 8 2.7758868
3852 13 2.159725
3852 14 3.1446562
3852 27 3.0824916
3852 37 2.5315137
3862 2 3.0793872
3862 9 3.513479
3862 13 2.0030677
3862 23 3.4316318
3862 60 2.0455418
3869 1 3.699602
3869 5 2.6784859
3869 13 2.417737
3869 38 3.4256144
3869 52 2.1983616
3875 2 2.975582
3875 7 1.7826422
3875 18 1.9870952
3875 27 3.1058733
3875 53 2.2347093
3877 1 2.0659614
3877 14 2.2325187
3877 21 2.6245944
3877 34 1.8019867
3877 71 2.276773
3880 2 3.2291865
3880 9 3.313711
3880 11 3.5965786
3880 17 2.4908228
3880 51 2.8406966
3882 5 1.2795051
3882 8 2.736276
3882 9 2.679181
3882 17 1.9008064
3882 35 2.378366
3884 3 3.9806345
3884 11 3.2887452
3884 22 3.3016872
3884 27 3.574915
3884 64 3.125743
3887 6 2.5451791
3887 11 3.063608
3887 14 2.9814067
3887 25 2.1966124
3887 36 2.5163894
3889 6 2.4273667
3889 17 2.0158691
3889 18 1.6609051
3889 22 2.6126034
3889 33 2.2166548
3892 2 3.2142313
3892 6 2.8810916
3892 7 2.9456043
3892 16 3.5528848
3892 43 2.303959
3893 2 3.1717875
3893 4 3.3221998
3893 10 3.476567
3893 14 3.0993447
3893 34 2.5791397
3894 1 3.3383355
3894 6 2.7599201
3894 10 3.6867743
3894 23 3.272429
3894 44 3.0725772
3897 7 3.4053512
3897 12 3.5791051
3897 13 2.8466818
3897 18 2.435506
3897 79 2.5665767
3899 1 3.5881705
3899 4 3.3275833
3899 5 2.9829764
3899 16 3.5536697
3899 47 3.0003912
3900 2 2.0715566
3900 4 1.9661679
3900 7 1.9809566
3900 17 1.3113468
3900 25 1.2439995
3910 5 2.4981358
3910 7 2.8920844
3910 9 3.924737
3910 16 3.1417427
3910 26 2.7746081
3914 4 3.7261775
3914 9 3.5059218
3914 12 3.501238
3914 24 2.2002318
3914 51 2.764604
3928 4 2.8932679
3928 10 3.1885877
3928 16 3.4690504
3928 24 2.301729
3928 38 3.6218174
3931 5 3.0920353
3931 11 3.2434356
3931 12 3.5041888
3931 24 2.9910274
3931 62 3.5640035
3933 6 3.0220046
3933 9 3.2869036
3933 15 2.4493196
3933 24 1.5697638
3933 80 3.0180733
3938 5 2.3386471
3938 7 2.6748497
3938 12 3.3118446
3938 19 2.536042
3938 58 2.7021832
3939 2 3.7011917
3939 9 3.78185
3939 20 3.7595034
3939 28 3.3177648
3939 37 3.2312295
3952 11 2.9916036
3952 23 3.1105201
3952 32 2.7381837
3952 40 2.142798
3952 66 2.6387317
3956 1 3.312084
3956 14 2.9215147
3956 16 3.0325906
3956 30 2.4928265
3956 39 2.3807333
3968 1 3.5589628
3968 5 2.3681552
3968 10 2.9067094
3968 23 3.1262152
3968 38 3.2154188
3971 4 2.8882995
3971 8 2.6931658
3971 13 2.177967
3971 22 3.1316743
3971 64 2.5824633
3972 3 4.1196213
3972 7 3.9046278
3972 11 3.3919537
3972 21 3.4817607
3972 59 5.0
3996 1 3.639644
3996 4 3.1061869
3996 7 3.036209
3996 17 2.603407
3996 61 2.8523264
3997 3 3.5326722
3997 15 3.682188
3997 19 2.59829
3997 26 2.980901
3997 85 4.1846004
3998 1 3.4659786
3998 3 3.5711353
3998 5 2.8201418
3998 13 3.0055828
3998 72 3.0458841
4006 1 3.6591792
4006 5 3.27718
4006 10 3.5299404
4006 27 3.6352205
4006 48 3.4540362
4008 1 3.3077326
4008 4 2.9186752
4008 8 2.9392056
4008 24 2.9926624
4008 63 2.0954852
4009 4 2.816474
4009 15 2.737564
4009 20 3.359607
4009 37 2.8497376
4009 77 3.4903803
4016 4 3.0988057
4016 7 2.8345718
4016 9 3.4605258
4016 13 2.7740583
4016 45 2.7600474
4018 4 2.9773695
4018 9 3.8528945
4018 13 2.7051218
4018 30 2.2049594
4018 74 2.6602588
4019 6 3.5186017
4019 13 3.1408103
4019 17 2.8932598
4019 36 2.5703232
4019 51 2.922377
4020 2 3.190359
4020 13 2.443672
4020 16 3.3575106
4020 28 2.8653362
4020 44 3.1527007
4026 4 2.3381941
4026 9 2.8739402
4026 12 2.6044157
4026 25 1.0
4026 52 1.6410233
4031 11 3.473969
4031 25 2.6626842
4031 33 2.8449163
4031 39 2.8758557
4031 84 2.791028
4040 2 2.8310273
4040 7 2.5598624
4040 11 3.186545
4040 22 2.5578585
4040 53 2.082515
4041 4 2.6721387
4041 20 3.3944306
4041 21 3.0958865
4041 29 1.8697984
4041 60 1.6658894
4050 4 3.246599
4050 6 2.7060921
4050 15 2.7570624
4050 26 3.121358
4050 51 2.889574
4069 2 3.2601593
4069 13 2.4373493
4069 16 3.3793523
4069 24 2.280098
4069 47 2.943431
4071 8 2.6322098
4071 14 2.8523612
4071 24 2.1842237
4071 30 2.206395
4071 49 2.3326983
4072 1 2.840214
4072 5 2.0738754
4072 12 2.8743393
4072 15 2.3760984
4072 32 2.4874375
4073 10 3.1557782
4073 19 1.5704222
4073 20 3.3309755
4073 27 2.4644623
4073 77 2.7442222
4074 2 3.3073545
4074 5 2.9844275
4074 14 3.1163144
4074 26 3.298129
4074 42 3.6186278
4079 6 2.6243482
4079 10 3.1503117
4079 13 1.3914366
4079 27 3.440519
4079 45 2.6796482
4081 10 3.372103
4081 25 2.417734
4081 27 3.1943808
4081 33 2.470223
4081 51 2.5087838
4083 4 2.55459
4083 15 2.7356784
4083 21 3.209905
4083 30 2.0553572
4083 74 3.1267242
4087 2 2.4498565
4087 20 2.9641738
4087 25 1.5549405
4087 32 2.394155
4087 48 2.827729
4090 2 2.8309653
4090 4 3.165621
4090 6 2.9181392
4090 21 2.9773607
4090 87 2.0822172
4095 1 2.7179372
4095 9 3.3062491
4095 10 3.1703184
4095 14 2.639318
4095 28 2.2637458
4110 7 3.0476806
4110 15 2.6232262
4110 17 2.2246451
4110 21 2.9929528
4110 50 2.0407617
4114 3 3.2531135
4114 12 3.175653
4114 21 2.8303618
4114 33 2.3733215
4114 69 1.6936644
4115 4 3.2090096
4115 6 3.3225012
4115 7 3.4959419
4115 14 3.260067
4115 36 3.6226158
4122 1 2.9700708
4122 7 3.087444
4122 15 2.834184
4122 20 3.6324043
4122 47 2.8104844
4127 1 3.5992956
4127 16 3.5647948
4127 17 2.6838872
4127 28 3.3136895
4127 42 3.5126767
4128 4 2.7356088
4128 9 3.5531578
4128 11 2.7525904
4128 15 2.4620771
4128 35 2.3528335
4132 4 3.4541593
4132 8 3.3563683
4132 11 3.4003277
4132 14 3.0913968
4132 34 2.2231781
4138 1 3.1871338
4138 4 2.7635098
4138 5 3.2057564
4138 14 3.2289972
4138 29 2.1811256
4148 8 2.732776
4148 19 1.7543838
4148 21 2.8517056
4148 26 2.3697658
4148 45 2.239438
4151 1 3.6708372
4151 8 3.4764636
4151 10 3.7030494
4151 16 3.6095061
4151 42 3.5482125
4156 8 3.3154802
4156 19 2.852005
4156 21 3.566909
4156 33 2.873473
4156 48 3.7420187
4159 1 3.2129073
4159 7 2.4847765
4159 11 2.7091887
4159 23 3.1466618
4159 40 2.3860781
4163 4 2.9620004
4163 9 3.5707324
4163 10 3.75488
4163 19 2.7319283
4163 50 2.0964885
4167 1 3.35267
4167 5 2.584242
4167 7 3.1671646
4167 24 2.6198661
4167 52 2.617447
4172 7 2.956795
4172 13 2.0369065
4172 15 2.4691708
4172 26 2.7603445
4172 42 2.9608855
4173 1 2.9634075
4173 9 2.9570887
4173 11 2.4720972
4173 17 1.810123
4173 34 1.095919
4174 3 3.0587592
4174 5 2.5655375
4174 9 3.3630624
4174 19 2.463979
4174 48 3.2254555
4178 7 2.872673
4178 17 2.3168643
4178 22 3.0974302
4178 33 2.796308
4178 58 3.6939402
4179 1 3.2206213
4179 6 3.4971023
4179 8 2.9745514
4179 16 3.8688834
4179 54 3.1573954
4184 7 3.3437655
4184 12 3.3338735
4184 16 3.4092696
4184 24 2.4251292
4184 56 2.521123
4186 5 2.2739942
4186 7 2.64658
4186 9 3.0393183
4186 19 2.0154734
4186 59 1.1213604
4207 1 3.246403
4207 3 3.3613913
4207 8 2.819653
4207 15 2.7841334
4207 59 2.572527
4208 3 2.9055758
4208 12 2.9528477
4208 13 2.2467272
4208 25 1.905461
4208 45 2.5793052
4212 3 3.4047549
4212 6 2.2294362
4212 13 2.0979512
4212 18 1.879042
4212 69 1.5487854
4213 2 3.4334726
4213 7 3.3276446
4213 9 3.4998746
4213 18 2.2306762
4213 54 3.2687728
4215 3 2.9837425
4215 13 2.2540925
4215 15 2.5560048
4215 36 2.1215224
4215 61 1.5899138
4221 3 3.05477
4221 8 1.9994872
4221 13 2.1671329
4221 17 1.4201713
4221 64 2.074244
4224 2 3.0526502
4224 10 3.1391962
4224 17 2.0458477
4224 31 2.3739376
4224 76 1.6406267
4231 5 2.5832922
4231 8 2.8916144
4231 11 3.2071996
4231 14 3.613084
4231 40 2.8813035
4236 4 2.8406537
4236 15 2.8290493
4236 18 2.124865
4236 22 2.8254404
4236 42 3.0943487
4242 9 3.779913
4242 18 2.644365
4242 21 3.4408667
4242 30 2.6472414
4242 61 2.1768517
4248 5 2.4370713
4248 14 3.059768
4248 32 2.7574053
4248 38 3.2168055
4248 62 3.1654499
4250 3 3.5120773
4250 9 3.5236866
4250 32 2.9811058
4250 41 2.214896
4250 61 2.900813
4260 5 2.211341
4260 13 2.1342587
4260 21 2.7596192
4260 26 2.714414
4260 50 1.3197601
4275 3 3.6699297
4275 8 3.4628088
4275 19 2.279188
4275 29 1.995523
4275 62 3.222391
4277 7 2.7533667
4277 13 1.7673179
4277 15 1.9191251
4277 21 2.2361403
4277 43 1.8175052
4287 1 3.6343777
4287 12 3.562333
4287 16 3.5998769
4287 21 3.5272903
4287 56 2.761369
4293 4 2.739212
4293 12 2.899719
4293 14 2.9179773
4293 18 1.5861099
4293 45 2.5933585
4294 1 3.2193327
4294 10 3.3917084
4294 11 3.1001654
4294 25 2.1190014
4294 69 2.3320026
4297 5 2.6976392
4297 8 3.0168085
4297 15 2.8755445
4297 29 2.2063155
4297 44 2.8921878
4300 1 3.1642172
4300 3 2.7144456
4300 6 2.5199006
4300 25 1.9084059
4300 55 2.3141637
4305 16 3.4395282
4305 25 2.885664
4305 26 3.3555484
4305 34 2.2682705
4305 63 2.5810146
4307 1 2.7746723
4307 4 3.313665
4307 7 3.0553544
4307 14 3.5415726
4307 26 2.8901691
4317 4 3.4056098
4317 11 3.426446
4317 21 3.0240126
4317 26 3.0577836
4317 70 2.2963934
4320 2 3.1272879
4320 4 2.7088337
4320 7 2.7087283
4320 11 3.0652432
4320 30 2.446042
4330 2 2.9368572
4330 15 2.6776521
4330 22 2.6687355
4330 27 3.126601
4330 64 2.241622
4333 1 3.2026658
4333 15 2.4934735
4333 30 2.3430736
4333 40 2.321211
4333 66 2.3443089
4335 2 2.7719254
4335 8 3.0528855
4335 14 3.0372999
4335 24 2.3400059
4335 68 1.1661539
4339 4 2.6059833
4339 8 2.7825475
4339 9 3.236225
4339 20 2.5467727
4339 65 2.035424
4342 1 3.3583481
4342 9 3.4679377
4342 20 3.6230707
4342 29 2.670788
4342 56 2.372878
4345 3 3.7119462
4345 11 3.220311
4345 12 3.3383412
4345 19 2.6338527
4345 54 3.3197734
4346 1 3.5703716
4346 5 3.140592
4346 13 2.6078925
4346 19 2.405832
4346 43 2.2931385
4348 4 2.4052696
4348 9 3.292231
4348 11 2.660109
4348 22 2.665752
4348 37 2.42766
4354 2 2.8153276
4354 4 2.3709342
4354 8 2.6117375
4354 18 1.238261
4354 77 2.613087
4356 3 3.648017
4356 15 2.887254
4356 18 2.4370751
4356 24 2.6268973
4356 49 2.6672502
4370 2 3.546428
4370 9 3.659581
4370 10 3.4270983
4370 19 2.704651
4370 34 2.4643877
4371 1 2.9544137
4371 3 2.805561
4371 5 1.0
4371 13 1.3568695
4371 40 2.0355792
4375 6 2.5293078
4375 13 1.4759612
4375 16 3.02172
4375 24 1.9092693
4375 64 2.1979718
4382 1 3.2408688
4382 6 2.8415823
4382 10 3.1111128
4382 20 3.197887
4382 44 2.8447626
4385 1 2.833526
4385 4 2.7593
4385 6 2.55122
4385 24 1.4849339
4385 35 1.9635699
4386 2 2.843552
4386 4 2.5171375
4386 10 3.2155108
4386 24 1.6384794
4386 59 1.2733898
4388 3 3.1969848
4388 9 3.5458827
4388 10 3.2414606
4388 18 1.4570049
4388 64 2.2052805
4396 1 3.0963688
4396 5 2.0617933
4396 15 2.449644
4396 28 3.0109458
4396 42 3.2478886
4404 10 3.1370158
4404 19 2.2027624
4404 20 3.400394
4404 47 2.4426458
4404 86 1.0565879
4407 3 3.304865
4407 11 3.0248356
4407 19 2.393089
4407 22 2.5968592
4407 32 2.8113716
4410 1 3.3271978
4410 3 3.7625833
4410 9 3.6012654
4410 15 2.9294648
4410 70 2.1799989
4414 1 3.0228045
4414 7 3.2425432
4414 8 2.4608727
4414 18 1.2786078
4414 68 2.2847054
4417 1 3.470241
4417 11 3.1364543
4417 24 2.4758134
4417 34 2.5677018
4417 48 3.303538
4424 3 3.3864977
4424 9 3.2489803
4424 12 3.3205373
4424 23 3.3537786
4424 38 3.3799963
4426 6 3.1877606
4426 21 3.3561797
4426 22 3.3210907
4426 29 2.3216798
4426 68 3.1558082
4427 2 2.9445472
4427 10 2.8735542
4427 11 2.7916422
4427 26 2.7390018
4427 49 2.182911
4429 4 2.8577151
4429 15 2.6176748
4429 16 3.1450424
4429 24 2.3494911
4429 35 2.636314
4453 16 3.0877903
4453 23 3.21147
4453 25 2.3562138
4453 29 1.8467959
4453 42 2.9336953
4455 4 3.014421
4455 7 2.9997106
4455 11 2.9488714
4455 13 2.273598
4455 26 2.8618548
4460 4 3.0473614
4460 7 2.6433227
4460 8 2.3940718
4460 22 2.7960835
4460 62 4.074254
4463 2 3.1486804
4463 11 3.0881336
4463 13 2.4724824
4463 28 2.9846697
4463 52 2.5088806
4475 4 2.8878603
4475 8 2.7347736
4475 9 3.0056138
4475 26 2.7641742
4475 42 2.8235104
4484 2 3.1937346
4484 9 3.6180425
4484 10 3.4481566
4484 19 2.5073998
4484 48 3.366479
4487 7 3.273713
4487 11 3.304875
4487 12 3.2451644
4487 22 2.977492
4487 30 2.6331477
4488 9 3.8202112
4488 15 3.0874436
4488 16 3.5579822
4488 23 3.5906267
4488 35 3.0259411
4491 2 3.4321918
4491 20 3.7517443
4491 21 3.6170819
4491 25 2.2933986
4491 45 2.6426845
4498 1 3.5139503
4498 5 3.3361456
4498 14 3.2559395
4498 23 3.3915071
4498 34 2.6011958
4503 4 2.7480166
4503 12 2.9365592
4503 18 1.79296
4503 26 2.6266105
4503 40 2.2324245
4504 6 2.7370212
4504 13 2.7852013
4504 15 2.7874668
4504 20 3.9233727
4504 52 2.3381186
4507 2 2.6802633
4507 8 2.815087
4507 13 2.4170902
4507 17 2.5390756
4507 30 2.2562091
4514 3 3.5461004
4514 5 3.228587
4514 9 3.5880954
4514 12 3.7911663
4514 44 3.212329
4522 2 3.5615592
4522 16 3.38915
4522 17 2.5507183
4522 40 2.7697468
4522 78 2.3834562
4525 11 2.693817
4525 23 2.6221864
4525 28 2.374281
4525 43 1.2774734
4525 91 1.0
4526 6 2.46621
4526 25 1.9903243
4526 32 2.7397351
4526 41 1.0
4526 69 2.5645084
4531 1 3.8416412
4531 9 3.5105274
4531 11 3.607667
4531 27 2.9511065
4531 35 2.705441
4533 1 3.35145
4533 7 3.2485905
4533 10 3.8486319
4533 15 3.0083652
4533 49 2.7353742
4534 3 3.3431914
4534 10 3.258227
4534 12 2.994796
4534 19 2.381402
4534 64 2.4761198
4536 10 3.108863
4536 27 2.9739451
4536 44 1.0
4536 53 2.0021863
4536 64 2.2042384
4541 2 2.2167304
4541 17 1.3506683
4541 18 1.55525
4541 25 1.437758
4541 50 1.4689684
4545 6 2.848264
4545 12 3.2556481
4545 13 2.7148266
4545 31 2.6502087
4545 39 2.5153773
4547 3 3.5950804
4547 10 3.5680234
4547 12 3.5318606
4547 37 2.965086
4547 75 3.2272816
4552 1 3.4215693
4552 13 2.941291
4552 19 2.9592712
4552 34 2.2620096
4552 67 2.57469
4556 2 2.6325479
4556 9 3.1036475
4556 18 1.6661644
4556 26 2.171164
4556 37 2.5265832
4561 10 3.4984834
4561 19 2.3695168
4561 26 2.9210532
4561 46 3.7061563
4561 77 4.561634
4562 11 3.6962352
4562 17 2.7611525
4562 18 2.0427563
4562 21 3.709021
4562 65 2.364061
4565 1 3.6052375
4565 5 2.5929108
4565 6 2.963416
4565 34 2.3673568
4565 64 2.4204614
4566 1 3.020294
4566 9 3.3372943
4566 12 2.6238914
4566 39 2.2939062
4566 62 3.2096934
4571 1 3.129186
4571 5 2.64278
4571 6 2.7407584
4571 10 3.4002135
4571 33 2.2013915
4573 8 2.932304
4573 16 2.582451
4573 19 2.2535877
4573 32 2.7772481
4573 43 1.76741
4576 1 3.124361
4576 8 2.8005087
4576 9 3.3310287
4576 26 2.9156384
4576 50 1.8632524
4577 8 2.742476
4577 16 3.0565584
4577 19 1.66872
4577 31 1.8502736
4577 78 1.0
4578 10 3.2281165
4578 13 2.849561
4578 23 3.1949022
4578 38 3.3564134
4578 78 4.203816
4579 3 3.0967734
4579 9 3.001685
4579 13 1.6259979
4579 24 2.0241735
4579 49 2.2195337
4581 1 3.7131536
4581 4 3.5399292
4581 7 3.6149616
4581 13 2.989608
4581 61 2.4306326
4585 9 3.6551547
4585 13 2.8257787
4585 18 2.4994373
4585 20 3.7452729
4585 56 2.7566829
4590 2 2.7503953
4590 6 2.109921
4590 7 2.827764
4590 11 2.9134963
4590 37 2.4305184
4596 4 2.8108866
4596 7 2.6621776
4596 8 2.5613065
4596 13 2.3709881
4596 39 2.1869195
4598 1 3.390841
4598 20 3.6159022
4598 29 2.347877
4598 47 2.8178172
4598 73 3.19982
4615 1 2.9926605
4615 12 3.0296519
4615 13 1.8243523
4615 20 3.2328835
4615 36 1.6824284
4624 1 3.3193896
4624 4 3.2772717
4624 8 2.9192617
4624 10 3.3908982
4624 17 2.415155
4628 2 3.3184566
4628 15 3.087809
4628 17 2.2837803
4628 34 2.252853
4628 72 2.9169288
4639 2 3.1637266
4639 14 3.2298236
4639 27 3.2552845
4639 30 2.4406028
4639 64 2.69176
4652 2 3.0267868
4652 11 3.1313117
4652 23 3.2343986
4652 31 2.110742
4652 58 2.8973181
4654 1 2.6851459
4654 7 2.289694
4654 11 2.7874146
4654 23 2.4091606
4654 41 1.1825929
4660 1 3.6260118
4660 9 3.8031042
4660 15 3.0967143
4660 49 2.5617046
4660 88 2.7589366
4669 2 3.0415773
4669 8 2.6678705
4669 9 3.0199635
4669 11 2.9856467
4669 64 2.1576061
4679 5 1.5468597
4679 10 3.021876
4679 14 2.183671
4679 21 2.731922
4679 30 2.3438835
4681 2 2.6641133
4681 7 2.5604422
4681 16 2.9920678
4681 27 3.218012
4681 62 2.8911064
4693 6 2.8579323
4693 12 3.1168158
4693 13 2.4325037
4693 15 2.7914755
4693 59 1.6088246
4694 2 3.315987
4694 13 2.448883
4694 14 3.032473
4694 21 3.1375184
4694 57 2.0984936
4698 6 2.6947172
4698 12 3.092155
4698 15 2.5786598
4698 21 3.0342255
4698 61 2.4558651
4704 2 3.0782728
4704 5 3.0158648
4704 6 2.407131
4704 13 2.4547157
4704 88 2.027196
4705 3 3.1367705
4705 13 2.6944737
4705 14 3.1568704
4705 30 2.4135635
4705 48 3.5297084
4707 2 3.4679787
4707 6 2.9453309
4707 11 3.6046917
4707 17 2.7540627
4707 32 3.0001488
4713 8 2.9664764
4713 12 2.9112668
4713 17 2.0857701
4713 33 2.5503545
4713 62 3.248669
4715 3 3.2185712
4715 23 3.0778823
4715 24 2.1929004
4715 34 2.1338694
4715 48 2.9277613
4721 2 3.5027394
4721 9 3.8856664
4721 10 3.7641053
4721 15 3.1528988
4721 20 3.9149418
4723 2 3.2300634
4723 10 3.2217321
4723 14 3.1463904
4723 17 2.329279
4723 32 3.1169767
4727 1 3.739365
4727 3 3.6979783
4727 4 3.1566753
4727 8 3.0781047
4727 23 3.7085385
4732 1 3.4238734
4732 4 2.9293783
4732 9 3.5999784
4732 19 2.4845934
4732 64 2.548156
4736 1 3.1173155
4736 7 3.0153012
4736 8 2.8963852
4736 13 2.6866794
4736 24 2.1551373
4739 1 3.3591797
4739 8 2.7991598
4739 11 3.8911297
4739 18 2.6847079
4739 26 2.7898614
4740 3 3.7019112
4740 13 2.6392295
4740 14 3.120257
4740 18 2.6926532
4740 43 2.4131706
4743 1 3.113587
4743 11 2.821638
4743 15 2.5478332
4743 22 3.1123261
4743 65 2.389048
4747 1 3.2833154
4747 7 2.6203015
4747 8 2.8397088
4747 13 2.3540552
4747 18 2.0598414
4749 3 3.7586522
4749 7 3.29741
4749 8 3.7395122
4749 18 2.6050067
4749 39 2.6782079
4752 1 2.4415631
4752 6 1.920557
4752 15 1.5248039
4752 22 1.8644222
4752 53 1.2978404
4754 2 2.8619661
4754 4 2.8531737
4754 5 2.4909892
4754 16 2.8828223
4754 48 3.2488286
4755 2 2.643357
4755 8 3.0845275
4755 26 2.7053406
4755 28 2.6895683
4755 45 2.5772302
4759 4 2.9536169
4759 9 3.9658966
4759 15 3.3170476
4759 18 2.1071417
4759 46 2.845082
4772 1 3.6379576
4772 6 3.215802
4772 8 3.2899563
4772 23 3.4592955
4772 58 3.0733917
4777 5 1.9738997
4777 11 2.3603315
4777 13 1.944783
4777 18 1.6158184
4777 31 2.1404395
4779 1 3.6953382
4779 8 3.336822
4779 13 2.8908703
4779 38 3.8676028
4779 60 2.367057
4782 1 3.7427206
4782 19 2.679374
4782 28 3.221646
4782 37 3.0687172
4782 78 2.3153863
4784 1 3.1200814
4784 14 3.582589
4784 16 3.367195
4784 30 2.2927237
4784 43 2.1021373
4787 1 3.3468454
4787 10 3.7249646
4787 13 3.0446887
4787 17 2.3703125
4787 43 2.4045663
4793 4 2.1862063
4793 8 2.7986524
4793 9 3.4063993
4793 16 2.8710442
4793 41 2.0067909
4798 1 3.6408296
4798 15 2.880845
4798 27 3.316736
4798 48 3.7348886
4798 66 2.9019847
4804 1 2.845364
4804 4 2.2319765
4804 5 1.9489914
4804 15 2.3697886
4804 39 1.884141
4816 1 2.6072922
4816 9 2.8810833
4816 15 2.2130408
4816 19 1.4233795
4816 57 1.0
4825 2 2.968637
4825 13 1.8014033
4825 21 3.1251593
4825 38 3.3492012
4825 66 1.9114175
4831 1 3.2382047
4831 5 3.1907716
4831 6 2.8190796
4831 17 2.628904
4831 24 2.4286902
4840 5 2.321137
4840 10 3.3871217
4840 15 3.106171
4840 29 2.2144272
4840 70 2.7407615
4848 3 3.6768308
4848 5 3.498951
4848 6 3.7349188
4848 15 3.069037
4848 36 3.1414137
4852 2 3.3674133
4852 10 4.0186667
4852 12 3.4671962
4852 19 2.7512484
4852 66 2.9837809
4858 5 2.62594
4858 13 2.445742
4858 14 2.9265072
4858 42 3.1253004
4858 69 3.1725845
4860 4 2.8208055
4860 9 3.1912796
4860 14 2.7618582
4860 22 2.5938566
4860 68 2.267211
4864 6 2.2804751
4864 10 3.044428
4864 13 1.8659717
4864 16 2.8082273
4864 28 2.6330137
4867 2 3.5561178
4867 9 3.9390445
4867 14 3.483263
4867 16 3.6768155
4867 49 2.9983194
4868 1 3.0154216
4868 8 2.9423828
4868 15 2.79632
4868 24 2.7529907
4868 70 1.5011694
4881 1 3.4803123
4881 10 3.5626261
4881 15 3.002828
4881 27 3.5330029
4881 61 2.3734527
4884 2 2.7309175
4884 8 2.425758
4884 9 2.3017108
4884 13 1.9081938
4884 31 1.6704949
4887 3 3.5724745
4887 7 2.8260748
4887 12 2.891214
4887 41 2.0322168
4887 56 1.829692
4903 5 2.4765973
4903 13 1.8700387
4903 15 2.6336632
4903 19 2.0399005
4903 29 1.4614159
4908 3 3.4320714
4908 10 3.75185
4908 13 2.4458032
4908 24 2.4092064
4908 42 3.6162343
4909 1 3.3365922
4909 5 2.466545
4909 13 2.3042004
4909 19 2.325507
4909 38 3.8020399
4913 1 3.5138197
4913 5 3.1963248
4913 9 3.7386093
4913 27 3.4321563
4913 51 2.959725
4917 1 3.526857
4917 5 2.8357964
4917 6 3.117257
4917 15 2.8810797
4917 56 2.3926077
4919 5 2.6066782
4919 17 2.1556654
4919 22 2.9225516
4919 34 1.9888831
4919 56 2.2355325
4921 2 2.9925742
4921 12 3.080791
4921 15 2.8541117
4921 21 3.0913365
4921 62 3.8367789
4923 1 2.9934523
4923 9 3.2690015
4923 12 2.4575548
4923 18 1.504985
4923 32 2.5806649
4936 3 3.0426564
4936 11 2.7056572
4936 12 2.7286067
4936 22 2.6054144
4936 78 1.4340434
4946 5 2.176942
4946 18 1.8330687
4946 30 1.9599301
4946 42 2.779889
4946 70 1.8008449
4948 12 3.601029
4948 16 3.3062458
4948 18 2.672343
4948 22 3.0448234
4948 36 2.4277701
4959 3 3.322327
4959 9 3.5677466
4959 19 2.2851632
4959 24 2.2749665
4959 47 2.3753397
4960 2 3.436514
4960 6 2.6093009
4960 14 3.171441
4960 21 3.2399216
4960 31 2.4561357
4962 2 3.5661561
4962 16 3.522839
4962 17 2.2855885
4962 29 2.2966046
4962 56 2.5370378
4967 1 3.7101104
4967 10 3.7604
4967 15 3.2630725
4967 36 3.2785063
4967 54 2.596393
4976 4 2.2785757
4976 9 2.1164045
4976 11 2.5927052
4976 15 1.9947498
4976 38 3.083892
4978 1 3.235223
4978 12 3.3643763
4978 18 2.1143157
4978 37 2.7741385
4978 61 2.1307464
4983 1 2.9143147
4983 8 2.766255
4983 12 2.7164216
4983 14 2.393087
4983 27 2.7870476
4985 1 2.644707
4985 10 2.9718592
4985 12 2.8083127
4985 19 1.995268
4985 49 1.9874837
4990 4 2.6230881
4990 9 3.1582687
4990 10 3.0777233
4990 16 2.4325132
4990 77 2.1221414
4992 3 3.3083553
4992 8 2.9976423
4992 12 3.249434
4992 24 2.2742934
4992 33 2.310343
4996 4 3.1372294
4996 9 3.7996397
4996 14 3.212712
4996 18 2.1678627
4996 32 2.9571493
