4 1 3.2501214
4 5 2.879422
4 6 2.8827145
4 10 3.4675457
4 41 1.9301441
7 3 3.5313268
7 5 2.1838214
7 6 2.6071339
7 11 3.05531
7 79 2.1768293
16 1 3.253515
16 12 3.6228986
16 13 2.5819566
16 34 2.63853
16 66 3.408998
17 1 3.2050717
17 7 3.0449061
17 11 2.9263737
17 18 2.0010133
17 32 2.6825054
21 4 2.8652806
21 12 3.086184
21 15 2.4988031
21 21 2.7624967
21 39 2.4569495
23 2 3.045776
23 8 2.6732035
23 14 2.6222851
23 32 2.625045
23 85 1.0
41 8 3.145539
41 16 3.213322
41 18 2.2865932
41 24 2.2764442
41 38 3.4016519
42 1 3.5922775
42 12 3.225786
42 18 1.9324859
42 29 2.0036876
42 55 2.1644883
51 2 2.9035585
51 6 2.4416735
51 9 3.373225
51 35 2.4015286
51 62 3.2549665
58 5 1.5257814
58 9 2.7873273
58 10 2.7423744
58 18 1.2144382
58 39 1.9631127
60 1 3.1595376
60 12 3.2498198
60 18 2.11992
60 57 1.549902
60 88 2.3444512
61 1 3.6029756
61 10 3.404121
61 12 3.2066367
61 18 2.072083
61 50 2.3741415
62 1 2.7483377
62 6 2.0775626
62 14 2.6660373
62 38 3.222104
62 54 2.8767195
67 2 3.5657012
67 17 2.5887244
67 18 2.57754
67 24 2.8417084
67 35 3.0317116
69 2 2.9154518
69 11 2.6987348
69 12 2.9725604
69 14 2.8708305
69 26 2.3999598
72 3 2.9465964
72 8 2.4534616
72 9 3.4112537
72 15 2.327717
72 38 3.0669043
91 2 3.2818964
91 16 3.408018
91 17 2.2632334
91 21 3.5492382
91 58 2.9048965
101 2 3.5125215
101 5 3.062526
101 6 3.1949396
101 15 3.1626806
101 38 3.8399847
104 2 2.88099
104 6 2.9454107
104 7 3.1654136
104 19 2.332553
104 63 2.408013
105 3 3.3428075
105 10 3.4375856
105 12 3.0572088
105 21 3.0457795
105 52 2.2211947
109 3 3.5872252
109 5 2.5072129
109 14 3.1593707
109 28 2.997176
109 49 2.778041
114 4 2.3817348
114 10 2.8573027
114 14 2.2742038
114 27 2.815604
114 39 1.7603295
134 5 2.362827
134 16 3.0383165
134 18 1.6137754
134 27 2.950772
134 65 1.8659761
143 1 3.0521305
143 9 3.1832242
143 10 3.1783633
143 27 2.777083
143 37 2.8023908
144 1 3.1194878
144 3 3.5428
144 7 3.0331824
144 15 2.9099405
144 43 2.2085521
152 2 2.7205927
152 8 2.7914195
152 9 3.3709211
152 12 2.9589965
152 32 2.4646337
154 1 3.1547782
154 3 3.5821064
154 5 2.5394075
154 14 3.2191231
154 31 2.4873378
158 4 3.3724778
158 7 3.017004
158 13 2.572705
158 18 2.2504528
158 45 2.7785652
168 6 3.095837
168 11 3.3519735
168 13 2.6580052
168 23 3.6396666
168 56 2.556648
177 2 3.2410548
177 5 2.785672
177 13 2.2397768
177 18 2.3077173
177 48 3.4368455
180 3 3.23503
180 8 2.7472646
180 9 3.503069
180 11 3.1479185
180 30 2.5080626
187 4 2.7549899
187 10 3.0990117
187 17 2.1065543
187 39 2.2988298
187 65 2.554648
190 2 2.1168795
190 4 2.1295512
190 13 1.5732577
190 25 1.147721
190 65 1.0471202
191 4 3.026785
191 6 2.8786852
191 15 2.840095
191 22 2.9605315
191 33 2.3768494
192 2 2.9754407
192 9 3.6705205
192 15 2.576282
192 28 3.1603312
192 36 2.3692412
193 4 2.5416858
193 6 2.457641
193 7 2.505444
193 16 2.967431
193 38 3.2082422
197 2 2.9858975
197 12 3.0469954
197 13 2.6094453
197 20 3.3668308
197 40 2.4816287
200 6 2.9055758
200 16 3.711719
200 17 2.417194
200 45 2.8892968
200 67 2.7393272
201 7 3.0769043
201 10 3.4112191
201 14 2.7702606
201 21 3.1270385
201 33 2.1762178
217 5 2.3850925
217 8 3.1329598
217 17 2.2262464
217 27 3.1571534
217 53 2.3203664
223 2 2.9803157
223 5 2.7888176
223 7 2.8856838
223 13 2.4596498
223 44 2.8575883
233 5 2.6866145
233 10 3.4044838
233 11 3.0874324
233 15 3.0952427
233 56 2.3293724
235 4 2.6800249
235 9 3.0831108
235 11 2.3949153
235 17 1.6925944
235 38 3.050232
237 1 3.0682173
237 10 3.1574383
237 12 3.1059058
237 19 1.960784
237 43 2.070453
239 1 3.592019
239 9 3.819747
239 19 2.7700276
239 27 3.5071182
239 76 2.765718
248 1 2.8724346
248 6 2.633382
248 9 3.1013486
248 16 2.9871738
248 30 2.1352448
251 6 2.4807947
251 11 3.1221166
251 16 3.2158997
251 21 2.8452504
251 37 2.663095
252 3 3.1692145
252 10 3.1374779
252 12 3.04483
252 15 2.7946162
252 48 3.2398794
261 4 2.9025693
261 7 2.8652062
261 10 3.2346709
261 20 3.039401
261 51 2.4359689
265 1 3.350551
265 15 2.2968774
265 18 1.8164775
265 29 1.9509656
265 56 2.1531675
266 7 2.8646522
266 11 3.3764772
266 15 2.5898027
266 32 2.8353474
266 74 2.8649964
271 2 2.8735943
271 10 3.1666713
271 11 2.8923826
271 30 2.432124
271 38 3.4894712
272 3 3.5813406
272 5 2.7896042
272 6 3.1131816
272 15 2.6662276
272 26 2.859298
278 1 3.4125323
278 15 2.9856277
278 16 3.4764123
278 31 2.4430857
278 52 2.3760986
283 1 3.0832798
283 9 3.197341
283 12 2.9308114
283 23 3.0516078
283 28 2.518079
290 3 3.1157746
290 12 2.8082633
290 14 2.5175424
290 22 2.388435
290 64 2.2911649
291 2 2.6946542
291 11 2.8444927
291 13 1.8033363
291 24 1.8386041
291 40 2.0830882
301 1 2.983159
301 13 2.6655428
301 17 2.2523396
301 24 2.750206
301 55 2.599646
303 1 3.1569974
303 5 2.9703956
303 15 2.8731997
303 23 3.2846322
303 50 2.1093624
318 2 2.852731
318 5 2.6136394
318 10 3.1898348
318 15 2.7056236
318 57 1.7027277
319 7 3.0805037
319 12 3.3240385
319 15 2.7108328
319 19 2.7878656
319 57 1.8638233
321 1 3.3511386
321 7 2.9513478
321 8 2.839903
321 14 2.995137
321 21 3.0028293
325 2 3.3115852
325 9 3.830948
325 10 3.6392958
325 16 3.4293907
325 35 2.7812736
328 5 2.0682611
328 16 2.8606865
328 23 3.2773156
328 27 3.127275
328 73 2.9975193
333 2 2.8196442
333 12 2.951874
333 13 2.0082605
333 16 3.041057
333 45 2.51957
343 4 2.6457684
343 9 3.6585617
343 11 2.9244153
343 18 1.6840392
343 72 2.6644793
346 4 2.8638124
346 8 2.661941
346 12 3.236853
346 26 3.0746477
346 47 2.5673964
351 1 3.4730043
351 7 3.1423306
351 15 3.040964
351 36 2.239216
351 44 2.7607746
354 4 2.4197786
354 8 2.712953
354 9 3.0817025
354 30 1.9896933
354 67 1.4665998
367 14 3.031572
367 18 1.8242168
367 20 3.5753767
367 41 2.0173104
367 75 2.2037318
369 3 3.396032
369 14 3.083029
369 22 2.8182714
369 26 2.578252
369 49 2.2514298
372 1 3.3040586
372 10 3.213722
372 16 2.841191
372 28 2.656812
372 65 2.1504576
376 4 3.398117
376 6 3.1859236
376 9 3.8864322
376 20 3.915708
376 67 2.8338342
378 7 2.964874
378 15 2.7795997
378 16 3.422608
378 27 3.464457
378 66 2.9417922
379 1 3.059076
379 5 2.08254
379 7 2.9030538
379 13 2.0648053
379 71 2.4110053
380 3 3.4913325
380 8 3.0206308
380 13 2.1983135
380 20 3.3706734
380 59 2.2375023
382 2 2.990611
382 5 2.5104907
382 9 3.3886828
382 14 2.8349786
382 68 2.2723262
384 2 3.2676756
384 4 2.9667237
384 6 2.8507977
384 18 1.7252728
384 82 1.8016379
385 1 3.2112417
385 3 3.4079695
385 6 2.506318
385 9 3.2547624
385 25 2.0371578
386 1 3.1857913
386 9 3.8920002
386 14 3.33755
386 20 4.035705
386 44 3.2355754
395 2 2.9295933
395 8 2.5995085
395 9 3.4622653
395 14 2.8248177
395 27 3.2055042
397 2 3.1989007
397 7 2.9365482
397 10 3.1968758
397 18 1.4751327
397 43 1.9070926
401 1 3.3579907
401 4 3.1448495
401 9 3.5453372
401 33 2.240843
401 59 2.53143
413 6 2.6856935
413 8 2.7607846
413 11 2.8869042
413 16 2.923169
413 29 2.100535
414 2 2.8371623
414 7 2.518328
414 14 2.5265849
414 31 2.446251
414 63 2.2825844
426 2 3.4092388
426 12 2.919076
426 19 2.4441392
426 42 3.1778345
426 63 2.7357228
427 2 3.013629
427 8 2.841232
427 11 2.895467
427 19 2.2315764
427 42 2.9912534
433 3 3.5280113
433 5 2.3822036
433 17 2.2384655
433 31 2.23116
433 80 3.2991114
434 2 2.9776063
434 8 2.4971
434 9 3.5649202
434 23 3.2332845
434 64 2.36634
435 5 2.254207
435 7 2.4921684
435 10 3.1572685
435 27 2.930238
435 52 2.182594
441 2 3.0824845
441 11 3.2663286
441 13 2.5519218
441 23 3.259267
441 48 3.2115448
448 2 3.2895834
448 4 3.0928092
448 12 3.1498559
448 16 3.479671
448 33 2.881024
456 2 3.7050517
456 6 2.881687
456 7 3.1973245
456 24 2.9444435
456 45 2.9323936
468 3 3.4189026
468 6 2.4097714
468 8 2.5662155
468 25 1.6753851
468 73 2.548498
473 1 3.2108693
473 3 3.1768613
473 7 2.6001005
473 22 2.8931522
473 63 2.4337077
480 7 2.5764122
480 12 2.8685765
480 14 2.6327238
480 25 1.835081
480 83 2.1967318
486 2 3.2537477
486 4 3.049898
486 10 3.7343698
486 21 3.121233
486 52 2.2984772
491 3 3.4002929
491 5 2.7835836
491 8 2.7213652
491 21 3.0391
491 49 2.6262412
500 4 3.121344
500 16 3.458659
500 18 2.2317028
500 22 3.200357
500 56 2.4991653
501 8 2.6288462
501 22 2.6655471
501 35 2.5131671
501 46 2.540662
501 86 1.7780147
506 1 3.3805966
506 9 3.3418403
506 13 1.9282135
506 17 2.184371
506 31 1.9571342
516 1 3.5910168
516 8 3.0542927
516 12 3.491558
516 15 3.0535424
516 47 2.6861362
528 2 3.262496
528 10 3.6363375
528 17 2.6175897
528 24 2.301025
528 41 2.4926696
532 3 3.5200021
532 6 2.5510283
532 8 3.0095806
532 15 2.84623
532 36 2.209938
535 1 3.1610003
535 4 3.0918634
535 6 2.6034086
535 11 3.1016128
535 48 3.2407293
536 5 2.988941
536 9 3.8218632
536 11 3.4226642
536 17 2.6787267
536 40 2.8179557
539 1 3.3454196
539 7 2.944369
539 8 2.7240171
539 11 3.0841262
539 36 2.0385737
546 9 3.6593404
546 21 3.052953
546 27 3.326862
546 39 2.3699079
546 77 2.997841
547 1 3.1498408
547 10 3.3409774
547 14 3.2283702
547 19 2.3591616
547 42 3.3550112
554 4 2.39472
554 6 2.279454
554 9 3.1574507
554 17 1.8374407
554 25 1.8972571
558 2 2.7484426
558 4 2.1263902
558 10 2.9629827
558 19 1.6619413
558 37 2.5032616
560 1 3.0561304
560 5 2.1944735
560 8 2.4431276
560 12 2.811099
560 19 1.9918287
562 4 3.0472524
562 12 3.3367069
562 14 2.9649756
562 17 2.3726804
562 29 2.2020378
566 2 2.9102318
566 6 2.8840992
566 10 3.4297426
566 17 2.714672
566 36 2.7051847
570 1 3.139003
570 10 3.4547067
570 13 2.1497
570 29 1.9873562
570 62 3.5115657
575 1 3.3037117
575 18 1.9217145
575 19 2.1066785
575 24 2.1810884
575 47 2.3344083
577 1 3.2412312
577 6 2.8639352
577 18 1.6496873
577 28 3.0649076
577 37 2.8583405
580 10 3.4830775
580 12 3.216273
580 17 2.6044059
580 21 3.2834234
580 29 2.1552227
584 2 3.1473484
584 10 3.2015316
584 11 3.1167185
584 26 3.0155246
584 42 3.061404
588 6 3.2011347
588 11 3.4005928
588 12 3.2118351
588 23 3.539427
588 67 2.5776024
614 2 2.8752425
614 21 2.9130447
614 26 2.479363
614 29 1.421247
614 64 1.9995366
616 4 2.7472134
616 13 1.9368134
616 15 2.1354961
616 27 2.8909037
616 62 2.9688518
629 2 3.2224553
629 27 3.1751432
629 31 2.6385052
629 49 2.8311625
629 60 1.9162303
631 5 1.9956647
631 10 3.1570892
631 16 2.7665548
631 20 2.6486542
631 35 2.3611083
632 4 2.6507707
632 8 2.5530794
632 10 3.2903144
632 25 2.0291312
632 42 2.9747653
636 2 3.0880952
636 6 2.4553218
636 18 2.1624458
636 24 2.106802
636 37 2.9672573
643 4 2.856786
643 31 2.2277873
643 33 2.5974638
643 46 2.5620325
643 80 3.0801852
655 3 3.4685612
655 9 3.669589
655 14 2.8528402
655 18 2.1859627
655 27 3.3178232
656 11 2.7150018
656 16 2.7060974
656 18 1.7134967
656 29 1.3552392
656 48 3.008965
665 1 3.5376995
665 17 2.4265244
665 18 2.1004112
665 24 2.3087878
665 30 2.6885552
671 1 2.7145066
671 6 2.4011717
671 9 3.388031
671 18 1.9118446
671 47 2.5170524
675 16 3.0783613
675 21 2.9031413
675 28 2.6655378
675 36 2.0259495
675 60 1.5984174
678 3 3.470567
678 10 3.4776685
678 14 3.0260448
678 26 2.6791327
678 49 2.6690152
681 3 2.998087
681 8 2.657949
681 10 3.0776598
681 28 2.5351665
681 55 1.9636959
695 2 2.5085428
695 15 1.8030484
695 21 2.6423259
695 32 2.6679225
695 56 1.9429173
697 1 2.916148
697 3 3.379672
697 8 2.8363676
697 15 2.318419
697 38 3.4888213
713 1 3.1363564
713 23 3.384436
713 34 2.2301598
713 54 3.2738488
713 64 2.3875384
715 7 2.751369
715 9 3.1333153
715 13 1.9589024
715 24 1.9564856
715 50 1.6278491
717 3 3.3187618
717 6 2.875427
717 30 2.5974298
717 53 2.0406559
717 73 2.7363083
723 1 3.0888567
723 7 2.5881548
723 9 3.299419
723 24 2.1016853
723 47 2.5099473
728 7 2.863238
728 19 2.2765915
728 21 3.155236
728 28 2.9138353
728 48 3.3132412
735 3 3.5332177
735 6 2.791825
735 8 2.883744
735 22 2.7127
735 71 2.7464485
742 4 2.9930048
742 6 2.7227237
742 8 2.8080933
742 14 3.4380248
742 75 2.688084
752 3 3.4357963
752 5 2.9352155
752 7 3.091303
752 19 2.273823
752 55 2.3828874
753 1 3.2803195
753 11 3.0346906
753 12 3.340568
753 22 3.0883613
753 54 3.5591278
759 3 3.5749085
759 6 3.0691595
759 7 2.8982296
759 15 2.6800504
759 56 2.3537443
760 1 3.1156328
760 6 2.717985
760 21 2.7657044
760 28 2.6638865
760 35 2.1744587
762 2 3.3334785
762 8 2.897691
762 19 2.5958238
762 30 2.6426232
762 73 3.0171423
765 4 2.7004995
765 13 2.1527014
765 14 3.060397
765 26 2.6266704
765 43 1.9329848
772 2 3.3970506
772 8 2.7908041
772 9 3.742075
772 17 2.252119
772 39 2.5887167
778 1 2.8082933
778 4 2.3663096
778 6 2.1164505
778 10 2.8613846
778 39 1.8862814
780 1 2.918011
780 6 2.421876
780 10 3.1731744
780 20 3.3812919
780 39 1.9461861
784 1 3.1873333
784 7 3.408444
784 8 2.805911
784 14 3.3654482
784 40 2.523661
787 1 3.2178133
787 13 2.2705317
787 14 2.9846888
787 19 2.4043665
787 35 2.5988586
788 1 2.9676101
788 5 2.2984843
788 6 2.615923
788 21 3.060176
788 75 2.0840404
794 3 3.3308022
794 18 1.6671345
794 22 2.7306287
794 26 2.7496865
794 60 1.6256949
795 2 2.9551036
795 7 3.079608
795 13 2.6013594
795 15 2.6780992
795 34 2.27269
797 1 3.038315
797 14 3.010524
797 15 2.3424804
797 21 2.8934655
797 27 2.7621138
799 3 3.7293112
799 8 3.216113
799 13 2.7701614
799 25 2.5918736
799 56 2.7016206
801 3 3.5060556
801 18 2.0391333
801 22 3.0643027
801 25 2.6229162
801 36 2.2671115
810 2 2.7424119
810 12 2.6281378
810 13 2.2358677
810 19 1.8763933
810 52 1.7109784
813 5 2.5235841
813 10 2.757069
813 15 2.406933
813 23 2.9107494
813 37 2.312346
816 2 2.9756608
816 5 2.8538823
816 8 2.853289
816 13 2.421841
816 19 2.3755226
832 1 3.6090927
832 16 3.5745919
832 19 2.7871013
832 22 3.2497346
832 36 2.6814318
844 3 3.555643
844 12 3.2282004
844 13 2.4341846
844 17 2.250778
844 38 3.5337443
851 1 3.1299133
851 4 2.9370294
851 8 3.056598
851 12 3.2882092
851 26 2.765491
867 1 2.783561
867 4 2.6302495
867 7 2.3866782
867 25 1.5352709
867 36 1.8853602
869 1 3.352762
869 14 2.5417995
869 19 1.8820415
869 27 3.0816863
869 38 3.1601024
870 2 2.3889499
870 5 1.6342021
870 10 2.7136517
870 17 1.5945262
870 36 1.2866435
875 1 2.868767
875 9 3.1353295
875 10 2.889919
875 19 2.2917852
875 33 2.1778114
881 1 2.829994
881 4 2.8975947
881 11 2.8814697
881 28 2.6270735
881 55 2.3714314
888 4 3.132343
888 9 3.545559
888 25 2.3444865
888 52 2.0102377
888 65 2.463584
895 4 2.510284
895 6 2.2922506
895 10 2.9116836
895 16 2.1931355
895 27 2.5146008
899 1 2.980246
899 17 2.2294717
899 18 2.0701258
899 41 1.8325793
899 88 3.1470947
901 5 1.6014661
901 13 1.729742
901 14 2.3451009
901 19 1.7768335
901 47 2.0910277
902 1 3.147707
902 3 3.2401102
902 11 2.8926952
902 17 1.9427156
902 43 1.7667804
907 1 3.6003835
907 6 3.127603
907 10 3.7065506
907 23 3.5985272
907 73 3.0275514
912 1 3.0309722
912 10 3.0729895
912 11 2.9340568
912 20 3.6252148
912 36 2.0181863
913 1 3.402421
913 3 3.6059928
913 9 3.71171
913 21 3.1948228
913 28 2.9730659
916 1 3.2267902
916 11 3.0339031
916 15 2.9710653
916 21 3.301974
916 69 2.4186532
919 1 2.785641
919 5 2.419379
919 6 2.779656
919 17 2.1598885
919 48 2.8954778
923 1 3.3733904
923 5 2.6460478
923 10 3.563983
923 20 3.595408
923 50 2.2181947
924 1 3.1448991
924 3 3.3510332
924 11 2.9323997
924 31 2.4342642
924 39 2.02572
937 4 2.815249
937 7 3.223602
937 8 2.8342452
937 22 2.8024175
937 50 2.065692
944 2 2.9292185
944 4 2.9564078
944 5 2.8893323
944 9 3.3725429
944 70 2.0151143
945 7 3.0011835
945 16 3.3724802
945 17 2.1872
945 27 3.195643
945 40 2.4336247
952 1 3.3226354
952 4 2.8263738
952 5 2.628841
952 9 3.6776004
952 64 2.2255392
955 2 2.8720796
955 18 1.3766179
955 26 2.5326595
955 42 3.0392666
955 65 1.9340638
963 7 3.0199807
963 10 3.1162372
963 12 3.0104675
963 23 3.0904062
963 42 2.9547012
966 6 2.14616
966 11 2.4550707
966 17 1.7464019
966 24 1.4437832
966 33 1.6730113
972 1 3.0096083
972 11 3.1567848
972 12 3.0482235
972 20 3.4681478
972 49 2.467421
975 1 3.5405676
975 12 3.0861325
975 13 2.26945
975 21 2.882556
975 48 3.2686899
978 4 2.229136
978 13 2.2598536
978 15 2.2375689
978 31 1.9448439
978 56 1.8499855
979 2 3.5782301
979 11 3.2445583
979 16 3.6233568
979 19 2.530594
979 34 2.8591647
982 2 3.5144725
982 18 2.3490224
982 21 3.59052
982 25 2.1188579
982 52 2.508109
983 3 3.226964
983 7 2.560792
983 12 2.8414834
983 22 2.737868
983 39 1.5009947
984 2 2.9184632
984 6 3.0820885
984 8 2.9631822
984 21 3.3327742
984 47 2.755728
991 4 2.3100657
991 13 1.4165475
991 18 1.4120679
991 27 2.6672838
991 50 1.5237759
993 1 2.9007301
993 4 3.0274274
993 7 2.8428726
993 19 1.7705917
993 31 2.300431
996 3 3.5896633
996 12 3.2639327
996 14 3.0533178
996 24 2.5352695
996 67 2.672229
1023 1 3.3391109
1023 8 3.030484
1023 12 3.1090841
1023 17 2.2025933
1023 32 2.7853744
1026 1 2.9054775
1026 6 2.2496662
1026 7 2.4864902
1026 18 1.594127
1026 33 1.8866004
1027 2 3.577663
1027 7 3.487063
1027 11 3.5613904
1027 21 3.625774
1027 42 3.6462426
1030 1 3.6166787
1030 7 3.3708801
1030 9 3.8444068
1030 19 2.7946873
1030 32 3.2253387
1033 1 3.3147824
1033 4 3.1317484
1033 14 3.2709312
1033 22 3.115261
1033 52 2.3729765
1037 2 3.4448636
1037 7 3.1058846
1037 25 2.1398952
1037 29 2.2358363
1037 80 3.1105833
1038 3 2.9902763
1038 12 2.4984725
1038 13 1.8622034
1038 19 1.7848742
1038 42 2.581197
1042 2 2.8386564
1042 5 2.4747288
1042 7 2.7969396
1042 16 2.9076436
1042 45 2.400649
1044 1 3.3702009
1044 4 3.3256204
1044 6 2.9543507
1044 14 3.2162175
1044 29 2.0163922
1056 12 2.8191054
1056 19 2.2337642
1056 20 3.1763253
1056 25 2.0887337
1056 38 3.2967367
1059 5 2.6004162
1059 8 2.9386983
1059 21 2.984927
1059 34 1.9670099
1059 82 1.5428168
1064 1 3.3592236
1064 3 3.5578134
1064 11 3.2495036
1064 17 2.5010548
1064 40 2.7341452
1080 6 2.725489
1080 16 3.2724776
1080 17 2.202335
1080 27 3.246522
1080 53 2.2910123
1090 1 2.9512386
1090 5 2.8522666
1090 7 3.1434684
1090 16 3.2948365
1090 32 2.7924736
1091 2 3.3606653
1091 9 3.5622973
1091 11 2.7859523
1091 16 3.1303449
1091 36 2.1549826
1096 3 3.1594224
1096 9 3.092267
1096 11 2.44898
1096 27 2.8124316
1096 52 1.8062658
1100 6 2.9964929
1100 10 3.2381659
1100 12 3.3258436
1100 20 3.446409
1100 48 3.4902766
1112 2 3.2060125
1112 6 2.8399775
1112 8 3.1131537
1112 35 2.753151
1112 54 3.5422645
1125 7 2.8681014
1125 14 2.6525373
1125 16 3.187142
1125 21 3.0222778
1125 34 2.46839
1126 1 3.389857
1126 7 3.0432708
1126 25 2.2908769
1126 32 3.0433106
1126 53 2.0823963
1128 7 3.166534
1128 12 3.2253895
1128 18 2.1060727
1128 26 2.9575212
1128 54 3.322845
1146 1 2.9550374
1146 4 2.6944501
1146 5 2.3498433
1146 7 2.7092388
1146 52 2.0190547
1156 1 2.7581477
1156 5 2.7341876
1156 11 2.7937038
1156 16 3.2415733
1156 33 2.5543056
1158 3 3.1528041
1158 6 2.292381
1158 7 2.7342238
1158 22 2.6880531
1158 70 1.9713132
1162 1 3.112309
1162 13 1.8825167
1162 20 3.471445
1162 35 2.1772285
1162 43 1.799015
1164 1 3.323615
1164 5 2.7207804
1164 8 3.1107879
1164 22 3.093217
1164 75 2.6546168
1166 5 2.6415856
1166 9 3.5933704
1166 17 2.434308
1166 26 2.935562
1166 43 2.3118777
1174 1 3.3089578
1174 9 3.4320846
1174 12 3.1904151
1174 31 2.3099692
1174 59 2.3921275
1180 3 3.624905
1180 7 3.2662303
1180 8 2.938593
1180 18 2.1358373
1180 31 2.34235
1188 4 2.2294605
1188 7 2.0454264
1188 16 2.4817817
1188 30 1.494618
1188 48 2.5350425
1193 2 3.0971663
1193 11 2.9969513
1193 15 2.633916
1193 24 2.3596723
1193 48 3.1463249
1196 5 3.091661
1196 12 3.541693
1196 19 2.7807772
1196 22 3.3353503
1196 58 3.0294979
1199 1 3.0775266
1199 7 3.0140257
1199 13 2.234988
1199 19 2.344767
1199 39 2.6432035
1202 6 2.7814271
1202 12 3.3632245
1202 23 3.3948452
1202 28 2.8968492
1202 37 2.8514004
1213 1 3.0897825
1213 9 3.2800467
1213 10 3.3653255
1213 16 3.2419143
1213 63 2.557017
1223 1 3.2978559
1223 6 2.698197
1223 11 3.4098861
1223 21 3.3857906
1223 42 3.636352
1225 1 2.72693
1225 12 2.501484
1225 20 2.8386958
1225 23 2.5761747
1225 59 1.4703987
1229 10 3.659991
1229 12 3.08285
1229 13 2.5751925
1229 21 2.9992359
1229 46 2.9502876
1234 2 2.6943057
1234 7 2.5548203
1234 11 2.444999
1234 22 2.3474083
1234 45 2.0705802
1235 2 3.1171021
1235 8 2.722586
1235 12 2.9466476
1235 15 2.87209
1235 31 2.441804
1241 1 3.442735
1241 5 2.5814443
1241 8 2.6423748
1241 19 2.2801356
1241 41 2.1332161
1247 1 3.4256706
1247 6 2.97301
1247 19 2.5047715
1247 35 2.8713248
1247 51 2.87777
1253 3 3.3885226
1253 7 3.4585369
1253 20 3.5875869
1253 27 3.1573544
1253 52 2.4124093
1257 5 2.1893435
1257 9 3.080373
1257 15 2.1717427
1257 20 3.1861665
1257 80 3.0236464
1263 2 3.0751128
1263 5 2.6425266
1263 6 2.719933
1263 14 3.1350918
1263 73 2.9325078
1267 15 2.5012996
1267 22 2.9567852
1267 29 2.346204
1267 35 2.823233
1267 45 2.8836977
1270 1 3.1107306
1270 4 2.8610973
1270 20 2.9350283
1270 26 2.1928902
1270 66 2.5161614
1275 2 3.1596916
1275 11 3.4371145
1275 21 3.3221197
1275 40 2.461073
1275 65 2.3097973
1276 3 3.1581812
1276 10 3.459759
1276 18 1.8933753
1276 30 2.339474
1276 48 3.1810575
1282 2 2.954054
1282 5 2.0415363
1282 12 3.1496966
1282 24 2.1296859
1282 41 2.1288314
1286 6 2.7172015
1286 14 3.092538
1286 20 3.468542
1286 28 2.7455394
1286 37 2.7155411
1292 6 2.974011
1292 11 3.3184953
1292 18 2.076131
1292 28 3.2102375
1292 39 2.8601146
1294 3 3.1358957
1294 13 2.221977
1294 14 2.8252127
1294 30 2.234796
1294 50 1.7833836
1295 14 3.050288
1295 26 2.9771357
1295 28 3.0333068
1295 32 2.7688298
1295 53 1.8714751
1296 2 2.9436378
1296 9 3.5483143
1296 13 2.7774296
1296 17 2.4960425
1296 21 3.2900665
1300 3 3.0720198
1300 12 2.7433276
1300 14 2.7591233
1300 29 1.4621396
1300 54 2.743674
1304 2 3.0902388
1304 4 2.8233297
1304 6 2.708725
1304 21 3.0434976
1304 76 2.4610286
1307 8 2.9050825
1307 11 3.2155218
1307 15 2.7369785
1307 27 3.1941843
1307 66 2.9832752
1311 2 2.8525915
1311 17 2.006566
1311 20 3.5151227
1311 25 1.8837183
1311 62 3.355951
1312 3 3.7139344
1312 8 2.8518214
1312 9 3.7695518
1312 13 2.701932
1312 41 2.4389858
1321 3 3.2095497
1321 11 3.0057392
1321 15 2.4160469
1321 17 2.002238
1321 57 1.635884
1328 2 3.0524447
1328 18 1.7234961
1328 22 2.561681
1328 28 2.726767
1328 40 2.2188876
1329 1 3.7097876
1329 9 3.7929204
1329 11 3.1907563
1329 28 3.0840383
1329 41 2.443854
1332 1 3.1665277
1332 4 2.8315015
1332 5 2.3397615
1332 25 2.0602276
1332 59 2.1954207
1333 3 3.1307354
1333 7 2.5414343
1333 15 2.383134
1333 24 2.1195974
1333 36 2.1233337
1339 3 3.8951511
1339 20 3.7275732
1339 25 2.25989
1339 33 2.8057203
1339 60 1.9068813
1347 3 3.120052
1347 8 2.8468223
1347 14 2.789928
1347 28 2.6635833
1347 57 1.5999626
1348 2 3.1901839
1348 13 1.9649786
1348 15 2.3063502
1348 21 2.8814914
1348 51 2.765354
1353 2 2.8193402
1353 15 2.3511417
1353 18 1.7942334
1353 23 3.1164737
1353 47 2.3910708
1365 3 3.6004817
1365 5 2.518557
1365 9 3.4915996
1365 16 3.1379678
1365 38 3.508951
1373 9 3.7365334
1373 14 3.2566931
1373 16 3.5324159
1373 27 3.327379
1373 43 2.333671
1376 13 2.6135015
1376 20 3.637965
1376 21 3.4748354
1376 32 3.111658
1376 49 2.658733
1391 3 3.640413
1391 11 3.263353
1391 16 3.442442
1391 22 3.136075
1391 46 2.9463313
1396 3 3.2855349
1396 13 2.2524285
1396 14 2.9729857
1396 23 3.0210648
1396 42 2.954056
1402 1 3.004066
1402 5 2.760087
1402 6 2.1966965
1402 24 2.376896
1402 33 2.3011863
1403 1 3.1653724
1403 9 3.633202
1403 21 3.402934
1403 27 3.1407518
1403 48 3.4035897
1405 3 3.4514315
1405 8 2.9330158
1405 9 3.7189345
1405 14 3.1330285
1405 24 2.4407272
1406 5 2.5871005
1406 8 2.4675117
1406 14 2.580385
1406 25 2.2890239
1406 80 2.847268
1410 6 2.4326286
1410 16 2.8725638
1410 18 1.5397605
1410 34 1.7283369
1410 69 1.7426816
1413 1 3.4124696
1413 6 2.8340209
1413 8 2.8682663
1413 18 2.131612
1413 54 3.29538
1418 1 3.1553526
1418 6 2.795647
1418 13 2.2059262
1418 48 3.3920414
1418 71 2.8356667
1419 5 2.6714566
1419 12 3.4257293
1419 15 2.9917452
1419 37 3.1532652
1419 56 2.4844744
1433 2 2.8653474
1433 6 2.3673599
1433 9 3.1342165
1433 24 1.9083633
1433 52 1.6502302
1434 2 3.1031811
1434 4 3.1585329
1434 16 3.100039
1434 26 2.60252
1434 36 1.9097494
1437 5 2.4294407
1437 7 2.8458529
1437 8 2.703901
1437 19 2.4067686
1437 28 2.886171
1440 1 3.1224465
1440 8 2.4976795
1440 15 2.5541735
1440 18 1.6593915
1440 54 2.7297983
1442 3 3.355019
1442 13 2.4738953
1442 15 2.9668868
1442 40 2.5004199
1442 59 2.3452764
1450 2 2.9118555
1450 17 2.0082233
1450 21 3.050995
1450 25 1.552111
1450 61 2.1166136
1455 1 3.384016
1455 13 2.7527072
1455 22 2.8489718
1455 29 2.1888585
1455 45 2.813982
1457 1 3.3064198
1457 6 3.0841022
1457 10 3.3513825
1457 20 3.3277514
1457 39 2.3844512
1461 3 3.5320473
1461 8 3.0258026
1461 10 3.5442986
1461 17 2.385936
1461 31 2.4567752
1477 3 3.452373
1477 15 2.498098
1477 18 1.7128747
1477 25 1.7880476
1477 51 2.8335738
1479 2 3.1191635
1479 10 3.4880168
1479 15 2.6984432
1479 19 2.5074928
1479 30 2.491104
1480 17 2.152824
1480 27 3.0396104
1480 30 2.2434266
1480 46 2.3551004
1480 82 5.0
1482 9 3.3995261
1482 18 1.8532957
1482 19 2.0651863
1482 40 2.0802917
1482 71 1.6612704
1487 6 2.4795592
1487 15 2.2411194
1487 23 2.8700109
1487 49 2.162804
1487 78 1.6755922
1490 3 3.485513
1490 15 2.6173868
1490 17 2.0900824
1490 28 3.264849
1490 40 2.5265708
1501 3 3.5785296
1501 10 3.4322238
1501 11 3.114491
1501 18 1.9809284
1501 40 2.5645738
1504 2 2.876758
1504 13 2.0394497
1504 14 2.805157
1504 17 1.9424431
1504 80 3.5596902
1505 3 3.4746885
1505 9 3.7750018
1505 10 3.460835
1505 14 3.2213957
1505 26 2.7885022
1519 2 2.846862
1519 8 2.576511
1519 13 1.2733569
1519 20 3.4416542
1519 38 3.242476
1522 3 3.2188864
1522 9 3.404593
1522 10 3.451373
1522 21 3.0813217
1522 73 2.7565434
1525 4 3.494197
1525 17 2.557905
1525 28 3.0432243
1525 44 3.433669
1525 75 2.9300735
1529 4 2.8086312
1529 11 2.901546
1529 27 3.5246668
1529 31 2.4852436
1529 67 2.1522644
1536 3 3.5137768
1536 5 3.0345302
1536 7 3.0277948
1536 26 3.2715387
1536 36 2.2148187
1541 6 2.7339706
1541 9 3.8115506
1541 13 2.4928362
1541 24 2.3979626
1541 42 3.1616995
1545 3 3.4497406
1545 9 3.5176318
1545 14 2.6822915
1545 16 2.994942
1545 44 2.9252117
1551 1 2.5438232
1551 5 2.1861622
1551 7 2.1174903
1551 30 1.9765875
1551 48 2.8131473
1553 2 2.775037
1553 9 3.113152
1553 19 2.1122322
1553 47 1.9569962
1553 53 1.5656242
1563 1 3.5296638
1563 6 3.0953856
1563 7 2.941121
1563 20 3.9139006
1563 45 2.7210479
1572 4 2.5478742
1572 12 2.732498
1572 13 1.9142251
1572 26 2.6774383
1572 36 1.9263198
1576 3 3.0732844
1576 11 2.790734
1576 14 2.7577727
1576 16 3.1325228
1576 50 1.7673875
1581 3 3.4325747
1581 10 3.2384133
1581 14 2.8893054
1581 25 1.9171369
1581 73 2.7432542
1582 3 3.157109
1582 8 2.67251
1582 14 2.8041995
1582 18 1.6973369
1582 32 2.758046
1589 5 2.1491053
1589 13 2.0764816
1589 14 3.0208342
1589 27 3.1212318
1589 77 3.014424
1591 2 3.0098503
1591 12 3.236363
1591 14 3.2548873
1591 22 3.0663216
1591 44 3.1514642
1601 5 1.855722
1601 26 2.0734637
1601 30 1.8614981
1601 36 1.3827331
1601 70 1.0297029
1602 10 3.5432959
1602 14 3.2631645
1602 20 3.622371
1602 25 2.897017
1602 49 2.565942
1615 5 2.479
1615 15 2.001169
1615 16 2.9573607
1615 22 2.823631
1615 52 2.0205743
1620 2 2.3003278
1620 7 2.7011254
1620 13 2.2492023
1620 19 1.7116376
1620 28 2.5185056
1621 2 3.4978342
1621 14 3.69592
1621 22 3.4382954
1621 25 2.167965
1621 34 2.4664538
1632 1 3.116
1632 7 2.479795
1632 8 2.5409665
1632 11 2.6656604
1632 34 1.6090751
1633 6 2.7204041
1633 9 3.133761
1633 20 3.0961187
1633 34 1.7339995
1633 52 1.9281524
1649 2 3.0792356
1649 5 3.0451329
1649 19 2.1951969
1649 25 2.4504776
1649 35 2.455795
1650 4 2.8486307
1650 25 1.9426908
1650 30 2.2349875
1650 45 2.352799
1650 69 1.8779271
1655 1 3.1353838
1655 3 3.0786996
1655 9 3.3107166
1655 21 2.879566
1655 45 2.3828514
1656 7 2.9904294
1656 18 2.1382077
1656 21 3.09618
1656 32 3.0401714
1656 62 3.6352959
1661 2 3.3148446
1661 11 3.36838
1661 17 2.3882525
1661 24 2.6804461
1661 33 2.8074765
1663 3 3.3803313
1663 6 2.4549408
1663 8 2.5563323
1663 11 2.8633146
1663 24 2.2977674
1683 4 3.2028797
1683 16 3.281458
1683 21 3.0823362
1683 31 2.2464213
1683 57 2.2035086
1691 3 3.6131935
1691 8 2.7179847
1691 10 3.3176043
1691 21 3.2473898
1691 39 2.110647
1692 1 2.9451928
1692 7 2.3998644
1692 8 2.6556158
1692 13 1.9446995
1692 26 2.4603412
1693 1 3.0431368
1693 10 3.344356
1693 11 3.3113773
1693 51 2.6719804
1693 64 2.1166203
1697 7 3.3592067
1697 13 2.8005373
1697 23 3.603149
1697 26 3.223012
1697 50 2.4586608
1698 1 2.9952567
1698 21 2.7272274
1698 22 2.5327318
1698 38 3.1787748
1698 61 1.3756707
1700 1 3.0545897
1700 11 2.769947
1700 12 2.995905
1700 23 3.217956
1700 36 2.0888326
1709 1 3.111523
1709 12 3.2043145
1709 13 2.404245
1709 46 2.9046988
1709 71 2.42648
1713 1 3.0790787
1713 5 2.161278
1713 7 2.6027708
1713 12 2.9105606
1713 34 2.1302514
1714 6 2.518482
1714 14 2.7659273
1714 16 2.994155
1714 21 3.1526165
1714 59 2.5369272
1716 1 3.0989165
1716 3 3.5225825
1716 6 2.6355193
1716 13 2.0911613
1716 59 2.086051
1724 8 2.812853
1724 11 3.2483501
1724 18 1.8002896
1724 29 1.8536665
1724 53 2.070864
1733 2 2.8285887
1733 10 2.831044
1733 12 2.641109
1733 20 3.3113706
1733 34 1.5621917
1737 5 2.77798
1737 7 3.348003
1737 8 3.2118773
1737 12 3.0471618
1737 23 3.523827
1745 3 3.2235022
1745 6 2.4930975
1745 10 3.4410465
1745 19 2.528766
1745 60 2.198958
1764 3 3.1114666
1764 11 2.6671705
1764 14 2.6490223
1764 26 2.2395792
1764 74 2.4775186
1770 2 2.9231083
1770 6 2.6729195
1770 7 3.1942708
1770 21 3.2663407
1770 44 2.7984655
1773 3 3.052905
1773 8 2.5560927
1773 14 2.8206935
1773 20 3.404405
1773 55 2.3470619
1776 4 2.338042
1776 8 2.4684162
1776 9 3.3642635
1776 29 1.7523012
1776 71 2.2965147
1777 1 2.922336
1777 5 2.2604182
1777 7 2.9077194
1777 14 2.9240751
1777 37 2.4279523
1780 1 3.1462278
1780 16 2.9931746
1780 18 1.7970731
1780 23 2.9528866
1780 41 2.0521991
1783 6 2.332998
1783 9 3.393235
1783 13 1.5170603
1783 18 1.4908643
1783 39 2.3164048
1784 13 2.5171983
1784 32 2.8080475
1784 35 2.448496
1784 42 3.1079478
1784 55 2.3071334
1798 4 2.707964
1798 11 2.7655835
1798 20 3.3846533
1798 24 2.2156334
1798 49 2.0424352
1809 2 3.2158566
1809 8 2.7066486
1809 14 3.2556322
1809 19 2.5647159
1809 31 2.4250894
1812 1 3.3778834
1812 3 3.5727482
1812 16 3.453885
1812 29 1.9494249
1812 84 1.9840195
1814 5 2.6124506
1814 14 3.1350324
1814 22 2.882712
1814 36 2.3933208
1814 56 2.2938502
1821 8 3.0630672
1821 12 3.3295498
1821 15 2.8074152
1821 54 3.284812
1821 63 2.4563677
1823 4 2.7219
1823 16 2.9066403
1823 26 2.4780958
1823 39 2.1244254
1823 53 1.3397926
1824 4 3.1162076
1824 10 3.3683546
1824 13 2.1944504
1824 19 2.430097
1824 36 2.4005504
1826 3 3.5027916
1826 10 3.4801464
1826 13 2.636929
1826 28 3.291603
1826 49 2.3605864
1828 4 2.8718083
1828 16 3.5374944
1828 22 2.9057379
1828 36 2.013466
1828 58 2.8244836
1831 1 3.6284826
1831 9 3.8562107
1831 15 3.1234431
1831 25 2.645727
1831 36 2.7008216
1836 1 3.1539626
1836 9 2.9395187
1836 16 3.0221736
1836 19 2.303687
1836 52 2.2974937
1845 4 2.4413407
1845 14 2.381338
1845 17 1.8541085
1845 32 2.0462327
1845 42 3.0716763
1870 1 3.144392
1870 6 2.5375097
1870 7 2.849681
1870 11 2.746351
1870 26 2.8438513
1876 1 2.7720425
1876 9 3.104057
1876 16 2.83042
1876 22 2.6189976
1876 55 2.3971727
1881 2 3.2564821
1881 4 3.2056563
1881 7 3.2600982
1881 17 2.6471715
1881 50 2.1812284
1893 7 3.0504746
1893 11 2.9256637
1893 16 2.7071269
1893 30 2.277676
1893 59 1.5370786
1901 1 3.3049426
1901 8 2.8276868
1901 10 3.1819012
1901 19 2.2035735
1901 47 2.3851373
1904 1 3.122648
1904 8 2.7662623
1904 17 1.7280807
1904 23 2.7760775
1904 44 2.8620322
1913 1 3.3823416
1913 14 2.9015179
1913 23 3.5017974
1913 26 2.9988759
1913 66 2.7237825
1921 1 3.4379163
1921 7 3.2686274
1921 10 3.6954072
1921 13 2.7234735
1921 49 2.5577874
1928 1 3.4416776
1928 20 3.7158961
1928 27 3.301809
1928 41 2.245959
1928 69 2.462856
1930 3 3.850151
1930 11 3.5239983
1930 13 2.8910012
1930 25 2.7127135
1930 42 3.6088502
1934 1 2.909712
1934 9 3.1374402
1934 12 2.8376675
1934 14 2.6816587
1934 39 2.140128
1936 5 3.1696126
1936 9 3.832307
1936 12 3.1456742
1936 16 3.5723758
1936 39 2.665398
1942 5 2.7825155
1942 7 3.0633657
1942 14 2.9148788
1942 35 2.6907694
1942 60 1.3849831
1943 2 2.9236393
1943 4 2.7322397
1943 24 1.9655966
1943 29 1.925575
1943 50 1.885588
1958 1 3.375906
1958 4 3.0427277
1958 10 3.3924809
1958 22 3.2037928
1958 45 2.7094803
1960 1 3.4957247
1960 8 2.7618995
1960 10 3.6174068
1960 14 3.4486516
1960 42 3.6998672
1961 2 3.0612235
1961 4 2.8986185
1961 14 2.7065382
1961 25 1.9521629
1961 43 2.0801594
1986 3 3.4379554
1986 8 2.8402898
1986 9 3.0494976
1986 21 3.025897
1986 39 2.180492
1994 12 3.5979264
1994 38 3.8422356
1994 39 2.9003868
1994 46 3.2110903
1994 66 3.177764
1996 1 2.9327803
1996 7 2.9248464
1996 13 2.0355008
1996 23 3.1392117
1996 58 2.7397058
1997 1 3.2024388
1997 6 2.6562753
1997 11 3.024405
1997 13 2.2084525
1997 58 2.8275127
2010 2 2.701423
2010 15 2.6891105
2010 22 2.4501257
2010 33 2.0043209
2010 50 1.7995069
2015 2 2.8822684
2015 8 2.8341782
2015 14 3.1420817
2015 18 1.8303813
2015 82 1.1915537
2016 1 3.0266685
2016 6 2.5349908
2016 7 2.4014657
2016 16 2.9356997
2016 33 2.0702584
2017 8 2.7221906
2017 12 2.9887056
2017 14 2.8873487
2017 18 1.6260984
2017 43 1.5921458
2018 1 3.5266194
2018 3 3.5180893
2018 6 3.0149317
2018 26 2.8493607
2018 56 2.3379264
2020 3 3.3742146
2020 10 3.7294414
2020 20 3.5393133
2020 24 2.3322015
2020 63 2.4948227
2021 2 2.9271903
2021 8 2.610245
2021 9 3.5891852
2021 12 3.0631075
2021 42 3.4460952
2025 4 3.085839
2025 8 2.9913867
2025 13 2.4832306
2025 23 3.271453
2025 51 3.0415292
2026 2 2.9551725
2026 9 3.6047616
2026 11 2.9242418
2026 23 3.0189893
2026 51 2.4849498
2029 2 3.1171212
2029 5 2.553495
2029 8 2.850666
2029 16 3.113121
2029 66 2.816919
2033 4 2.7752926
2033 15 2.5308404
2033 16 3.001379
2033 20 3.2928836
2033 57 1.8144968
2046 5 2.27085
2046 7 2.495569
2046 15 2.5368812
2046 19 2.0531259
2046 30 2.3322642
2047 2 2.3374176
2047 7 2.1465096
2047 8 2.5184681
2047 22 2.2721376
2047 52 1.6916046
2050 1 3.10031
2050 14 2.7653093
2050 22 2.542795
2050 36 1.761862
2050 57 1.3435354
2053 1 3.523631
2053 13 2.481758
2053 14 2.9439945
2053 24 2.5160627
2053 65 2.367356
2065 3 3.5204809
2065 15 2.650892
2065 22 2.7312791
2065 36 1.8983182
2065 61 2.0840242
2072 2 3.1392627
2072 15 2.859851
2072 16 3.2182136
2072 46 2.652221
2072 77 2.7384417
2079 2 3.1827486
2079 12 3.1567473
2079 26 2.9881585
2079 34 2.0128665
2079 96 2.652134
2089 5 2.336403
2089 8 2.5011482
2089 15 2.6891387
2089 24 2.1766076
2089 51 2.7424288
2091 2 2.963307
2091 5 2.3640747
2091 21 2.749929
2091 40 2.0968888
2091 49 2.2430513
2098 2 3.0331554
2098 10 3.4118776
2098 11 3.1455956
2098 22 2.5026817
2098 55 2.4139392
2101 2 3.2003908
2101 12 3.2835448
2101 15 2.85055
2101 23 3.353733
2101 38 3.527854
2103 3 3.1009138
2103 12 2.5784783
2103 16 2.7995067
2103 30 2.211493
2103 64 2.2783208
2110 3 3.480699
2110 10 3.4601593
2110 12 3.2548885
2110 25 2.2889462
2110 57 1.9847951
2111 3 3.464464
2111 8 2.7500126
2111 11 3.2634034
2111 15 2.6492577
2111 61 2.410228
2112 4 2.924447
2112 12 2.9830537
2112 14 2.836889
2112 23 3.5092044
2112 45 2.9866753
2114 1 3.3135276
2114 3 3.2689097
2114 4 2.9668574
2114 14 2.8690114
2114 25 1.8152347
2140 5 3.1602118
2140 12 3.3337393
2140 14 3.4786336
2140 24 3.0047014
2140 42 3.5402973
2141 1 3.3843763
2141 9 3.6644375
2141 14 3.1136909
2141 36 2.268951
2141 59 2.6797433
2143 2 2.475569
2143 9 2.8412163
2143 23 2.847586
2143 30 2.0772908
2143 52 1.8238888
2152 3 3.490882
2152 9 3.55741
2152 10 3.3215075
2152 30 2.2110312
2152 59 2.437431
2154 2 2.5631075
2154 7 2.473671
2154 14 2.9104033
2154 28 2.595603
2154 42 2.7156885
2158 1 3.3508494
2158 7 3.3039358
2158 11 3.3272111
2158 28 3.2448146
2158 45 2.7049725
2174 2 3.1323528
2174 7 2.8761022
2174 20 3.6870646
2174 36 2.0064707
2174 67 1.9621162
2185 1 3.4863694
2185 6 2.7038095
2185 7 2.9498222
2185 18 1.7735653
2185 37 2.9023125
2191 3 3.4360871
2191 15 2.5120823
2191 18 2.0760567
2191 25 1.9458623
2191 67 2.1443968
2197 7 2.5528567
2197 13 2.0887148
2197 14 3.0133445
2197 30 2.1507165
2197 35 2.4589868
2198 6 2.5227773
2198 8 2.4623914
2198 9 3.3753948
2198 26 2.432178
2198 59 2.428817
2203 1 3.1792579
2203 6 2.818347
2203 7 2.9770677
2203 17 2.3302906
2203 28 3.40851
2204 1 2.8744967
2204 13 2.0258033
2204 20 3.0401428
2204 34 2.006273
2204 59 1.9180541
2205 1 2.9701138
2205 6 2.553735
2205 7 3.0067978
2205 14 3.0423803
2205 45 2.543601
2209 1 2.7838197
2209 17 1.6590817
2209 21 2.4028425
2209 25 1.4834894
2209 38 2.6613054
2212 1 3.09906
2212 7 3.0321836
2212 9 3.6150908
2212 12 3.391839
2212 32 2.9456508
2213 2 2.5401936
2213 17 1.5343349
2213 22 2.3239326
2213 41 1.5937688
2213 80 2.6305683
2220 2 3.168681
2220 16 2.962361
2220 17 2.2956023
2220 28 2.9481156
2220 54 3.136209
2232 1 2.9941242
2232 3 3.0743494
2232 4 2.9377275
2232 8 2.3827345
2232 39 2.4466805
2233 4 2.481473
2233 11 2.4613507
2233 12 2.7948933
2233 27 2.9262295
2233 43 1.5887039
2237 1 3.1623628
2237 14 2.8873475
2237 19 2.4840083
2237 25 2.3388052
2237 61 1.9786597
2240 3 3.4669957
2240 13 2.1914268
2240 14 3.0693777
2240 25 2.2159042
2240 59 2.576024
2250 4 2.7983546
2250 7 2.8891048
2250 8 2.8279653
2250 10 3.1973593
2250 26 2.7678409
2254 1 2.8600745
2254 25 1.912137
2254 26 2.6532228
2254 30 2.3618684
2254 73 2.4552028
2271 3 3.5507164
2271 16 3.5597477
2271 17 2.3422863
2271 36 2.1567268
2271 70 2.2938695
2275 1 2.904067
2275 6 2.0256784
2275 7 2.676453
2275 14 2.5172296
2275 38 2.9357078
2278 1 3.3870254
2278 7 3.0248623
2278 9 3.4746711
2278 12 3.429321
2278 55 2.3731833
2283 1 3.1632273
2283 6 2.5169024
2283 12 3.0115747
2283 25 2.0387292
2283 50 2.1769173
2289 3 2.9690175
2289 9 3.1049068
2289 10 2.9590132
2289 28 2.2310252
2289 51 1.9932544
2294 2 2.9303524
2294 10 3.2106438
2294 11 2.6975543
2294 19 1.924748
2294 46 2.6688228
2300 1 3.2582314
2300 18 2.0103643
2300 22 3.1125722
2300 35 3.0059826
2300 78 1.7397897
2304 2 2.9200022
2304 13 2.2494788
2304 14 3.0056343
2304 22 2.7406833
2304 40 2.4301958
2307 1 3.130979
2307 8 2.6758735
2307 17 2.1269174
2307 27 3.1366975
2307 64 2.2366717
2318 3 3.4559128
2318 14 3.5121274
2318 15 2.9958744
2318 19 3.057251
2318 47 3.0626745
2319 1 3.2038307
2319 11 2.8685272
2319 15 2.6325116
2319 26 2.8442812
2319 50 1.7728695
2320 2 3.0162048
2320 5 2.6401026
2320 8 3.0586417
2320 15 2.1936884
2320 22 2.8458033
2322 4 2.336281
2322 6 2.41849
2322 7 2.0887835
2322 20 2.9836104
2322 68 1.8793854
2325 6 2.7580707
2325 11 2.9778113
2325 12 3.0239165
2325 14 2.6234276
2325 26 2.62128
2332 4 2.460846
2332 15 2.759686
2332 16 2.935133
2332 63 2.4539437
2332 79 1.8238518
2334 1 3.4286368
2334 4 3.1606905
2334 21 3.2310839
2334 33 2.634138
2334 43 2.0328636
2338 1 3.268572
2338 11 2.9086936
2338 14 3.0167966
2338 41 1.8920522
2338 79 1.9042588
2342 4 2.7812939
2342 13 2.405016
2342 19 2.372317
2342 31 2.2794461
2342 44 3.0862682
2343 6 2.3186564
2343 8 2.7246878
2343 9 3.386768
2343 19 2.4893825
2343 49 2.307547
2349 3 3.0052705
2349 11 2.9370039
2349 17 2.2164216
2349 29 2.017464
2349 51 2.5782924
2362 1 3.0320637
2362 7 3.0107603
2362 8 2.630245
2362 19 2.1848557
2362 57 1.8196195
2377 2 3.554781
2377 14 3.4819262
2377 16 3.6754787
2377 21 3.6028922
2377 30 2.9136894
2378 2 3.5660634
2378 20 4.0327916
2378 21 3.6629372
2378 27 3.6886582
2378 59 2.721103
2379 3 3.7747326
2379 35 3.0535088
2379 36 2.6923897
2379 43 2.5461748
2379 64 2.81919
2382 1 3.1107714
2382 6 2.867118
2382 15 3.1522706
2382 20 3.7373133
2382 54 3.4152033
2383 1 3.024517
2383 8 2.5496924
2383 13 2.4660926
2383 22 2.8277962
2383 39 2.5410295
2389 2 3.4900684
2389 5 2.6070192
2389 6 2.6531167
2389 19 2.0984287
2389 43 2.2522047
2391 1 3.4692986
2391 6 3.0177796
2391 7 3.0435677
2391 14 3.2846613
2391 75 2.585817
2409 5 2.0402458
2409 12 2.6671479
2409 16 2.8106763
2409 22 2.2998075
2409 59 2.1382394
2411 7 2.8333611
2411 9 3.2881126
2411 13 1.8995225
2411 19 2.2061312
2411 31 1.8628092
2421 9 3.7508602
2421 12 3.4510875
2421 14 3.2950788
2421 18 2.3074884
2421 37 3.1222086
2422 1 3.0517156
2422 9 3.5689602
2422 13 2.1412058
2422 18 1.8889127
2422 39 2.5147955
2423 4 2.5241048
2423 14 2.7022173
2423 15 2.5376346
2423 33 2.0257041
2423 55 2.09356
2425 1 3.1752799
2425 3 3.0545988
2425 4 2.7529721
2425 6 2.6005952
2425 29 2.3223119
2428 2 2.9898024
2428 9 3.4556825
2428 11 3.025053
2428 27 3.0301116
2428 58 2.590193
2437 8 2.6203897
2437 11 2.8489738
2437 12 2.9117675
2437 20 3.5328314
2437 40 2.3630161
2438 4 2.6971257
2438 11 2.3618143
2438 20 2.6217916
2438 24 1.6349522
2438 73 2.1739447
2439 10 3.461645
2439 13 2.5920405
2439 14 2.9048111
2439 31 2.3132052
2439 52 2.2975354
2440 3 3.5130239
2440 12 3.3618865
2440 13 2.6700096
2440 20 3.8049443
2440 39 2.3639486
2445 1 3.448265
2445 14 3.1524217
2445 16 3.5840192
2445 23 3.255114
2445 35 2.7685792
2449 5 1.5767062
2449 14 2.6695051
2449 17 1.6338968
2449 42 2.6843617
2449 57 1.416406
2455 11 3.4080715
2455 13 2.7750745
2455 19 2.757551
2455 22 3.2201843
2455 38 3.751807
2462 5 2.6237524
2462 11 2.9731054
2462 17 2.0062995
2462 26 2.7701497
2462 51 2.6549294
2467 6 2.2245417
2467 12 2.5465465
2467 17 1.837707
2467 33 1.6293957
2467 42 2.6344295
2470 3 3.765296
2470 7 3.2138174
2470 9 3.7876778
2470 18 2.085016
2470 31 2.457867
2471 2 2.8534522
2471 15 2.6819034
2471 17 2.2036445
2471 29 1.9715581
2471 42 3.1551445
2481 1 3.301445
2481 13 2.9754632
2481 14 3.2623625
2481 18 2.1349792
2481 33 2.7108314
2482 1 3.1770165
2482 3 3.4025493
2482 8 2.6367662
2482 11 2.713825
2482 67 2.1204388
2483 3 3.1325672
2483 8 2.86042
2483 9 3.5379543
2483 21 2.9522624
2483 62 3.0459805
2486 2 3.4783196
2486 4 2.8192396
2486 7 3.02499
2486 15 2.7002664
2486 60 1.7729132
2488 6 2.6946845
2488 9 3.422434
2488 10 3.3856213
2488 14 3.197965
2488 32 2.7893233
2491 6 2.4800293
2491 8 2.7371583
2491 9 3.4753032
2491 18 1.5546415
2491 85 1.8392841
2500 5 2.4182062
2500 10 3.2499053
2500 11 3.0884397
2500 18 1.9146494
2500 28 2.4300156
2503 10 3.238466
2503 12 3.3236494
2503 14 3.1674597
2503 18 2.1338952
2503 31 2.415472
2513 1 3.5609536
2513 8 3.065538
2513 11 3.448773
2513 20 3.7336118
2513 36 2.261705
2518 11 2.9140415
2518 17 2.2198796
2518 19 2.4280128
2518 23 3.2162716
2518 30 2.377849
2525 3 3.2509453
2525 7 3.0759938
2525 13 2.7982357
2525 21 3.2188673
2525 34 2.4190252
2526 1 3.114319
2526 9 3.0942836
2526 13 2.3330002
2526 31 2.091271
2526 45 2.4434252
2532 2 3.3735669
2532 6 2.8721492
2532 9 3.9197197
2532 27 3.1996655
2532 48 3.5302463
2533 1 3.3676245
2533 3 3.6026196
2533 12 3.3643863
2533 21 3.373104
2533 35 3.0402455
2534 1 2.9007092
2534 15 2.3598793
2534 16 2.992261
2534 27 2.8956783
2534 36 2.0261295
2546 1 3.1013684
2546 6 2.4384696
2546 7 2.5102086
2546 22 2.3248467
2546 38 3.2194123
2548 4 2.7383316
2548 15 2.3716798
2548 20 3.5294857
2548 26 2.68033
2548 34 2.0074582
2555 2 3.3360815
2555 9 3.6228695
2555 10 3.5535457
2555 24 2.2346263
2555 30 2.4757998
2556 1 3.2796783
2556 6 2.8275561
2556 10 3.5045514
2556 17 2.3077376
2556 31 2.3166227
2566 7 2.8143272
2566 13 2.4048333
2566 17 2.1345537
2566 29 1.8169188
2566 47 2.4388072
2568 2 2.7046053
2568 23 2.725999
2568 24 1.8988452
2568 38 3.0264263
2568 58 2.520835
2571 1 3.2349384
2571 15 2.4384382
2571 23 3.1458223
2571 27 3.1103518
2571 48 3.4048777
2575 3 3.6221037
2575 6 2.7152057
2575 9 3.6834762
2575 26 3.022131
2575 55 2.8620667
2577 4 2.9292195
2577 10 3.757905
2577 12 3.5895855
2577 22 2.970586
2577 31 2.5685818
2584 1 3.4759905
2584 8 2.9227555
2584 9 3.2302763
2584 24 2.1689386
2584 52 2.0426674
2586 2 2.9321258
2586 5 2.4369466
2586 9 3.6047752
2586 27 2.9557364
2586 39 2.3607523
2587 2 3.4096057
2587 5 2.8781328
2587 6 3.0481596
2587 16 3.6299398
2587 68 2.5091536
2595 1 3.202616
2595 7 2.742688
2595 9 3.2633576
2595 20 3.4598
2595 50 2.0938191
2601 1 3.2708719
2601 6 2.8870788
2601 19 1.894897
2601 42 2.8003647
2601 56 1.9752614
2603 5 2.4178426
2603 13 1.7203052
2603 17 1.91659
2603 20 3.2580795
2603 34 1.6675081
2607 2 2.878353
2607 11 2.9694738
2607 14 2.7392976
2607 17 2.2822964
2607 70 2.004279
2608 6 2.4791763
2608 13 1.9482627
2608 14 3.0277305
2608 21 2.8655517
2608 62 3.274068
2610 9 3.8875468
2610 15 2.8299396
2610 22 3.208891
2610 27 3.4609435
2610 58 3.0680285
2623 2 2.9205961
2623 9 3.6915333
2623 11 3.2172773
2623 17 2.4330847
2623 45 2.8110013
2636 2 2.6847908
2636 8 2.1231284
2636 10 2.5305028
2636 17 1.4864578
2636 37 2.0136073
2645 2 2.90297
2645 8 2.4256737
2645 10 3.1608372
2645 13 2.2981775
2645 90 1.275367
2655 1 3.294539
2655 3 3.4326725
2655 5 3.1125472
2655 8 2.7645986
2655 15 2.7047138
2673 11 3.3617
2673 21 3.2293456
2673 22 2.870209
2673 30 2.4755697
2673 46 2.9180224
2675 1 3.043808
2675 18 1.6335655
2675 19 1.9040432
2675 26 2.7800224
2675 76 2.3771048
2680 1 2.726897
2680 17 2.0987418
2680 20 3.2801473
2680 28 2.6966305
2680 45 2.2404351
2684 1 3.362132
2684 4 3.196902
2684 16 3.2461019
2684 22 2.5936947
2684 48 3.3271515
2688 1 3.502164
2688 10 3.453645
2688 17 2.521545
2688 29 2.1468196
2688 56 2.0859144
2692 4 2.9449975
2692 12 3.401224
2692 13 2.4948335
2692 30 2.4382534
2692 47 2.8789303
2705 3 3.5468488
2705 8 3.0944343
2705 9 3.6361675
2705 21 3.3909054
2705 85 2.103078
2727 1 3.5785637
2727 7 3.332765
2727 9 3.8062918
2727 11 3.4070928
2727 44 3.3645773
2734 6 3.1293557
2734 10 3.3398328
2734 12 3.4683673
2734 21 3.142382
2734 36 2.0532568
2742 1 3.1587791
2742 3 2.9755893
2742 6 2.485216
2742 10 3.1390262
2742 39 2.1826239
2747 2 3.1325612
2747 7 2.9193017
2747 11 3.0092597
2747 16 3.5156724
2747 36 2.2881207
2749 1 3.1774306
2749 8 2.6355975
2749 12 3.3610775
2749 25 2.1851192
2749 40 2.3459797
2757 2 3.2009058
2757 6 2.4993277
2757 11 3.2425747
2757 37 2.8594828
2757 86 1.8156744
2774 1 3.11238
2774 15 2.458299
2774 16 3.3560953
2774 21 3.2973347
2774 52 2.1367526
2786 6 3.032591
2786 8 3.0092876
2786 9 3.8790965
2786 23 3.4571097
2786 80 3.1742947
2791 2 2.7974803
2791 6 3.1020703
2791 9 3.4139986
2791 18 1.705691
2791 37 2.6483152
2796 1 3.1253471
2796 3 3.4515433
2796 7 3.0820436
2796 20 3.6578193
2796 59 2.5117803
2798 4 2.9883938
2798 10 3.218781
2798 14 2.8944132
2798 26 2.46003
2798 43 1.9707628
2804 3 3.3268552
2804 6 2.9851286
2804 8 2.9385626
2804 16 3.3664832
2804 54 3.3413765
2812 1 3.4581995
2812 15 2.4858916
2812 18 1.8705392
2812 25 1.9630839
2812 61 1.8794693
2815 4 2.7416732
2815 8 2.8325531
2815 20 3.6081889
2815 26 3.0961735
2815 40 2.467622
2820 1 3.5439637
2820 7 3.256402
2820 8 3.024612
2820 13 2.4778976
2820 41 2.1144178
2822 2 3.1369843
2822 11 2.865639
2822 15 2.6028254
2822 23 3.2577646
2822 83 2.1259732
2823 2 3.0530627
2823 6 2.9968576
2823 7 2.8893087
2823 13 1.9118457
2823 27 3.2648432
2827 1 3.1945047
2827 7 3.2985868
2827 9 3.6073267
2827 14 3.0998182
2827 40 2.6826136
2831 2 3.219693
2831 12 3.2608716
2831 15 2.4145594
2831 17 2.2467148
2831 31 2.1101072
2836 1 3.4203148
2836 5 3.1292448
2836 17 2.756136
2836 31 2.797392
2836 55 2.5821724
2837 8 2.9387615
2837 14 2.7948022
2837 19 2.1814432
2837 39 2.9033175
2837 75 2.4338868
2838 1 3.3570216
2838 7 3.3195193
2838 9 3.525538
2838 32 2.7225137
2838 57 2.0483978
2840 2 3.0670958
2840 9 3.425145
2840 11 2.9591644
2840 20 3.556244
2840 55 2.4008198
2844 4 2.5921097
2844 10 3.1062276
2844 18 1.7685237
2844 35 2.3773346
2844 79 2.0285153
2859 1 2.8716145
2859 9 3.3386397
2859 11 2.7891135
2859 23 2.9596422
2859 54 3.072549
2860 3 3.5762033
2860 8 3.0674195
2860 16 3.2385378
2860 28 3.088465
2860 72 3.0623837
2865 1 3.004989
2865 5 2.5662558
2865 24 2.2627263
2865 30 2.1769454
2865 50 1.8165916
2868 4 2.5978596
2868 15 2.2514586
2868 19 2.1412454
2868 27 3.123235
2868 47 2.3240197
2869 6 2.6543307
2869 8 2.7104309
2869 9 3.6332862
2869 17 2.3081594
2869 38 3.5160816
2875 1 3.1423347
2875 5 2.5336251
2875 6 2.8925314
2875 20 3.5099688
2875 32 2.8537397
2890 2 3.096462
2890 5 2.7883325
2890 8 2.9972262
2890 14 3.0281227
2890 20 3.649274
2891 2 2.8434412
2891 18 1.9749758
2891 21 2.98109
2891 26 2.9855452
2891 75 2.1843097
2895 1 3.3165033
2895 10 3.4073653
2895 14 3.0827968
2895 28 3.061926
2895 42 3.1680694
2903 1 3.0675993
2903 5 2.2523108
2903 9 3.3519971
2903 15 2.6880984
2903 22 2.876566
2908 2 2.8525312
2908 13 2.0485072
2908 14 2.8435333
2908 28 2.971462
2908 64 2.0838394
2911 2 3.39454
2911 12 3.2091146
2911 13 2.281053
2911 26 3.1010973
2911 48 3.4026914
2913 1 2.7334745
2913 7 2.4071844
2913 13 1.5613678
2913 26 2.4636366
2913 51 1.9489875
2916 8 2.9265192
2916 14 3.2992425
2916 17 2.3366747
2916 20 3.6196575
2916 66 2.6602478
2923 3 3.4162917
2923 9 3.2302625
2923 16 3.072934
2923 38 3.298219
2923 53 2.1303792
2927 5 1.9655321
2927 23 2.7848601
2927 26 2.4218984
2927 34 2.313282
2927 37 2.4419544
2932 2 3.1081572
2932 13 2.9052324
2932 18 2.1724262
2932 30 2.597315
2932 35 2.5020242
2936 1 3.605894
2936 4 3.3453069
2936 10 3.712061
2936 17 2.6904855
2936 35 3.039352
2943 1 3.2795203
2943 4 3.0596702
2943 9 3.3599095
2943 13 2.289545
2943 34 2.0755928
2946 3 3.3615687
2946 11 2.964646
2946 12 3.1410544
2946 17 2.2984722
2946 33 2.288494
2952 2 2.9417636
2952 9 3.4804196
2952 11 2.9919364
2952 13 2.0632641
2952 42 2.9929557
2956 3 2.807067
2956 10 2.9128842
2956 14 2.3015342
2956 18 1.5345325
2956 35 2.2190373
2964 2 2.9499407
2964 5 3.0720587
2964 8 3.010413
2964 12 3.2620754
2964 32 2.6923106
2972 8 2.9614367
2972 10 3.2736642
2972 14 3.1075833
2972 28 3.2401202
2972 51 2.554927
2981 3 3.427011
2981 15 2.9123993
2981 16 2.9965646
2981 22 2.6201477
2981 37 2.861467
2983 1 3.2152185
2983 8 2.7844265
2983 21 2.9365509
2983 29 1.7956389
2983 53 1.7931076
2992 4 3.2162783
2992 12 3.4445634
2992 16 3.023106
2992 35 2.857375
2992 61 2.2474897
3003 1 3.336943
3003 4 3.065248
3003 5 2.3885152
3003 11 3.0583296
3003 18 1.6995856
3006 4 2.8004403
3006 8 2.6111913
3006 15 2.6951048
3006 32 2.9510677
3006 50 2.4108272
3007 1 2.6208472
3007 5 1.8987497
3007 11 2.298591
3007 14 2.6165912
3007 42 2.3436782
3010 1 3.2466753
3010 5 2.316893
3010 8 2.638338
3010 16 3.0168676
3010 47 2.1272397
3011 5 1.9923812
3011 11 2.480238
3011 13 1.9981089
3011 18 1.4255779
3011 59 2.0416965
3016 1 3.3086917
3016 6 2.908955
3016 7 2.6625946
3016 16 3.0833092
3016 65 2.3850818
3018 2 3.1339889
3018 8 3.0197756
3018 20 3.2603457
3018 32 2.6075785
3018 77 3.040562
3020 1 3.427109
3020 6 3.0989475
3020 12 3.4895961
3020 34 2.5843906
3020 53 2.2181022
3024 1 2.935721
3024 3 3.270362
3024 5 2.371267
3024 10 3.1427786
3024 38 3.2960806
3032 7 2.8550699
3032 12 3.1397817
3032 19 2.446431
3032 23 2.8453286
3032 51 2.6489072
3034 3 3.7884836
3034 8 3.2752855
3034 10 3.7399688
3034 16 3.5993009
3034 42 3.5471828
3035 6 2.7852216
3035 9 3.665396
3035 16 3.3401246
3035 25 2.1384816
3035 46 2.8497596
3037 1 2.938902
3037 13 2.472558
3037 14 3.0627737
3037 19 2.2946675
3037 58 3.0684872
3042 3 3.1916142
3042 6 2.2927685
3042 8 2.486272
3042 16 2.8354187
3042 54 2.9607365
3048 2 3.4118063
3048 9 3.7346509
3048 12 3.3917167
3048 15 2.9019065
3048 43 2.33633
3049 3 3.163624
3049 11 3.0136182
3049 20 3.188716
3049 28 2.6045072
3049 51 2.3319955
3056 1 3.585439
3056 21 3.353506
3056 23 3.579687
3056 33 2.5955136
3056 61 2.5113583
3063 1 2.895577
3063 8 2.4224555
3063 9 3.3488803
3063 25 1.6556114
3063 58 2.4523523
3083 2 3.090086
3083 11 2.9684603
3083 16 3.1034377
3083 20 3.453789
3083 64 2.0706954
3090 5 2.6354382
3090 15 2.6365092
3090 21 3.097417
3090 29 1.7661707
3090 60 1.6258979
3094 1 3.701431
3094 4 3.240621
3094 16 3.2040894
3094 27 3.113478
3094 57 2.3184946
3114 3 3.4142091
3114 7 3.2638164
3114 11 2.8088236
3114 21 3.02485
3114 26 2.875717
3116 1 3.0927527
3116 4 2.7703476
3116 6 2.6125107
3116 8 2.620476
3116 35 2.5093303
3118 4 2.712341
3118 22 2.9297395
3118 38 3.3016996
3118 51 2.6678681
3118 65 2.189397
3120 1 3.1498508
3120 7 3.2722902
3120 15 2.5592628
3120 32 2.9953132
3120 93 1.939754
3128 4 3.1789064
3128 25 2.3789072
3128 32 2.9410589
3128 34 2.395147
3128 48 3.2951622
3129 2 3.2917602
3129 10 3.5374427
3129 11 3.4329813
3129 26 3.1684957
3129 33 2.5766163
3130 1 3.504225
3130 3 3.658907
3130 7 3.2584264
3130 15 2.9991856
3130 28 3.2186189
3132 1 2.5237553
3132 4 2.479794
3132 16 2.7847
3132 25 2.1097546
3132 38 2.778318
3140 4 3.2620351
3140 16 3.350727
3140 18 1.942285
3140 22 3.103577
3140 39 2.9364252
3141 8 2.7663808
3141 14 3.075712
3141 15 2.7960193
3141 29 2.237499
3141 82 1.4776974
3144 7 2.8101707
3144 14 3.2196226
3144 15 2.7452896
3144 21 3.2234461
3144 75 2.5022793
3145 8 2.9633234
3145 10 3.5109134
3145 14 2.936997
3145 21 3.162233
3145 60 1.9302418
3146 2 2.7211053
3146 23 3.4062476
3146 24 2.5148983
3146 32 2.9967153
3146 53 2.2647164
3150 3 3.2535968
3150 15 2.6764197
3150 17 2.0210688
3150 34 1.8338349
3150 55 2.3079896
3156 1 3.18188
3156 10 3.702706
3156 13 2.5973003
3156 27 3.383826
3156 42 3.384564
3167 2 2.786982
3167 5 2.5914454
3167 11 2.8178885
3167 30 2.1591637
3167 50 1.9352217
3176 4 3.027487
3176 15 3.0793254
3176 18 2.1453466
3176 38 3.6972547
3176 79 2.4881582
3191 2 3.1950715
3191 10 3.6146023
3191 11 3.3302407
3191 17 2.3235679
3191 34 2.1896677
3192 6 2.2968204
3192 15 2.0311863
3192 16 3.0031278
3192 48 2.8763566
3192 79 1.3121036
3194 4 3.000217
3194 9 3.532227
3194 10 3.5048394
3194 27 3.0196154
3194 34 2.5700774
3195 4 2.8059864
3195 14 3.110223
3195 15 2.6968274
3195 24 2.3587372
3195 38 3.6052465
3196 1 3.2442403
3196 7 2.6385157
3196 10 3.1671443
3196 24 2.0845535
3196 52 1.8566052
3200 1 3.5050693
3200 9 3.490492
3200 11 3.2591455
3200 24 2.4031746
3200 50 2.2407594
3202 3 3.1937535
3202 13 2.5095165
3202 27 2.9863389
3202 34 1.9231851
3202 69 2.2532082
3206 2 2.9607544
3206 11 3.247135
3206 12 3.2000968
3206 16 2.9459724
3206 60 1.9727019
3207 2 2.8775456
3207 13 1.5914141
3207 14 2.537539
3207 30 1.929679
3207 62 2.3461664
3220 1 3.2374623
3220 7 3.227409
3220 8 3.0371354
3220 17 2.2925494
3220 37 2.9720724
3224 4 3.0833628
3224 12 3.2719054
3224 17 2.4285417
3224 27 3.2590494
3224 42 3.2573311
3225 5 2.9645922
3225 8 3.0039542
3225 10 3.717051
3225 12 3.2607949
3225 36 2.2970257
3229 1 3.284906
3229 4 3.0618787
3229 6 2.7931457
3229 21 3.0931692
3229 27 3.3307686
3232 8 2.9106789
3232 10 3.3773732
3232 12 3.308
3232 23 3.5380893
3232 37 3.1731825
3240 1 3.127663
3240 6 2.6727602
3240 8 2.9450593
3240 20 3.590626
3240 88 2.071385
3243 4 3.148303
3243 9 3.7952352
3243 18 2.4544365
3243 23 3.3094742
3243 55 2.787873
3245 4 3.1159525
3245 20 3.3873472
3245 27 3.1494527
3245 46 2.8347692
3245 53 2.1769848
3247 4 2.1809425
3247 12 2.488646
3247 13 1.4425883
3247 19 1.7110635
3247 37 2.234287
3251 5 2.626159
3251 14 2.9486709
3251 15 2.801786
3251 31 2.1174147
3251 55 2.3698223
3264 4 3.0149622
3264 10 3.6152802
3264 17 2.2073967
3264 34 2.510938
3264 55 2.6941786
3267 4 3.2430785
3267 13 2.1836917
3267 19 2.6822672
3267 28 2.8765054
3267 47 2.8787222
3270 3 3.395987
3270 19 2.4094365
3270 27 3.3045166
3270 39 2.6752732
3270 47 2.5136933
3274 3 3.389322
3274 10 3.470064
3274 14 2.9260163
3274 18 1.9861038
3274 50 2.1874015
3275 3 3.473649
3275 7 2.8961942
3275 10 3.1986043
3275 20 3.3853414
3275 29 1.9975741
3280 3 3.4117527
3280 9 3.660259
3280 20 3.4294572
3280 25 2.1120207
3280 65 2.3976662
3287 11 2.8517015
3287 18 2.061395
3287 19 2.3232388
3287 25 1.7630188
3287 67 2.1254992
3288 3 3.2866905
3288 7 2.796737
3288 8 2.8445015
3288 14 2.8034277
3288 22 2.8302867
3291 3 3.6203096
3291 7 3.5465503
3291 11 3.5818834
3291 27 3.376853
3291 52 2.852148
3303 6 2.644319
3303 8 2.837433
3303 14 3.2425795
3303 26 2.7883146
3303 72 2.967923
3304 4 2.9318314
3304 11 2.5753748
3304 21 2.4645758
3304 27 2.9431398
3304 50 1.7123532
3311 1 3.2371993
3311 8 2.7106547
3311 12 3.2865112
3311 19 2.2632885
3311 75 2.5500326
3322 2 2.653168
3322 7 2.488289
3322 13 2.3928926
3322 16 3.1437857
3322 30 2.5939023
3332 8 3.193703
3332 11 3.3807483
3332 12 3.4801745
3332 22 3.192861
3332 75 2.8171
3338 2 2.7862477
3338 16 2.8596835
3338 19 1.8536286
3338 23 2.9882867
3338 29 1.6874657
3340 1 3.4100351
3340 5 3.003977
3340 6 2.907566
3340 16 3.4679792
3340 43 2.4182768
3351 5 1.9985842
3351 9 2.8751516
3351 12 2.8957796
3351 20 3.000181
3351 47 2.215457
3354 3 3.5290258
3354 5 2.6664567
3354 12 3.443547
3354 24 2.5325797
3354 39 2.846923
3359 2 2.8234863
3359 11 2.6421537
3359 26 2.731081
3359 32 2.4735742
3359 42 2.9998393
3364 1 3.3549917
3364 8 2.6365042
3364 9 3.50029
3364 28 2.7845974
3364 49 2.3407521
3368 3 3.795228
3368 8 3.2488124
3368 11 3.2844753
3368 18 2.2238266
3368 52 2.5132024
3381 1 3.1329002
3381 4 2.7349977
3381 17 2.0948644
3381 34 1.8237851
3381 71 2.5370424
3387 5 2.70183
3387 11 2.8211758
3387 13 2.5275292
3387 18 1.7060504
3387 52 2.3526955
3397 7 2.3864725
3397 13 1.2298186
3397 14 2.1291091
3397 34 1.5268201
3397 67 1.4787533
3402 3 3.5361626
3402 12 3.1720436
3402 13 2.624805
3402 25 2.2485206
3402 45 2.767914
3404 1 3.7778618
3404 3 3.7892182
3404 8 3.1024382
3404 29 2.3956797
3404 57 2.1162333
3428 7 2.3125398
3428 15 2.0854135
3428 22 2.3116293
3428 41 1.623025
3428 63 2.0852423
3430 5 2.4107533
3430 11 2.9124482
3430 15 2.3866148
3430 34 2.0630805
3430 47 2.6434634
3436 4 2.7745266
3436 19 2.2053413
3436 24 2.5735548
3436 40 2.4373252
3436 52 2.2794147
3443 1 3.2272975
3443 7 2.5728383
3443 14 2.9707189
3443 32 2.8049312
3443 80 3.1452365
3445 3 3.6909776
3445 5 2.6821945
3445 10 3.4627817
3445 32 3.1591294
3445 52 2.2991114
3446 6 2.9472878
3446 8 2.8719845
3446 12 3.3542826
3446 15 2.6930127
3446 49 2.9239395
3447 1 3.578611
3447 6 3.1058304
3447 7 3.3328123
3447 9 3.806339
3447 22 3.2192528
3448 1 2.894354
3448 5 2.5552926
3448 13 2.0003662
3448 22 2.8752503
3448 60 1.7895273
3453 1 3.0457149
3453 5 2.574015
3453 6 2.211052
3453 16 3.1047351
3453 28 2.5774615
3461 1 3.1816788
3461 3 3.4712167
3461 9 3.5926857
3461 21 3.0073733
3461 79 1.8587161
3467 7 2.2238674
3467 9 3.1883779
3467 12 2.7191734
3467 15 2.1083329
3467 40 1.906403
3468 1 2.9461803
3468 4 2.848218
3468 7 2.7501926
3468 19 2.2680726
3468 25 2.033857
3471 2 3.0860121
3471 16 2.900814
3471 21 2.8583944
3471 29 1.9905463
3471 48 3.170932
3483 2 2.7338686
3483 9 3.2828155
3483 13 2.0884986
3483 31 1.8084416
3483 54 2.7445877
3484 1 3.5498002
3484 10 3.6559672
3484 11 3.3783293
3484 24 2.6946838
3484 38 3.7220647
3496 6 2.569236
3496 13 2.0562806
3496 14 2.3928137
3496 20 3.0850446
3496 57 2.042519
3507 1 3.6211433
3507 6 2.9824376
3507 9 3.1832337
3507 21 3.2527754
3507 48 3.5124228
3509 1 3.133276
3509 8 2.6502926
3509 16 2.7771852
3509 49 2.0495162
3509 63 1.9376649
3516 1 3.3229432
3516 18 2.1665509
3516 19 2.5793517
3516 26 2.8368294
3516 51 2.8841758
3517 3 3.433261
3517 11 3.3267503
3517 17 2.2757864
3517 21 2.8483207
3517 35 2.4939265
3522 2 3.0776846
3522 8 3.1731439
3522 14 3.2529497
3522 30 2.4507563
3522 58 3.0664258
3532 1 3.4343553
3532 8 3.0572875
3532 9 3.5722249
3532 26 2.9920578
3532 70 2.0917146
3535 1 3.2836342
3535 8 2.7232394
3535 9 3.4216573
3535 11 3.0571542
3535 32 2.783258
3537 2 3.2332642
3537 4 3.1018474
3537 15 2.4581106
3537 21 3.0661874
3537 54 3.3718345
3548 2 2.9589725
3548 10 3.2102108
3548 14 3.0652468
3548 22 2.8300545
3548 30 2.2276492
3549 3 3.4773629
3549 8 2.7244606
3549 11 2.8612297
3549 19 2.5389452
3549 43 1.9179537
3554 2 2.7847257
3554 7 2.8318255
3554 12 2.8290794
3554 28 2.718726
3554 38 3.2100909
3557 2 3.4187639
3557 5 2.6092103
3557 6 3.3567486
3557 18 2.066781
3557 37 3.0345576
3562 2 3.0422354
3562 5 3.08752
3562 7 3.0935311
3562 11 3.1246204
3562 22 3.2412136
3563 2 3.0660799
3563 18 2.099422
3563 19 2.2498116
3563 38 3.5685053
3563 46 3.0451446
3567 6 2.7130027
3567 12 3.4003778
3567 20 3.742221
3567 27 3.4546254
3567 35 3.0395994
3569 6 2.5099258
3569 11 2.9803343
3569 19 2.202522
3569 25 1.9267781
3569 80 3.5826921
3570 3 3.5164266
3570 10 3.633328
3570 14 3.390653
3570 42 3.6315126
3570 57 1.8940008
3574 1 3.236706
3574 3 3.2208843
3574 5 2.47273
3574 27 3.04341
3574 46 2.8035839
3576 6 2.7070267
3576 10 3.4760132
3576 11 3.0204248
3576 26 2.8658667
3576 67 2.1489162
3578 3 3.4994452
3578 9 3.745974
3578 15 2.8184476
3578 22 2.8978553
3578 50 2.0490506
3584 1 3.3502855
3584 4 3.4355884
3584 5 2.7164423
3584 13 2.5709383
3584 27 3.2102988
3586 1 3.1115482
3586 3 3.644729
3586 5 2.6057222
3586 25 2.0398061
3586 72 2.6646411
3590 1 3.1163318
3590 19 2.302811
3590 31 2.2889845
3590 38 3.3076863
3590 62 3.227558
3591 2 2.9181674
3591 5 2.4106042
3591 6 3.2875984
3591 17 2.3736057
3591 73 2.834042
3592 7 3.1876564
3592 11 3.0292041
3592 14 3.2452838
3592 22 3.0498326
3592 34 2.4537601
3594 3 3.0920057
3594 18 1.4611965
3594 19 1.8812435
3594 25 1.4600244
3594 76 1.4387107
3596 4 2.7310824
3596 10 3.0135484
3596 11 2.9665601
3596 16 3.105158
3596 43 1.9209414
3605 3 3.7000675
3605 7 3.5566273
3605 11 3.309277
3605 18 2.1178837
3605 46 2.9105668
3614 4 2.9890654
3614 8 3.331955
3614 9 3.8516824
3614 25 2.291195
3614 78 1.725388
3615 13 2.2232528
3615 23 3.1516395
3615 25 1.9906151
3615 34 1.9035462
3615 49 2.186322
3624 8 2.5509338
3624 17 2.4309912
3624 20 3.6636384
3624 27 3.218052
3624 43 1.8825805
3627 6 3.0063171
3627 25 2.1523418
3627 37 2.8530838
3627 47 2.8182478
3627 57 2.020702
3628 1 2.7344568
3628 13 1.5807977
3628 20 3.2023666
3628 27 2.7751126
3628 70 1.4330069
3639 4 3.2985358
3639 6 3.3666165
3639 11 3.4239428
3639 20 3.704761
3639 32 3.1364524
3641 3 3.577629
3641 6 2.8740704
3641 11 2.6937978
3641 16 2.9748964
3641 52 1.8385127
3651 6 2.4093225
3651 9 3.165252
3651 10 2.9923518
3651 21 2.4881933
3651 44 2.7028625
3653 1 3.3980339
3653 13 2.7626672
3653 14 3.2210345
3653 26 3.108328
3653 55 2.833913
3662 2 2.924211
3662 4 2.620685
3662 14 2.5835845
3662 30 1.9623301
3662 44 2.5639703
3665 1 2.9330244
3665 5 2.4655287
3665 12 3.05857
3665 19 2.5558386
3665 33 2.0967593
3670 1 3.402102
3670 8 2.7898889
3670 13 2.5303695
3670 16 3.609837
3670 33 2.7840369
3683 1 3.4231482
3683 6 2.6685305
3683 10 3.6228642
3683 20 3.7554805
3683 53 2.740497
3686 1 3.0768428
3686 9 3.6373851
3686 13 2.2377222
3686 18 2.298792
3686 62 3.2502043
3687 2 3.4967563
3687 9 3.879683
3687 16 3.617454
3687 30 2.8556647
3687 43 2.578079
3688 2 2.6838949
3688 12 2.7679038
3688 18 1.4224575
3688 29 1.6867743
3688 47 2.235984
3695 2 3.2750216
3695 4 3.0823207
3695 16 3.1776602
3695 27 3.3919628
3695 62 3.537958
3696 7 3.1293802
3696 11 3.0664916
3696 12 3.4058175
3696 27 3.4445817
3696 45 2.8896308
3699 3 3.0813468
3699 5 2.3647215
3699 7 2.127871
3699 19 2.1067643
3699 45 2.0189545
3712 6 2.7671602
3712 14 2.9407213
3712 15 2.9477005
3712 25 2.280438
3712 36 2.3816907
3717 8 2.940043
3717 16 2.92453
3717 18 1.9443527
3717 29 1.8022159
3717 49 2.7188666
3725 2 3.138269
3725 8 2.842022
3725 22 2.9534879
3725 33 2.7251565
3725 42 3.1739817
3737 1 3.4440541
3737 5 2.9760191
3737 11 3.2943828
3737 24 2.0336962
3737 42 3.0386105
3738 1 3.2935526
3738 5 2.7806168
3738 10 3.3248289
3738 12 2.9154394
3738 22 2.7159858
3739 9 3.4847112
3739 18 1.9108431
3739 21 3.30628
3739 28 2.9825473
3739 56 2.2750049
3742 1 3.2040677
3742 8 2.7971745
3742 13 2.2095902
3742 17 2.0137086
3742 48 3.2262044
3745 3 3.30413
3745 8 2.7597554
3745 10 3.4282115
3745 26 2.8658428
3745 58 2.7317927
3750 2 3.0641663
3750 13 2.5847778
3750 16 3.3898718
3750 31 2.80156
3750 37 3.0681782
3756 2 3.1216493
3756 4 2.901987
3756 6 2.6137538
3756 25 2.1427884
3756 61 2.1909842
3759 6 2.6961582
3759 22 2.5991204
3759 28 2.611597
3759 30 2.128155
3759 53 1.8172072
3760 1 2.9920423
3760 13 2.5239015
3760 14 3.064433
3760 17 1.9694091
3760 50 1.6813123
3764 2 2.72013
3764 9 3.2487538
3764 15 2.376647
3764 22 2.4846125
3764 51 2.251619
3765 3 3.2766292
3765 21 3.070168
3765 22 2.8135653
3765 30 2.2991486
3765 82 1.6318208
3770 6 3.2911892
3770 11 3.1375875
3770 14 2.839538
3770 16 3.4555488
3770 40 2.745136
3773 3 3.5455205
3773 9 3.4767704
3773 11 3.07293
3773 19 2.4075332
3773 41 2.181687
3774 1 2.706339
3774 4 2.4268072
3774 21 2.54146
3774 27 2.9183743
3774 46 2.3049977
3777 1 3.5074794
3777 5 2.773209
3777 8 2.7358425
3777 24 2.4314055
3777 43 2.2818778
3778 1 2.8986518
3778 6 2.428634
3778 10 3.3039827
3778 28 2.9932327
3778 70 1.9572675
3780 5 2.7489328
3780 13 2.2980623
3780 16 3.1731963
3780 21 3.1202533
3780 46 2.4569635
3781 2 2.8808043
3781 10 3.2927413
3781 14 2.8519812
3781 34 2.0164402
3781 79 2.0854976
3784 6 2.569145
3784 10 3.2359185
3784 11 2.932526
3784 16 2.8299086
3784 43 1.7773778
3790 1 2.793318
3790 6 2.2419314
3790 12 2.9410355
3790 24 1.8881967
3790 47 2.215123
3794 3 3.3755295
3794 7 3.0096385
3794 8 2.8223505
3794 14 3.10908
3794 32 2.6875665
3798 1 3.4251792
3798 12 3.2097669
3798 18 2.1680825
3798 31 2.480859
3798 49 2.806399
3800 2 3.3465228
3800 7 3.2264535
3800 8 2.8886309
3800 15 3.0387743
3800 50 2.4014447
3811 1 3.1882353
3811 20 3.4930437
3811 25 2.3632746
3811 28 2.9785094
3811 44 2.999347
3816 2 3.0733378
3816 9 3.5583792
3816 17 2.2510853
3816 23 3.0993233
3816 65 2.328025
3821 4 2.5040767
3821 9 3.6268463
3821 12 3.1841373
3821 15 2.2424579
3821 50 1.6099613
3831 5 2.2174354
3831 8 3.110942
3831 10 3.378089
3831 23 3.244304
3831 32 2.835101
3833 1 3.2586935
3833 10 3.2991462
3833 11 2.829696
3833 16 3.385029
3833 53 1.9474121
3834 5 2.9770777
3834 7 3.2073414
3834 15 2.865738
3834 20 3.5493183
3834 29 2.0481827
3841 1 3.3779075
3841 6 2.7697742
3841 9 3.595762
3841 18 2.0554776
3841 37 3.108865
3852 8 3.0629401
3852 13 2.259272
3852 14 3.1551156
3852 27 3.1971836
3852 37 2.5929785
3862 2 3.0176413
3862 9 3.5171008
3862 13 2.216172
3862 23 3.1412158
3862 60 1.8723388
3869 1 3.3255196
3869 5 2.389972
3869 13 2.42062
3869 38 3.438306
3869 52 2.2412472
3875 2 2.9643211
3875 7 2.5226185
3875 18 1.9994427
3875 27 3.1884937
3875 53 2.2809732
3877 1 2.7991235
3877 14 2.5761118
3877 21 2.6132944
3877 34 1.8122704
3877 71 2.2844822
3880 2 3.1923296
3880 9 3.5157967
3880 11 3.1601074
3880 17 2.4949896
3880 51 2.8339279
3882 5 1.923813
3882 8 2.8149672
3882 9 2.7802734
3882 17 1.8994739
3882 35 2.3772748
3884 3 4.011418
3884 11 3.2238052
3884 22 3.2633364
3884 27 3.5383384
3884 64 2.6007078
3887 6 2.7392907
3887 11 3.0576918
3887 14 2.9520872
3887 25 2.3002424
3887 36 2.145513
3889 6 2.2480764
3889 17 1.8030307
3889 18 1.7007076
3889 22 2.54877
3889 33 2.0255017
3892 2 3.155641
3892 6 2.749928
3892 7 3.2583811
3892 16 3.5853977
3892 43 2.4642816
3893 2 3.149482
3893 4 2.838018
3893 10 3.645261
3893 14 3.0870812
3893 34 1.9957793
3894 1 3.1765401
3894 6 2.9022107
3894 10 3.544824
3894 23 3.272864
3894 44 3.071169
3897 7 3.4053512
3897 12 3.5791051
3897 13 2.8466818
3897 18 2.435506
3897 79 2.5665767
3899 1 3.5881705
3899 4 3.3275833
3899 5 2.9829764
3899 16 3.5536697
3899 47 3.0003912
3900 2 2.0715566
3900 4 1.9661679
3900 7 1.9809566
3900 17 1.3113468
3900 25 1.2439995
3910 5 2.2723477
3910 7 2.9856195
3910 9 3.5600595
3910 16 3.1349497
3910 26 2.743909
3914 4 3.263757
3914 9 3.4434156
3914 12 3.2918613
3914 24 2.154143
3914 51 2.7228553
3928 4 2.796343
3928 10 3.3494768
3928 16 3.1681464
3928 24 2.2963526
3928 38 3.5139446
3931 5 2.660786
3931 11 3.1418388
3931 12 3.416094
3931 24 2.8192675
3931 62 3.4005811
3933 6 2.9083617
3933 9 3.282283
3933 15 2.4220748
3933 24 2.07132
3933 80 2.865782
3938 5 2.3008099
3938 7 2.5970757
3938 12 2.821212
3938 19 2.4286494
3938 58 2.469501
3939 2 3.0418556
3939 9 3.7236688
3939 20 3.7671666
3939 28 3.14359
3939 37 3.408397
3952 11 2.9937077
3952 23 3.0731008
3952 32 2.7641916
3952 40 2.3154385
3952 66 2.7142813
3956 1 3.3245249
3956 14 2.9209812
3956 16 3.4628994
3956 30 2.492807
3956 39 2.4551957
3968 1 3.2752976
3968 5 2.5622232
3968 10 3.2210135
3968 23 3.1361103
3968 38 3.2015736
3971 4 2.9334736
3971 8 2.6884391
3971 13 2.1289506
3971 22 2.4159856
3971 64 1.8814802
3972 3 3.6238499
3972 7 3.1130455
3972 11 3.3700006
3972 21 3.4654462
3972 59 2.4905105
3996 1 3.464452
3996 4 2.9868023
3996 7 3.0220528
3996 17 2.3191016
3996 61 2.2322776
3997 3 3.5174654
3997 15 3.2586093
3997 19 2.5944395
3997 26 2.9413767
3997 85 3.3083248
3998 1 3.5453794
3998 3 3.5681033
3998 5 2.7782655
3998 13 2.2792222
3998 72 2.9798408
4006 1 3.3211305
4006 5 3.1860044
4006 10 3.5113845
4006 27 3.501774
4006 48 3.4929621
4008 1 3.3077106
4008 4 2.8253891
4008 8 2.9978971
4008 24 2.6116858
4008 63 2.220009
4009 4 2.8164957
4009 15 2.7094028
4009 20 3.1999364
4009 37 2.7674522
4009 77 3.0163894
4016 4 3.0985885
4016 7 2.6795423
4016 9 3.328683
4016 13 2.2253573
4016 45 2.8927655
4018 4 2.8514378
4018 9 3.6194754
4018 13 2.188926
4018 30 2.0947669
4018 74 2.7507672
4019 6 3.1445975
4019 13 2.7239306
4019 17 2.4640253
4019 36 2.5581617
4019 51 2.8618445
4020 2 3.433327
4020 13 2.4588788
4020 16 3.3412535
4020 28 2.9588914
4020 44 3.1106236
4026 4 2.3279877
4026 9 2.8718717
4026 12 2.5965757
4026 25 1.4441307
4026 52 1.3879133
4031 11 3.473969
4031 25 2.6626842
4031 33 2.8449163
4031 39 2.8758557
4031 84 2.791028
4040 2 2.8718657
4040 7 2.54768
4040 11 2.5562954
4040 22 2.2339635
4040 53 1.7711786
4041 4 2.9633267
4041 20 3.6479414
4041 21 3.1102457
4041 29 2.1966505
4041 60 1.7269496
4050 4 2.8628037
4050 6 2.6592696
4050 15 2.7253802
4050 26 3.0223372
4050 51 2.7538612
4069 2 2.9412918
4069 13 2.4055126
4069 16 3.4461176
4069 24 2.1503923
4069 47 2.6132226
4071 8 2.635984
4071 14 2.717603
4071 24 2.0954962
4071 30 2.2581065
4071 49 2.2355251
4072 1 2.8306558
4072 5 2.5526774
4072 12 2.8640203
4072 15 2.3761609
4072 32 2.5104
4073 10 3.1496973
4073 19 2.0895748
4073 20 3.3908594
4073 27 2.8835819
4073 77 2.8368082
4074 2 2.808535
4074 5 2.8055923
4074 14 2.9040973
4074 26 2.9115365
4074 42 3.0344024
4079 6 2.6162918
4079 10 3.077258
4079 13 1.9407806
4079 27 3.2442267
4079 45 2.6756008
4081 10 3.3959575
4081 25 2.132014
4081 27 3.12054
4081 33 2.5082846
4081 51 2.5386918
4083 4 2.62598
4083 15 2.610378
4083 21 3.1101463
4083 30 2.2585855
4083 74 2.8642662
4087 2 2.5172024
4087 20 2.882648
4087 25 1.703342
4087 32 2.3920343
4087 48 2.8440545
4090 2 2.9763412
4090 4 2.8538578
4090 6 2.650251
4090 21 3.023488
4090 87 1.0
4095 1 2.8462334
4095 9 3.293848
4095 10 3.1702838
4095 14 2.820272
4095 28 2.5262492
4110 7 3.061303
4110 15 2.658442
4110 17 2.1880927
4110 21 3.033035
4110 50 2.0037818
4114 3 3.5511298
4114 12 3.1706865
4114 21 2.9719515
4114 33 2.5963266
4114 69 1.9129887
4115 4 3.2089674
4115 6 2.8782616
4115 7 3.1890464
4115 14 3.2600162
4115 36 2.763597
4122 1 3.305757
4122 7 3.2173014
4122 15 2.7040339
4122 20 3.6699944
4122 47 2.902049
4127 1 3.5992956
4127 16 3.5647948
4127 17 2.6838872
4127 28 3.3136895
4127 42 3.5126767
4128 4 2.7261467
4128 9 3.436062
4128 11 2.9314587
4128 15 2.6091042
4128 35 2.3062174
4132 4 2.995005
4132 8 2.8491085
4132 11 3.4023333
4132 14 3.1144016
4132 34 2.877721
4138 1 3.1819212
4138 4 2.7597542
4138 5 2.8116
4138 14 3.2093298
4138 29 2.2128937
4148 8 2.78927
4148 19 2.0020435
4148 21 2.7991424
4148 26 2.741572
4148 45 2.175829
4151 1 3.7173371
4151 8 3.3616316
4151 10 3.6215987
4151 16 3.2422967
4151 42 3.2527447
4156 8 3.3154802
4156 19 2.852005
4156 21 3.566909
4156 33 2.873473
4156 48 3.7420187
4159 1 3.2558403
4159 7 3.093103
4159 11 3.0596843
4159 23 3.127778
4159 40 2.39988
4163 4 2.9619722
4163 9 3.3859448
4163 10 3.4366646
4163 19 2.506154
4163 50 2.0386777
4167 1 3.3364842
4167 5 2.5807197
4167 7 3.073072
4167 24 2.280377
4167 52 2.0168939
4172 7 2.9461286
4172 13 1.7531345
4172 15 2.5365033
4172 26 2.7732577
4172 42 2.9460135
4173 1 2.991021
4173 9 2.9898715
4173 11 2.4695227
4173 17 1.7803067
4173 34 1.6318052
4174 3 3.4724011
4174 5 2.5422823
4174 9 3.3551626
4174 19 2.2515392
4174 48 3.1962347
4178 7 2.7765796
4178 17 2.2371368
4178 22 2.728466
4178 33 2.5630324
4178 58 3.0278175
4179 1 3.1678257
4179 6 3.0625832
4179 8 2.6384335
4179 16 3.099589
4179 54 3.1482432
4184 7 3.2506409
4184 12 3.273063
4184 16 3.21667
4184 24 2.4568057
4184 56 2.329327
4186 5 2.4264057
4186 7 2.8730123
4186 9 3.6824722
4186 19 2.2319772
4186 59 2.2521603
4207 1 3.3253915
4207 3 3.3384502
4207 8 2.824285
4207 15 2.8592484
4207 59 3.0209694
4208 3 3.3670907
4208 12 2.9638178
4208 13 2.4969466
4208 25 2.0636876
4208 45 2.42382
4212 3 3.5193882
4212 6 2.5772345
4212 13 2.2211347
4212 18 1.6020815
4212 69 1.9569631
4213 2 3.1562147
4213 7 2.989653
4213 9 3.6084492
4213 18 1.9886642
4213 54 3.2525768
4215 3 3.1898558
4215 13 2.27277
4215 15 2.5700467
4215 36 2.1951337
4215 61 1.9286591
4221 3 3.0806687
4221 8 2.296979
4221 13 2.1550603
4221 17 1.8073457
4221 64 2.1688204
4224 2 2.7942607
4224 10 3.157358
4224 17 1.9852563
4224 31 2.3283591
4224 76 1.8866321
4231 5 2.492527
4231 8 2.8915713
4231 11 3.212072
4231 14 2.8452337
4231 40 2.2614493
4236 4 2.950661
4236 15 2.8290493
4236 18 2.1248908
4236 22 3.2235985
4236 42 3.0811367
4242 9 3.7930124
4242 18 2.0652554
4242 21 3.4182057
4242 30 2.624526
4242 61 2.2848086
4248 5 2.5000274
4248 14 2.7557673
4248 32 2.8702292
4248 38 3.4805598
4248 62 3.2973714
4250 3 3.2248335
4250 9 3.5358672
4250 32 2.9641492
4250 41 2.1540256
4250 61 2.6349423
4260 5 2.207045
4260 13 2.1222968
4260 21 2.765241
4260 26 2.6866014
4260 50 1.7131227
4275 3 3.102801
4275 8 2.575695
4275 19 2.1822085
4275 29 1.9936327
4275 62 3.1781056
4277 7 2.7836494
4277 13 1.8771952
4277 15 2.1634543
4277 21 2.9345403
4277 43 1.8717904
4287 1 3.6343777
4287 12 3.562333
4287 16 3.5998769
4287 21 3.5272903
4287 56 2.761369
4293 4 2.7873416
4293 12 3.150513
4293 14 2.8955436
4293 18 1.7779073
4293 45 2.4332814
4294 1 3.328515
4294 10 3.376136
4294 11 3.0985653
4294 25 2.0893245
4294 69 2.3698018
4297 5 2.6037247
4297 8 2.755815
4297 15 2.695563
4297 29 1.9334799
4297 44 3.1325126
4300 1 3.1632009
4300 3 2.9508753
4300 6 2.8183906
4300 25 2.0335255
4300 55 2.278766
4305 16 3.4347785
4305 25 2.1763916
4305 26 2.7770865
4305 34 2.2794704
4305 63 2.3495991
4307 1 3.1844127
4307 4 2.8603816
4307 7 2.7530174
4307 14 3.470313
4307 26 2.9662547
4317 4 2.653544
4317 11 3.158051
4317 21 2.9693518
4317 26 2.8911517
4317 70 1.8608783
4320 2 3.1438656
4320 4 2.7563112
4320 7 3.1303835
4320 11 3.2012792
4320 30 2.395036
4330 2 2.6882658
4330 15 2.7725928
4330 22 2.5269008
4330 27 3.1332932
4330 64 2.1686966
4333 1 3.2022448
4333 15 2.3252556
4333 30 2.119883
4333 40 2.287831
4333 66 2.7261028
4335 2 2.6511703
4335 8 3.0172367
4335 14 3.1446595
4335 24 2.3301919
4335 68 2.0999
4339 4 2.606828
4339 8 2.8214972
4339 9 3.2361875
4339 20 3.0892305
4339 65 2.0028822
4342 1 3.138725
4342 9 3.367142
4342 20 3.4237287
4342 29 1.9154289
4342 56 2.2239814
4345 3 3.4951286
4345 11 3.1641388
4345 12 3.3494833
4345 19 2.426499
4345 54 3.4095826
4346 1 3.2769885
4346 5 3.2686965
4346 13 2.7524712
4346 19 2.7348118
4346 43 2.2678668
4348 4 2.6912014
4348 9 3.2922037
4348 11 2.7168329
4348 22 2.647939
4348 37 2.5026236
4354 2 2.8151062
4354 4 2.8865364
4354 8 2.5792542
4354 18 1.2269393
4354 77 2.8476124
4356 3 3.648668
4356 15 2.9195836
4356 18 2.0211387
4356 24 2.7092538
4356 49 2.7685127
4370 2 3.367501
4370 9 3.5116835
4370 10 3.3475668
4370 19 2.6673427
4370 34 2.365807
4371 1 2.9398901
4371 3 2.8239202
4371 5 1.7127609
4371 13 1.8227713
4371 40 2.0457036
4375 6 2.5294263
4375 13 1.9627261
4375 16 3.0001004
4375 24 2.2933667
4375 64 2.1523085
4382 1 3.3249395
4382 6 2.6606915
4382 10 3.336001
4382 20 3.3706744
4382 44 2.902903
4385 1 3.1159167
4385 4 2.7592814
4385 6 2.5536253
4385 24 2.0097277
4385 35 2.2338018
4386 2 2.843552
4386 4 2.9230402
4386 10 3.1998873
4386 24 1.9024032
4386 59 2.0846226
4388 3 3.4519358
4388 9 3.6114876
4388 10 3.0520797
4388 18 1.8199614
4388 64 2.1307108
4396 1 3.0004838
4396 5 2.4135222
4396 15 2.4218962
4396 28 2.804888
4396 42 3.089725
4404 10 3.1370158
4404 19 2.2155776
4404 20 3.4949398
4404 47 2.4426103
4404 86 2.051211
4407 3 3.2497685
4407 11 3.0084016
4407 19 2.3068798
4407 22 2.50234
4407 32 2.811362
4410 1 3.3768566
4410 3 3.5866623
4410 9 3.5648127
4410 15 2.5747967
4410 70 2.297212
4414 1 2.9360867
4414 7 2.961225
4414 8 2.5513067
4414 18 1.7032839
4414 68 2.1706643
4417 1 3.3518195
4417 11 3.1577885
4417 24 2.7010772
4417 34 2.5046358
4417 48 3.2996454
4424 3 3.4525146
4424 9 3.0684977
4424 12 3.3041394
4424 23 3.3929026
4424 38 3.5271573
4426 6 2.8548212
4426 21 3.3483183
4426 22 3.0243893
4426 29 2.3445673
4426 68 2.595753
4427 2 2.9689908
4427 10 3.1150851
4427 11 2.797375
4427 26 2.7118375
4427 49 2.0297513
4429 4 2.7132325
4429 15 2.1675003
4429 16 3.2323787
4429 24 2.2534342
4429 35 2.5002506
4453 16 3.1274035
4453 23 3.282873
4453 25 2.2491999
4453 29 1.7076888
4453 42 3.0835896
4455 4 2.9752543
4455 7 2.9337082
4455 11 2.8021731
4455 13 2.2523422
4455 26 2.7168338
4460 4 3.2183547
4460 7 2.4409509
4460 8 2.520051
4460 22 2.8185227
4460 62 3.4404068
4463 2 3.178408
4463 11 3.0881336
4463 13 2.3229697
4463 28 2.9089687
4463 52 2.0661626
4475 4 2.860048
4475 8 2.7343528
4475 9 3.1237588
4475 26 2.6419919
4475 42 2.9665425
4484 2 3.1143975
4484 9 3.5910108
4484 10 3.4601817
4484 19 2.4593005
4484 48 3.3436878
4487 7 2.9130094
4487 11 3.1053343
4487 12 3.272472
4487 22 2.6304433
4487 30 2.4141526
4488 9 3.8202112
4488 15 3.0874436
4488 16 3.5579822
4488 23 3.5906267
4488 35 3.0259411
4491 2 3.3488739
4491 20 3.6129072
4491 21 3.549091
4491 25 2.248252
4491 45 2.6054592
4498 1 2.9023826
4498 5 3.0371766
4498 14 3.3065999
4498 23 3.3781374
4498 34 2.6873333
4503 4 2.7480166
4503 12 2.9365592
4503 18 1.79296
4503 26 2.6266105
4503 40 2.2324245
4504 6 2.6683414
4504 13 2.6047754
4504 15 2.806879
4504 20 3.6901412
4504 52 2.3518274
4507 2 3.0881004
4507 8 2.9237049
4507 13 2.4987051
4507 17 2.4382257
4507 30 2.2563543
4514 3 3.5978184
4514 5 2.8295941
4514 9 3.5183773
4514 12 3.6090431
4514 44 3.0980966
4522 2 3.24561
4522 16 3.255003
4522 17 2.563268
4522 40 2.6255307
4522 78 1.8716197
4525 11 2.6404717
4525 23 2.8154972
4525 28 2.9033854
4525 43 1.5076072
4525 91 1.0059196
4526 6 2.4961684
4526 25 2.0031216
4526 32 2.5933757
4526 41 1.5904949
4526 69 2.4052591
4531 1 3.2597294
4531 9 3.434469
4531 11 3.0337021
4531 27 3.2427292
4531 35 2.6882393
4533 1 3.2876587
4533 7 3.2929277
4533 10 3.4332714
4533 15 2.5969412
4533 49 2.5023289
4534 3 3.3104634
4534 10 3.3575594
4534 12 3.2077444
4534 19 2.4082248
4534 64 2.2879012
4536 10 3.1077797
4536 27 3.1813684
4536 44 2.8979635
4536 53 2.1545928
4536 64 2.2585614
4541 2 2.718122
4541 17 1.7234992
4541 18 1.5688567
4541 25 1.5739768
4541 50 1.5915161
4545 6 2.8559055
4545 12 3.152717
4545 13 2.4132605
4545 31 2.1802554
4545 39 2.4389594
4547 3 3.5889835
4547 10 3.5532935
4547 12 3.188895
4547 37 2.959104
4547 75 2.4576826
4552 1 3.4355295
4552 13 2.400153
4552 19 2.24058
4552 34 2.360737
4552 67 2.811771
4556 2 2.74134
4556 9 2.9013786
4556 18 1.9027792
4556 26 2.5023046
4556 37 2.7252152
4561 10 3.5000398
4561 19 2.3622434
4561 26 2.906127
4561 46 2.5711865
4561 77 3.615115
4562 11 2.93562
4562 17 2.2295556
4562 18 2.0373085
4562 21 3.4490469
4562 65 2.165898
4565 1 3.4751503
4565 5 2.5720563
4565 6 2.7921681
4565 34 2.4938204
4565 64 2.3812456
4566 1 3.2822697
4566 9 3.4183955
4566 12 2.9333184
4566 39 2.3597937
4566 62 3.2041137
4571 1 2.9200134
4571 5 2.8311567
4571 6 2.6533303
4571 10 3.4848921
4571 33 2.0653963
4573 8 2.9368763
4573 16 3.1938567
4573 19 2.2535758
4573 32 2.945387
4573 43 1.8837094
4576 1 3.2989204
4576 8 2.7887743
4576 9 3.126452
4576 26 2.714551
4576 50 1.7687659
4577 8 2.7110202
4577 16 3.0513296
4577 19 2.459764
4577 31 1.8611965
4577 78 1.6770921
4578 10 3.2479398
4578 13 2.12115
4578 23 3.1834714
4578 38 3.3180108
4578 78 1.9335732
4579 3 3.0584183
4579 9 3.1943727
4579 13 1.8280412
4579 24 1.9934897
4579 49 2.2195337
4581 1 3.237533
4581 4 2.886605
4581 7 3.3112779
4581 13 2.3284497
4581 61 2.2563028
4585 9 3.6747205
4585 13 2.3800588
4585 18 1.9012778
4585 20 3.4649084
4585 56 2.2099388
4590 2 3.0554576
4590 6 2.2360046
4590 7 3.1729786
4590 11 2.9148927
4590 37 2.8234305
4596 4 2.810871
4596 7 2.6868496
4596 8 2.5381544
4596 13 2.5564854
4596 39 2.2733438
4598 1 3.39482
4598 20 3.6237926
4598 29 2.3654318
4598 47 2.8576956
4598 73 2.5801892
4615 1 2.9563532
4615 12 2.934484
4615 13 1.9469191
4615 20 3.19953
4615 36 1.6420819
4624 1 3.3470407
4624 4 3.1568851
4624 8 2.7564805
4624 10 3.2598712
4624 17 2.450069
4628 2 2.7573829
4628 15 2.5048573
4628 17 2.2780542
4628 34 2.1930103
4628 72 2.8761292
4639 2 3.183278
4639 14 2.6871572
4639 27 3.2416089
4639 30 2.500411
4639 64 1.9873579
4652 2 3.0673206
4652 11 3.1193697
4652 23 3.254006
4652 31 2.265745
4652 58 2.8650596
4654 1 2.9543152
4654 7 2.7574337
4654 11 2.7744107
4654 23 2.7839255
4654 41 1.7455381
4660 1 3.147549
4660 9 3.665075
4660 15 2.8749704
4660 49 2.5231712
4660 88 1.0
4669 2 2.7431912
4669 8 2.740388
4669 9 3.0399764
4669 11 2.8635912
4669 64 2.0867746
4679 5 2.124778
4679 10 3.143823
4679 14 2.7311358
4679 21 2.7596989
4679 30 2.4625103
4681 2 2.6128902
4681 7 2.7800772
4681 16 2.7772477
4681 27 2.7652595
4681 62 2.7803416
4693 6 2.5425267
4693 12 3.194838
4693 13 2.4283113
4693 15 2.5133984
4693 59 2.3994699
4694 2 3.3130813
4694 13 2.5174918
4694 14 3.0533223
4694 21 3.175865
4694 57 1.961607
4698 6 2.556301
4698 12 3.2069187
4698 15 2.5069487
4698 21 2.662215
4698 61 2.0567675
4704 2 2.998995
4704 5 2.9872508
4704 6 2.8626933
4704 13 2.4547362
4704 88 1.6913424
4705 3 3.607267
4705 13 2.2501233
4705 14 2.9371674
4705 30 2.5726717
4705 48 3.5837243
4707 2 3.0004656
4707 6 2.792466
4707 11 3.3224742
4707 17 2.6028836
4707 32 2.9779124
4713 8 2.8732743
4713 12 3.0904698
4713 17 2.1211972
4713 33 2.1204696
4713 62 3.3260012
4715 3 3.2185876
4715 23 3.089259
4715 24 2.2142885
4715 34 2.191901
4715 48 3.184133
4721 2 3.5027394
4721 9 3.8856664
4721 10 3.7641053
4721 15 3.1528988
4721 20 3.9149418
4723 2 3.1835277
4723 10 3.362542
4723 14 3.3428438
4723 17 2.3138332
4723 32 3.0228288
4727 1 3.3725028
4727 3 3.3780866
4727 4 3.1396513
4727 8 2.9704916
4727 23 3.1928287
4732 1 3.3233097
4732 4 2.9634254
4732 9 3.6263833
4732 19 2.4758427
4732 64 2.3698394
4736 1 3.1068907
4736 7 3.0537596
4736 8 2.8963356
4736 13 2.765696
4736 24 2.2701113
4739 1 3.3001556
4739 8 2.8933008
4739 11 3.5590494
4739 18 2.0763097
4739 26 2.807754
4740 3 3.335658
4740 13 2.7162173
4740 14 3.1032314
4740 18 1.8585389
4740 43 2.276401
4743 1 2.9543462
4743 11 2.9909472
4743 15 2.6103568
4743 22 2.743303
4743 65 2.029401
4747 1 3.062816
4747 7 2.9258497
4747 8 2.6855443
4747 13 2.154138
4747 18 1.8513479
4749 3 3.5891829
4749 7 3.194823
4749 8 2.96016
4749 18 2.491132
4749 39 2.6728683
4752 1 2.6619308
4752 6 1.920557
4752 15 1.5325917
4752 22 2.0192063
4752 53 1.3080683
4754 2 2.887405
4754 4 2.9033256
4754 5 2.6781719
4754 16 3.3789585
4754 48 3.2920923
4755 2 3.113975
4755 8 2.9853268
4755 26 2.7069302
4755 28 2.6114686
4755 45 2.5634155
4759 4 2.9579067
4759 9 3.718559
4759 15 3.0242963
4759 18 2.3034813
4759 46 2.6732116
4772 1 3.3557851
4772 6 2.5868163
4772 8 3.2612746
4772 23 3.3186665
4772 58 2.9013267
4777 5 1.813245
4777 11 2.9117384
4777 13 1.870284
4777 18 1.6372914
4777 31 1.8314801
4779 1 3.6953382
4779 8 3.336822
4779 13 2.8908703
4779 38 3.8676028
4779 60 2.367057
4782 1 3.737741
4782 19 2.4071958
4782 28 3.3211148
4782 37 2.951358
4782 78 1.7824953
4784 1 3.1188216
4784 14 3.4939249
4784 16 3.3639812
4784 30 2.3766327
4784 43 2.0723667
4787 1 3.3444023
4787 10 3.331618
4787 13 2.7398648
4787 17 2.3607287
4787 43 2.102672
4793 4 2.5817413
4793 8 2.791832
4793 9 3.410061
4793 16 3.1805885
4793 41 2.0698993
4798 1 3.5777059
4798 15 2.8707345
4798 27 3.342409
4798 48 3.5909448
4798 66 2.9694629
4804 1 2.8102572
4804 4 2.7824545
4804 5 2.1390016
4804 15 2.0978208
4804 39 1.933901
4816 1 2.5276916
4816 9 2.8818157
4816 15 2.3958967
4816 19 1.7316775
4816 57 1.1572753
4825 2 3.053918
4825 13 2.1120727
4825 21 3.087368
4825 38 3.5433114
4825 66 2.3441477
4831 1 3.150409
4831 5 2.5500026
4831 6 2.8224468
4831 17 2.5010264
4831 24 2.4327059
4840 5 2.3195562
4840 10 3.57313
4840 15 2.6267426
4840 29 2.1853185
4840 70 2.2762213
4848 3 3.6826882
4848 5 3.1235747
4848 6 3.164272
4848 15 3.0963678
4848 36 2.2366192
4852 2 3.3612866
4852 10 3.5769563
4852 12 3.4612179
4852 19 2.7095318
4852 66 2.9782968
4858 5 2.6242507
4858 13 2.4457974
4858 14 2.9235592
4858 42 3.0776894
4858 69 2.5616891
4860 4 2.977501
4860 9 3.334866
4860 14 2.6261683
4860 22 2.633419
4860 68 2.477077
4864 6 2.4559371
4864 10 3.153538
4864 13 1.9675387
4864 16 2.8026783
4864 28 2.868842
4867 2 3.5561178
4867 9 3.9390445
4867 14 3.483263
4867 16 3.6768155
4867 49 2.9983194
4868 1 3.2177064
4868 8 2.942378
4868 15 2.765904
4868 24 2.6429858
4868 70 1.6289362
4881 1 3.3758628
4881 10 3.5685492
4881 15 2.9628382
4881 27 3.438652
4881 61 2.6488166
4884 2 2.7114465
4884 8 2.436154
4884 9 3.288704
4884 13 1.8981596
4884 31 1.744048
4887 3 3.5003939
4887 7 2.8280878
4887 12 2.8683085
4887 41 2.145654
4887 56 1.993242
4903 5 2.4196253
4903 13 1.9523257
4903 15 2.5096314
4903 19 2.2374885
4903 29 1.7570493
4908 3 3.3877501
4908 10 3.5633135
4908 13 2.430145
4908 24 2.2392995
4908 42 3.2857974
4909 1 3.0630064
4909 5 2.3920517
4909 13 2.2934656
4909 19 2.325506
4909 38 3.48346
4913 1 3.4120011
4913 5 2.932398
4913 9 3.7386107
4913 27 3.4690955
4913 51 2.8305678
4917 1 3.6228597
4917 5 2.9996405
4917 6 3.03249
4917 15 2.885358
4917 56 1.971278
4919 5 2.4507234
4919 17 2.1556654
4919 22 2.7562969
4919 34 1.8357995
4919 56 2.2446442
4921 2 2.9119573
4921 12 2.981721
4921 15 2.6627812
4921 21 2.8836749
4921 62 3.4330716
4923 1 3.0234025
4923 9 3.0803413
4923 12 2.9365575
4923 18 1.607929
4923 32 2.6051495
4936 3 3.3892243
4936 11 2.6962426
4936 12 2.737662
4936 22 2.6059906
4936 78 1.5737394
4946 5 2.2221158
4946 18 1.8330104
4946 30 2.1590936
4946 42 3.0209875
4946 70 1.6891447
4948 12 3.1127248
4948 16 3.2728686
4948 18 2.2939835
4948 22 3.0241199
4948 36 2.479028
4959 3 3.3425887
4959 9 3.4070632
4959 19 2.039889
4959 24 2.1301658
4959 47 2.2666311
4960 2 2.8756611
4960 6 2.5760727
4960 14 3.1078792
4960 21 3.1787033
4960 31 2.3192647
4962 2 3.6012125
4962 16 3.3572829
4962 17 2.305388
4962 29 2.0047874
4962 56 2.1700566
4967 1 3.714818
4967 10 3.700272
4967 15 3.2848146
4967 36 3.0854905
4967 54 3.4966264
4976 4 2.273088
4976 9 3.319316
4976 11 2.592641
4976 15 1.9891094
4976 38 3.1797032
4978 1 3.1050973
4978 12 3.0659
4978 18 2.3166118
4978 37 2.9054
4978 61 2.288588
4983 1 2.9866643
4983 8 2.7535722
4983 12 3.2705555
4983 14 2.9760466
4983 27 3.053816
4985 1 2.8000576
4985 10 2.9718425
4985 12 2.702358
4985 19 1.8379287
4985 49 1.8355801
4990 4 2.5966303
4990 9 3.1569643
4990 10 3.1367717
4990 16 3.0552144
4990 77 2.4213712
4992 3 3.3830636
4992 8 2.6115491
4992 12 3.1127453
4992 24 2.3616223
4992 33 2.104025
4996 4 3.1340718
4996 9 3.7620144
4996 14 3.14247
4996 18 2.1190498
4996 32 2.8482018
