11 1 3.8259077
11 6 4.1424723
11 7 4.966911
11 9 4.2104774
11 65 5.0
31 10 3.0676908
31 14 1.533247
31 17 1.4015864
31 19 1.0
31 31 1.4240124
34 2 3.5663073
34 12 3.5874858
34 22 3.3787694
34 28 3.3662813
34 42 3.6023526
35 2 4.0488434
35 9 4.5255346
35 10 3.619571
35 22 4.0169187
35 32 3.8884473
39 1 2.4142725
39 12 3.6409805
39 21 3.9151347
39 25 2.532483
39 52 2.11258
44 3 1.5106093
44 16 1.8901258
44 17 1.0
44 20 2.2527666
44 56 2.2981424
48 1 2.0778668
48 6 1.9123427
48 8 1.0
48 18 1.6067753
48 50 1.0
56 3 3.3892055
56 15 2.426424
56 17 1.9248419
56 25 2.12746
56 33 3.1046596
57 2 4.48851
57 12 4.203765
57 17 3.6692615
57 31 4.0056567
57 59 3.7750301
63 6 2.0591984
63 10 3.025307
63 11 2.3550344
63 21 2.4325933
63 37 3.6393995
64 1 1.0
64 9 3.2891862
64 11 2.6471128
64 17 1.5901026
64 52 2.178077
68 1 4.2905188
68 6 3.7266643
68 7 3.4857008
68 13 3.1850934
68 46 3.2036214
70 3 3.8941765
70 9 4.342978
70 13 2.73623
70 17 2.6708162
70 39 3.010959
71 2 3.1312797
71 11 3.5112913
71 13 2.6607258
71 17 2.757441
71 48 3.9745708
81 1 4.27349
81 7 2.8614163
81 9 3.0845253
81 23 4.160234
81 50 1.0
94 1 2.657345
94 7 3.2054746
94 8 2.8487635
94 25 3.2688243
94 45 3.646396
100 4 2.4915698
100 12 2.5722892
100 17 1.659392
100 21 2.5995562
100 32 2.2384055
117 1 3.3502712
117 6 2.7936835
117 7 2.554971
117 20 3.1762443
117 82 2.0242531
119 1 4.103813
119 6 3.5799963
119 12 3.463201
119 25 3.0139763
119 47 2.6270733
129 5 1.5171208
129 7 3.1620672
129 11 3.1052682
129 19 2.2203324
129 45 3.3581018
131 1 3.9587874
131 11 3.409092
131 12 3.4414933
131 19 2.4878526
131 49 3.8176353
133 6 3.2699292
133 13 2.825866
133 16 3.2542012
133 19 2.4950526
133 40 2.7960734
136 1 4.02456
136 15 3.3643634
136 20 4.6547303
136 46 1.0
136 83 3.0007613
148 4 2.2291925
148 7 2.4573746
148 8 1.7001275
148 29 1.6405412
148 75 1.9701594
150 1 3.0639474
150 5 3.1419659
150 7 3.910992
150 22 3.4583893
150 78 2.9792526
156 1 2.5777977
156 7 2.1239293
156 10 2.2011676
156 39 2.0740721
156 56 3.260869
159 6 1.0
159 11 1.0
159 12 2.043508
159 19 1.6213628
159 40 1.0
161 2 3.0429955
161 9 4.4478683
161 10 3.2232993
161 22 2.927857
161 31 2.7860122
172 1 2.5130322
172 13 2.5315604
172 18 2.0813875
172 22 3.5419421
172 53 2.249795
174 2 2.7056887
174 7 3.8397987
174 11 2.8593476
174 22 2.344399
174 59 3.8678255
176 1 2.5401516
176 17 1.4005617
176 20 2.4486947
176 28 2.1200936
176 69 1.9677215
181 1 3.5397208
181 9 4.6591983
181 12 3.7075744
181 16 4.5880284
181 39 2.22062
184 6 4.392556
184 10 4.721697
184 11 4.3876634
184 21 5.0
184 61 2.9320402
185 2 3.6394556
185 9 3.903127
185 22 4.0657673
185 27 3.377001
185 52 2.876202
194 5 1.8565705
194 21 2.642944
194 25 1.0
194 34 1.3839438
194 50 1.3586819
196 6 2.3170996
196 11 2.8184657
196 12 2.482481
196 21 2.4110746
196 48 2.866771
199 4 2.2742586
199 17 1.9867785
199 19 2.0326567
199 24 1.9775312
199 53 1.9995611
204 4 3.1864192
204 12 2.8606966
204 13 2.321542
204 28 2.6535919
204 49 2.1888552
207 4 4.1935234
207 7 4.183661
207 11 4.1289854
207 31 3.5429575
207 79 3.0563002
208 1 4.323965
208 7 2.7516165
208 9 3.3356972
208 15 2.9073
208 49 2.4218435
210 9 2.5698411
210 12 2.521405
210 20 2.4991102
210 23 2.4556184
210 46 1.9614394
211 2 4.0666113
211 19 3.5315175
211 21 4.211766
211 32 3.8504968
211 65 3.16007
216 1 3.6233988
216 19 1.6994879
216 22 2.1635373
216 35 1.9896281
216 69 2.7424085
220 3 3.5533242
220 11 3.0280292
220 16 3.83258
220 22 2.6533463
220 47 1.0
225 1 3.5392876
225 6 3.0619652
225 14 2.8300793
225 26 3.0115223
225 37 2.939603
230 1 1.0
230 17 1.3265785
230 20 2.2844462
230 29 1.4164572
230 55 1.6605802
231 1 3.6315417
231 6 3.2125409
231 8 3.4111495
231 17 2.8240073
231 88 3.6896305
232 1 4.042281
232 11 3.2953475
232 12 3.5607152
232 26 3.308136
232 48 3.802927
241 4 3.4411821
241 8 3.1113257
241 10 3.4819264
241 16 3.3674934
241 49 2.8018188
243 1 3.0345283
243 8 2.3735034
243 11 2.8992264
243 23 3.0211654
243 80 4.518781
246 1 2.3032165
246 11 2.502266
246 14 3.1087584
246 26 3.021513
246 32 3.2348838
253 1 3.4575338
253 6 2.9285038
253 16 3.8297434
253 26 3.1555965
253 42 3.2666485
254 6 1.8908474
254 12 2.8866563
254 14 3.0283537
254 24 1.4028871
254 55 2.1908026
258 4 3.2282853
258 11 3.2725623
258 17 2.6047392
258 20 3.4535325
258 52 2.3094175
270 2 1.0
270 6 2.6703
270 7 1.0
270 13 1.6924071
270 42 2.564507
288 3 3.9129517
288 16 3.3838415
288 18 1.0
288 26 3.3300917
288 72 2.0519059
296 2 1.0
296 7 1.0
296 12 1.0
296 26 1.0
296 94 1.0
304 1 4.573861
304 8 2.6266463
304 11 2.4737318
304 21 3.2432308
304 41 1.0
308 5 1.0432154
308 10 2.815226
308 12 2.7742958
308 29 4.4181085
308 41 2.527872
309 7 3.5702837
309 11 3.2900043
309 19 3.2609024
309 50 2.7936578
309 65 2.9356754
313 3 3.6001487
313 15 3.3088713
313 25 2.818152
313 27 3.662741
313 59 3.3566806
314 1 1.0867101
314 4 1.5086612
314 6 1.0
314 20 1.8042883
314 46 1.0
323 5 2.3922622
323 11 3.2373457
323 12 3.7230077
323 23 3.5893607
323 55 2.761975
330 1 2.7851133
330 5 2.3427505
330 10 2.866524
330 18 1.8319699
330 36 1.7065094
331 3 3.6841784
331 7 1.6229433
331 12 1.6637613
331 23 2.2688525
331 56 1.0
334 1 3.4034421
334 6 2.7295682
334 7 3.0408604
334 36 2.0132608
334 63 2.6955907
336 1 3.4720192
336 7 4.4232183
336 11 3.5927305
336 22 3.5104134
336 51 3.1151867
338 2 3.109054
338 11 3.2842605
338 12 3.1636
338 22 2.9140658
338 79 2.423166
339 4 3.3401244
339 15 3.2180731
339 21 3.9429834
339 34 2.8824208
339 55 3.3317506
350 4 3.2274196
350 11 3.2621129
350 12 2.8926227
350 17 2.8387666
350 34 2.4344287
353 2 3.8436742
353 15 3.7159777
353 24 3.3190312
353 38 4.363443
353 51 3.4973712
355 1 3.2439795
355 5 2.8662603
355 6 2.768828
355 22 3.0105574
355 52 2.5992439
356 1 3.6405802
356 13 2.8810468
356 14 3.8693466
356 32 4.1145544
356 75 3.4030175
365 3 2.9261353
365 12 2.952645
365 13 2.8256114
365 24 2.4412699
365 41 1.0
366 1 2.4706833
366 6 2.171147
366 8 3.5707624
366 16 3.1822119
366 73 1.7467122
368 6 2.56421
368 15 5.0
368 16 3.4450011
368 35 2.8663058
368 69 5.0
387 2 2.5283284
387 14 2.4050453
387 16 2.4426126
387 20 2.3145752
387 33 2.0784228
388 1 2.5373826
388 4 2.2745645
388 5 1.9074001
388 13 1.8112874
388 34 1.6520851
392 3 4.817693
392 21 4.2876997
392 30 2.8082035
392 33 3.8067737
392 90 3.8250346
404 2 4.1311746
404 7 4.0587354
404 12 4.1467705
404 18 3.279562
404 65 3.2168398
407 2 2.5905669
407 4 2.8993084
407 12 3.1025257
407 21 2.9263234
407 52 1.0
408 3 3.4491997
408 8 1.8757141
408 12 2.6628537
408 18 1.02563
408 55 2.340788
417 1 3.7496786
417 4 3.7139797
417 12 3.9091394
417 18 2.9652152
417 35 3.5378814
420 5 1.0
420 18 1.0
420 23 1.0
420 29 1.0
420 43 1.0
421 2 3.2656503
421 4 2.6690571
421 5 3.0800183
421 8 3.14406
421 38 3.8770025
424 3 2.8927252
424 17 1.3342702
424 19 1.6476915
424 35 1.205501
424 80 3.0215044
425 2 3.9516563
425 6 3.0215378
425 7 3.7116733
425 12 3.588742
425 28 3.4514785
442 6 3.385578
442 9 3.4626696
442 26 1.6592468
442 54 2.705075
442 81 1.8113307
444 1 3.4238393
444 10 3.586451
444 12 3.5595703
444 25 2.782248
444 53 2.7447414
445 7 1.755456
445 11 1.0
445 12 1.6732316
445 16 1.9286199
445 78 1.0
451 10 3.4614482
451 19 2.625612
451 22 2.9911208
451 30 1.1007302
451 59 2.4540153
460 3 4.1520743
460 13 3.7779396
460 14 3.9859438
460 22 3.8597572
460 49 4.624492
463 4 4.6856117
463 9 4.8071947
463 11 4.5301113
463 14 5.0
463 30 1.0
464 1 3.6743762
464 4 3.366116
464 9 4.311017
464 28 3.74006
464 34 3.212177
465 5 2.9801402
465 12 3.8712778
465 14 3.529735
465 26 3.7188523
465 46 3.8061805
466 1 3.461774
466 5 2.6260786
466 9 3.7109997
466 13 2.5295784
466 24 2.4333556
476 4 3.4038055
476 13 2.7032635
476 16 3.6817474
476 21 3.5807772
476 46 3.4731853
478 6 2.2218556
478 10 2.5627506
478 21 3.2199988
478 43 1.4868615
478 70 2.38679
482 5 3.060209
482 9 3.922697
482 10 4.1218977
482 15 3.1961584
482 31 3.3052855
485 9 4.801239
485 12 3.789415
485 13 3.1441462
485 18 3.0062919
485 60 2.8749824
487 2 2.7085304
487 9 3.0069022
487 14 2.5927148
487 22 2.2548723
487 42 2.308133
490 3 1.304295
490 13 1.0
490 17 1.0
490 33 1.0
490 50 1.0
494 3 3.9687698
494 7 3.00029
494 9 4.0309114
494 19 1.7338169
494 64 1.7249899
496 4 2.3320498
496 17 1.3854629
496 18 1.0
496 26 1.5356467
496 44 2.146142
499 1 3.792048
499 9 1.0
499 11 2.6206634
499 18 1.18205
499 25 1.1581297
507 5 3.407424
507 16 3.9098325
507 17 2.755309
507 27 3.7616687
507 61 5.0
508 1 3.6879473
508 4 3.7494183
508 13 3.08735
508 17 3.0540657
508 48 1.5157692
510 2 2.6495168
510 9 2.9959903
510 10 2.6586041
510 18 1.0
510 35 2.4066508
514 1 3.936902
514 4 3.3126268
514 5 3.3587642
514 21 3.4677575
514 50 2.4654877
519 4 1.9721382
519 8 1.7467614
519 11 1.8821812
519 16 2.5759
519 45 1.0
530 8 2.3085277
530 12 2.934322
530 14 2.2251449
530 22 2.3413136
530 63 1.9291158
534 1 4.061659
534 13 2.8733945
534 14 2.7992392
534 25 2.7864313
534 49 3.6115994
550 4 4.290963
550 8 4.0233135
550 15 3.8488407
550 22 3.9188693
550 51 4.0657096
555 4 3.9539444
555 10 4.08563
555 17 3.5749006
555 24 2.3159006
555 41 2.5069246
564 2 3.6776936
564 8 3.1237118
564 9 4.0713053
564 28 3.653198
564 93 2.9944537
565 9 1.4864696
565 16 1.0
565 18 1.0
565 31 1.0
565 45 1.0
568 2 3.3456428
568 6 3.5424922
568 9 4.1602507
568 27 3.9411602
568 37 3.2946637
581 8 4.6890874
581 17 3.8437095
581 22 4.086134
581 30 5.0
581 46 3.659914
587 3 3.1820726
587 11 2.977547
587 19 1.0
587 28 1.8692731
587 38 3.1451871
595 2 2.1837723
595 5 3.9609966
595 7 5.0
595 11 3.0473878
595 35 2.973693
603 10 3.9881945
603 24 2.805867
603 31 3.3393445
603 39 2.3848376
603 50 2.5793047
607 4 3.5229905
607 10 3.721972
607 12 3.4721937
607 38 3.7430825
607 75 2.8977256
610 4 1.3792218
610 10 1.8402075
610 11 1.8194232
610 17 1.2350848
610 41 1.710117
619 1 3.8505278
619 8 3.2428226
619 11 3.6570911
619 15 3.0876367
619 43 2.261385
622 1 5.0
622 13 3.6300964
622 27 3.192185
622 40 3.0736816
622 74 4.4379425
625 2 3.8512468
625 4 3.7450538
625 9 4.306346
625 16 3.984369
625 27 3.9289238
626 6 1.368331
626 17 1.119513
626 18 1.0
626 34 1.0
626 72 1.141777
637 7 2.6671321
637 10 3.3979406
637 13 2.2814448
637 17 2.4477642
637 40 2.8373399
638 5 3.5563185
638 10 4.54575
638 15 3.694492
638 25 3.4119453
638 47 4.297831
640 1 3.316073
640 4 3.0139594
640 6 2.9618275
640 16 3.1117918
640 31 2.7377644
648 2 3.1336277
648 7 3.1392183
648 9 3.43986
648 26 3.2354848
648 29 2.1046672
660 2 2.7660222
660 17 1.9823297
660 18 1.0
660 30 2.8699749
660 42 2.3067482
661 4 3.0819492
661 11 3.245054
661 15 2.896826
661 30 2.716725
661 60 2.0223374
663 1 2.8095763
663 10 3.747953
663 11 3.3251443
663 13 2.9173636
663 36 1.8771262
668 12 4.093779
668 19 3.3799508
668 20 4.4852095
668 24 3.4213698
668 49 2.5387433
685 5 2.7570415
685 7 3.3697872
685 10 4.150266
685 17 3.3645349
685 51 3.1495047
690 1 5.0
690 10 3.441483
690 14 1.0
690 28 1.3222809
690 84 1.0
691 1 3.568877
691 8 3.547654
691 11 3.6808016
691 27 3.607535
691 50 2.7474856
694 1 2.8628511
694 8 1.0
694 9 2.9084947
694 31 2.1254542
694 54 1.0
701 6 1.566655
701 22 1.5156796
701 24 1.0
701 31 1.0
701 41 1.0
703 1 4.394404
703 5 3.4987276
703 10 4.082466
703 18 2.7123818
703 63 3.8296528
706 2 1.58301
706 5 1.0
706 11 1.4028832
706 17 1.0
706 31 1.0
730 1 3.5077305
730 7 4.927711
730 14 2.7264085
730 26 2.803437
730 45 2.946902
731 2 3.7478883
731 5 3.227103
731 16 3.6833606
731 28 3.3116934
731 63 3.1623461
732 3 3.119299
732 14 2.6288505
732 16 2.7815359
732 22 2.5512152
732 74 2.5868
734 6 1.163559
734 13 1.4857612
734 17 1.0714573
734 22 2.0513108
734 79 1.5026677
736 2 3.338261
736 10 4.1627326
736 16 3.7787886
736 29 2.722949
736 58 3.7093997
744 3 1.2885607
744 7 1.895343
744 12 1.7809892
744 25 1.0
744 68 2.2679853
745 5 3.3093555
745 8 5.0
745 10 3.9056797
745 16 3.6913824
745 33 3.02691
746 2 3.512896
746 11 2.192166
746 13 2.2646878
746 35 2.5718887
746 45 2.9385948
751 5 3.2597184
751 15 3.5288959
751 18 2.7555149
751 23 4.0907917
751 40 3.4442344
757 12 4.015012
757 19 3.7870648
757 25 3.5257723
757 29 3.443454
757 68 2.9761364
758 3 2.2739682
758 10 2.090267
758 12 2.0654407
758 14 1.8636414
758 70 1.2209241
761 3 2.957024
761 8 3.7424836
761 12 3.3236256
761 15 3.2159677
761 65 2.30631
763 3 4.5132475
763 9 4.2584753
763 13 2.5333118
763 22 3.5093026
763 46 1.1339254
766 6 2.2813847
766 10 2.538651
766 18 1.3445101
766 25 1.5506773
766 52 1.5376415
773 1 3.5763404
773 3 3.669249
773 10 3.8512938
773 31 2.8614557
773 42 3.5774562
776 1 3.9841533
776 6 3.5577426
776 8 4.598377
776 13 3.053505
776 55 3.6631694
777 1 4.085281
777 4 3.2272143
777 8 1.6116123
777 16 3.5152612
777 29 2.5903234
785 8 2.4127686
785 15 2.4022095
785 18 1.6978135
785 26 2.2479718
785 45 2.4403958
790 10 3.8171062
790 13 2.8060539
790 16 3.527432
790 25 2.6275194
790 35 2.9696403
800 4 2.9123247
800 6 1.9517698
800 10 3.7323685
800 16 3.0647857
800 38 5.0
807 1 5.0
807 4 2.2614667
807 5 1.0
807 24 1.0
807 35 1.0
808 2 3.4693277
808 11 3.634451
808 12 3.4618835
808 19 2.6431124
808 28 3.2506754
814 1 2.838406
814 9 2.9870234
814 15 2.2422652
814 21 2.507788
814 33 1.1967039
818 6 2.7939541
818 12 3.5190234
818 13 2.8992462
818 17 1.2975217
818 53 1.6964085
822 3 2.2196035
822 12 2.44649
822 13 1.6289058
822 26 1.5712909
822 45 1.7971234
823 3 1.0
823 6 5.0
823 7 3.3798218
823 10 4.0615926
823 18 2.80697
829 16 3.828535
829 19 3.0596933
829 22 3.3300455
829 24 3.064991
829 33 3.0271664
833 2 4.0475397
833 19 3.3800232
833 24 3.386659
833 29 3.2283547
833 54 4.0093646
843 7 3.608855
843 14 3.6713226
843 15 3.6127923
843 22 3.666868
843 76 4.7466755
845 5 1.9019735
845 12 2.507895
845 14 3.332895
845 17 1.0
845 30 5.0
852 2 3.6736853
852 8 3.79677
852 10 4.112029
852 15 3.3374083
852 46 5.0
853 3 5.0
853 9 2.3015978
853 17 1.6829917
853 28 1.0
853 47 1.6696236
859 2 2.839699
859 5 2.9086585
859 10 3.7126877
859 38 3.6168172
859 67 2.2005174
862 4 1.0
862 15 1.0
862 19 1.0
862 28 1.0
862 47 1.0
866 2 2.2574806
866 6 3.3723392
866 11 2.0142007
866 24 1.9495478
866 42 1.9075311
868 2 3.7269475
868 9 3.8348224
868 12 3.4997709
868 23 3.5524702
868 46 2.719265
873 18 2.1239629
873 20 3.4177284
873 27 3.0278366
873 31 2.2721272
873 43 2.1411889
879 1 3.0142431
879 9 4.570636
879 10 3.326099
879 18 2.2413793
879 92 1.4017521
880 5 3.8548303
880 11 4.2167683
880 14 3.8879383
880 25 3.527271
880 44 5.0
886 3 3.8622336
886 6 3.5926018
886 9 3.808728
886 17 3.0115588
886 40 2.6225495
889 2 1.5989377
889 12 1.7164831
889 18 1.0
889 24 1.0
889 88 1.0
893 7 1.0
893 12 1.14982
893 15 1.0
893 40 1.0
893 62 1.4265482
898 3 3.323449
898 7 3.167315
898 16 4.198312
898 21 3.6166606
898 28 3.4627168
903 5 1.616124
903 16 1.7321358
903 19 1.3869207
903 22 1.4868081
903 43 1.1470774
904 7 3.4391482
904 12 3.3978138
904 19 2.5133321
904 31 2.852697
904 48 5.0
908 4 1.7255825
908 11 2.7877038
908 12 2.787261
908 27 1.8549705
908 54 3.828897
910 1 1.7042547
910 5 1.0
910 14 1.728998
910 19 1.0
910 47 1.1335979
922 7 2.8508365
922 15 2.6672087
922 24 2.3775487
922 31 2.4120336
922 64 2.3268673
925 2 2.3944674
925 4 2.1728282
925 8 4.043778
925 11 3.2148185
925 34 1.5145247
926 6 2.7352998
926 17 2.2972221
926 18 1.8104134
926 25 2.1532226
926 48 3.1832862
932 4 1.5584083
932 10 1.6437595
932 16 1.6576974
932 20 1.2837955
932 53 1.0
946 5 4.936726
946 9 5.0
946 29 2.0473368
946 48 2.5923963
946 74 4.032537
947 7 3.8127356
947 9 4.1826324
947 17 2.1898081
947 20 5.0
947 47 3.2167304
950 2 4.4534426
950 14 4.494651
950 18 3.228891
950 30 3.8208914
950 51 3.3334808
961 3 2.6357274
961 8 1.2789394
961 12 2.354363
961 20 2.3702033
961 28 2.193368
965 3 2.0344577
965 11 2.7783856
965 18 1.6073568
965 34 2.0927975
965 61 1.2615321
969 2 3.0217404
969 6 2.029448
969 8 3.2774458
969 12 2.6313548
969 30 1.4654026
970 8 4.4304013
970 11 2.6818697
970 13 2.694381
970 16 3.5236406
970 53 3.1028135
971 3 3.5771842
971 15 2.6956902
971 25 1.9178678
971 27 3.3138945
971 48 1.7137401
973 6 3.3008575
973 12 3.4482763
973 14 2.6212728
973 19 2.3025336
973 58 2.9720373
985 2 3.21519
985 4 3.3414216
985 11 3.225245
985 28 3.3280742
985 48 3.0834384
986 3 4.5861034
986 13 3.0616243
986 17 3.152657
986 28 3.4054923
986 70 2.5601363
988 3 2.0693724
988 12 1.9107461
988 15 1.9316076
988 18 1.0
988 53 1.3054174
992 1 3.327577
992 7 2.0795126
992 14 2.535986
992 33 2.1972325
992 41 1.0
994 2 3.3734336
994 12 3.3826475
994 18 2.2219694
994 24 2.5659022
994 36 2.469474
998 1 3.701546
998 6 3.7010922
998 13 2.1796172
998 43 2.8526313
998 75 2.7342858
999 1 4.2360992
999 6 3.7980497
999 7 3.9066603
999 14 3.6633153
999 72 3.9404302
1001 2 1.9166633
1001 8 1.0
1001 9 2.403158
1001 18 1.0
1001 52 1.0
1002 2 2.70119
1002 7 2.757153
1002 21 2.9252713
1002 24 2.9591494
1002 57 1.8514746
1012 7 2.6796627
1012 11 2.4560726
1012 12 2.5550332
1012 20 3.1342185
1012 43 1.5775545
1016 1 4.195563
1016 6 3.793178
1016 7 1.6945429
1016 15 1.4949347
1016 76 1.5334107
1018 3 3.4648526
1018 7 3.0588605
1018 8 2.8873353
1018 18 2.1310692
1018 32 2.1964266
1024 5 1.0
1024 8 1.0
1024 11 1.0
1024 19 1.0
1024 61 1.0
1029 7 3.5969055
1029 16 3.6885986
1029 19 2.9927034
1029 32 3.3283677
1029 55 1.7165582
1035 2 2.5089521
1035 6 4.3805547
1035 8 2.1519303
1035 16 3.1249936
1035 42 2.2057414
1046 2 3.115942
1046 4 3.6335258
1046 18 1.3732041
1046 40 2.0137296
1046 76 1.0642353
1047 3 3.8229115
1047 10 4.0771027
1047 11 3.690775
1047 22 3.1065528
1047 62 4.0027733
1050 7 4.3463845
1050 11 4.062893
1050 19 3.2813032
1050 21 4.488418
1050 56 3.4852016
1051 9 4.4195037
1051 20 4.308944
1051 22 4.1436367
1051 29 2.873154
1051 35 3.7119212
1052 1 3.6045394
1052 6 2.9943392
1052 9 4.02944
1052 20 4.1708484
1052 33 3.066426
1053 2 2.0808845
1053 8 1.4450874
1053 10 2.0955713
1053 26 1.745286
1053 40 1.1628896
1061 1 1.6175579
1061 13 1.9269938
1061 23 1.4986126
1061 33 3.0966573
1061 63 3.7193053
1062 1 1.581845
1062 19 2.9307556
1062 20 4.6527314
1062 42 1.0179355
1062 70 1.2937739
1065 5 2.8731072
1065 19 2.8221276
1065 21 3.2985377
1065 25 2.3038223
1065 37 2.6458893
1068 3 4.4426556
1068 11 4.4870768
1068 12 4.3039694
1068 19 3.5694232
1068 47 3.937568
1069 1 3.2265148
1069 6 2.6743546
1069 9 3.7676795
1069 23 3.322361
1069 50 2.187097
1073 1 3.726098
1073 7 3.1179113
1073 20 2.767261
1073 32 2.1685057
1073 65 1.7341706
1074 4 2.9212303
1074 12 3.1206493
1074 13 2.4048371
1074 30 2.8666928
1074 41 2.113074
1077 1 4.022245
1077 7 2.947562
1077 15 2.4804883
1077 19 1.6745453
1077 34 1.8492713
1081 4 2.95263
1081 15 3.292598
1081 16 3.6864944
1081 25 3.0015612
1081 78 2.5563893
1098 1 3.9490287
1098 4 3.7619057
1098 5 3.4876888
1098 11 3.9301667
1098 42 3.9372814
1104 2 3.6382198
1104 10 3.4630625
1104 16 3.6476636
1104 23 3.1850352
1104 46 2.9245653
1105 2 1.6997706
1105 7 1.2005428
1105 16 1.5175492
1105 23 1.3136425
1105 49 1.0
1115 4 1.7439468
1115 7 1.7711477
1115 9 2.458121
1115 16 2.2387545
1115 40 1.0986679
1118 2 2.8080888
1118 5 2.8755786
1118 7 3.4840748
1118 14 3.2871983
1118 36 3.1204872
1119 3 3.9680178
1119 29 2.8794422
1119 33 3.2445135
1119 41 1.2698429
1119 93 1.6742191
1122 6 1.4329765
1122 10 1.8239003
1122 12 2.348184
1122 18 1.0
1122 38 3.2062683
1123 2 2.415355
1123 9 2.379551
1123 11 2.4205642
1123 25 1.7627082
1123 59 1.32574
1127 1 3.4668493
1127 8 2.8749497
1127 9 3.8568344
1127 18 2.3827782
1127 40 3.005557
1134 2 3.1503167
1134 6 1.0
1134 8 2.1657712
1134 24 1.970025
1134 29 1.0
1138 2 4.218481
1138 10 3.8407602
1138 11 3.458861
1138 17 2.8971007
1138 41 1.8630956
1139 2 2.2081141
1139 11 1.4452529
1139 14 1.0
1139 28 1.0
1139 41 2.8889747
1140 9 3.8152044
1140 15 3.5350564
1140 20 3.8823059
1140 23 4.3345504
1140 28 3.7562358
1142 2 3.0612352
1142 9 3.2886565
1142 10 3.2792552
1142 16 3.0567036
1142 62 3.0681949
1148 3 4.749051
1148 7 4.389095
1148 8 4.1515627
1148 31 3.9253285
1148 72 4.0261445
1152 3 5.0
1152 10 3.0019665
1152 18 2.0501432
1152 24 3.416385
1152 55 1.7965553
1153 1 4.2333317
1153 6 3.748929
1153 8 2.4162474
1153 21 3.3866343
1153 46 2.8121696
1159 6 2.746447
1159 18 1.5993268
1159 20 3.2682037
1159 24 2.290644
1159 47 2.4004364
1160 3 4.4593697
1160 5 1.5331657
1160 9 3.1961389
1160 19 1.4252874
1160 57 1.0
1168 3 3.3619025
1168 18 2.5385778
1168 20 3.7729964
1168 29 2.7966826
1168 60 2.5352902
1169 2 1.0
1169 7 1.0
1169 13 1.7361274
1169 18 1.0421925
1169 66 1.6244729
1170 3 4.1774035
1170 7 3.3576608
1170 8 3.9561086
1170 26 3.5779617
1170 54 3.4935615
1171 3 2.3406434
1171 7 1.5762022
1171 9 2.3443093
1171 25 1.2132436
1171 43 1.253543
1181 1 1.4751902
1181 6 2.2876418
1181 9 3.815698
1181 14 3.3362422
1181 44 3.2548156
1183 6 2.6456406
1183 13 2.3811018
1183 14 3.1295104
1183 18 1.8076259
1183 45 3.1441588
1184 5 2.194471
1184 8 2.469965
1184 10 2.6724076
1184 30 1.0
1184 60 1.6774544
1187 1 3.5017376
1187 14 2.2470112
1187 15 2.7076466
1187 22 2.6746635
1187 83 1.9891001
1190 2 3.9843695
1190 16 3.8133793
1190 18 3.1786466
1190 22 3.721207
1190 43 3.143303
1192 5 2.6967993
1192 14 2.9718935
1192 16 3.1806931
1192 26 3.917603
1192 74 2.4264333
1201 2 1.5852003
1201 5 1.0
1201 8 1.0
1201 13 1.0
1201 22 1.1649525
1208 3 3.5585408
1208 8 3.5250661
1208 9 3.9464257
1208 16 3.5853362
1208 33 2.7204363
1210 1 3.2932847
1210 15 2.4952178
1210 20 2.7330365
1210 41 1.2736313
1210 63 1.2560734
1222 9 2.5183156
1222 14 1.969436
1222 15 1.2974848
1222 22 2.0022774
1222 50 1.0
1227 2 2.6801355
1227 8 2.050786
1227 9 2.6589856
1227 27 2.276488
1227 51 1.9287155
1228 2 1.1007482
1228 10 1.3858585
1228 11 1.6643878
1228 20 1.3915105
1228 40 1.0
1230 4 3.6535323
1230 9 4.5099645
1230 10 4.412823
1230 27 3.701763
1230 43 2.887786
1231 4 3.1084785
1231 6 2.0467305
1231 8 3.6024702
1231 11 3.4127948
1231 32 2.8305476
1239 1 4.207904
1239 11 4.120945
1239 12 3.9707413
1239 18 2.8975673
1239 26 3.6916173
1244 1 4.0488086
1244 7 3.8255024
1244 18 3.0083914
1244 27 3.8825207
1244 54 3.9474642
1248 5 4.13323
1248 10 4.6729646
1248 11 4.5789237
1248 14 4.3257437
1248 66 4.1589417
1250 2 2.097799
1250 7 2.4261723
1250 16 4.779681
1250 30 1.0
1250 79 1.0
1260 2 3.6557899
1260 9 4.162691
1260 10 4.124235
1260 24 3.1041903
1260 64 3.50276
1261 8 3.1008935
1261 11 3.548243
1261 13 2.6692352
1261 27 3.7691412
1261 59 1.0
1265 1 2.8155248
1265 5 2.717548
1265 9 2.8094552
1265 12 2.9003053
1265 67 2.5060263
1272 2 4.111643
1272 4 3.6452177
1272 5 3.514113
1272 20 4.214512
1272 57 2.7691717
1283 1 3.1634247
1283 5 2.3102703
1283 11 2.8478174
1283 26 2.8312426
1283 62 2.970818
1310 6 2.3253264
1310 13 2.467657
1310 16 5.0
1310 30 1.6502433
1310 65 1.0
1315 7 3.1203783
1315 12 3.0037584
1315 15 3.046085
1315 21 3.0420017
1315 41 1.0903783
1319 4 5.0
1319 11 5.0
1319 17 3.8745828
1319 27 3.1135361
1319 71 1.0
1320 9 3.6490915
1320 12 3.089097
1320 13 2.727723
1320 28 3.0700257
1320 63 2.5282705
1322 2 3.9456394
1322 4 3.7383924
1322 7 3.787469
1322 13 3.446453
1322 92 5.0
1326 7 1.1477975
1326 13 1.0
1326 14 1.0
1326 36 1.0
1326 55 1.0
1334 7 3.0583942
1334 14 3.69458
1334 15 2.305708
1334 23 3.40403
1334 50 1.4945066
1338 2 4.1239057
1338 6 3.3048396
1338 18 3.2543828
1338 30 3.5510015
1338 67 4.274583
1355 2 3.1478415
1355 10 1.9225168
1355 11 2.2032022
1355 31 2.9701824
1355 47 3.561399
1371 2 1.8468142
1371 8 1.0
1371 10 2.303144
1371 17 1.0
1371 53 1.0
1379 4 4.2254915
1379 11 3.825088
1379 17 3.0347846
1379 35 2.888827
1379 52 2.3627045
1380 5 2.2847714
1380 12 2.8985906
1380 26 2.351568
1380 30 1.977967
1380 40 3.6641483
1389 1 2.8406029
1389 13 3.0550709
1389 14 3.9904153
1389 19 3.526833
1389 76 3.3154678
1392 6 3.5678174
1392 15 2.8434372
1392 16 3.3390927
1392 21 3.1647668
1392 50 1.1791933
1397 5 2.8970604
1397 15 2.7148466
1397 19 2.9246774
1397 27 3.6674726
1397 48 3.1256592
1398 2 2.9725738
1398 16 3.4765303
1398 23 3.8864088
1398 28 2.5918808
1398 40 2.7079284
1399 1 4.3904705
1399 8 4.2011094
1399 10 4.394292
1399 20 4.6088886
1399 58 3.9189115
1404 1 2.9520106
1404 5 1.9612448
1404 10 3.2357562
1404 22 2.7389388
1404 44 3.5150602
1407 3 4.215752
1407 16 3.727283
1407 22 3.5799484
1407 28 4.5129046
1407 59 5.0
1408 1 4.3767037
1408 6 3.5709488
1408 10 4.56608
1408 22 3.9315805
1408 87 1.4224596
1423 1 1.0
1423 6 1.0
1423 8 1.0
1423 16 2.3241143
1423 59 1.8456426
1426 1 3.3097966
1426 4 2.4504492
1426 8 2.160047
1426 17 1.9948287
1426 56 1.8102784
1443 2 3.4536283
1443 8 3.5541682
1443 12 3.57689
1443 22 3.309706
1443 64 2.0364363
1444 1 2.2700121
1444 8 3.5385768
1444 11 3.70788
1444 20 3.8024888
1444 52 2.297879
1446 9 3.4721243
1446 14 3.1108646
1446 15 3.1279387
1446 23 4.074941
1446 42 3.6986969
1447 1 2.929265
1447 5 2.9104555
1447 6 2.620635
1447 12 3.3985367
1447 43 2.2827964
1449 1 1.0
1449 6 3.2288642
1449 7 1.8156935
1449 19 1.7448497
1449 26 1.0
1451 1 4.3227134
1451 7 4.182233
1451 16 4.0597596
1451 27 3.5440292
1451 69 4.033347
1456 2 2.5628512
1456 6 1.0
1456 14 2.1877365
1456 26 3.069999
1456 52 3.5205445
1458 6 1.94854
1458 16 1.9621687
1458 17 1.4045303
1458 19 1.2867796
1458 75 1.4687185
1481 5 3.0408573
1481 14 3.394005
1481 18 2.386391
1481 26 3.4499478
1481 53 2.4954715
1486 3 3.3045287
1486 8 2.886888
1486 10 3.539961
1486 15 3.3237188
1486 28 3.0440717
1491 11 2.7996652
1491 16 3.0785522
1491 21 2.8387318
1491 28 2.7666562
1491 50 1.8938984
1496 1 2.2174165
1496 10 2.5583508
1496 13 1.5878477
1496 16 2.4417458
1496 34 1.5156153
1498 1 2.7532492
1498 3 2.1935039
1498 7 2.1780705
1498 13 1.0953808
1498 28 1.4320041
1500 1 3.6466844
1500 5 2.4584186
1500 7 2.776174
1500 10 3.3340607
1500 22 2.5671492
1512 4 1.6221339
1512 8 1.8363024
1512 10 2.173969
1512 16 3.3104982
1512 24 2.1756737
1518 4 3.018176
1518 12 2.5589552
1518 13 2.628876
1518 30 1.0
1518 43 1.7837852
1521 3 5.0
1521 11 2.0868797
1521 12 2.1820822
1521 37 1.8921227
1521 64 1.0
1528 4 1.2645426
1528 9 3.1227427
1528 11 1.8445748
1528 24 1.354979
1528 56 1.8516786
1535 1 3.5340066
1535 5 2.9161818
1535 8 3.9160948
1535 13 2.4551187
1535 30 2.64317
1539 3 1.3334411
1539 8 2.8237426
1539 9 2.494084
1539 16 2.7413146
1539 29 1.3082774
1540 1 3.7452064
1540 5 2.7470315
1540 17 2.799195
1540 21 3.5246694
1540 33 3.232923
1546 4 4.4257774
1546 26 3.6360679
1546 27 4.0315385
1546 47 3.3586795
1546 75 1.8164372
1556 6 2.5892873
1556 17 2.2015154
1556 21 3.180858
1556 24 2.6563594
1556 43 2.1263855
1562 1 2.8912964
1562 9 2.2504392
1562 10 2.229589
1562 15 1.6820974
1562 30 1.1812108
1571 1 5.0
1571 3 4.4261723
1571 4 4.286743
1571 27 4.2356
1571 48 4.516077
1575 3 2.3270822
1575 5 1.8251483
1575 14 2.3487258
1575 20 2.681267
1575 42 1.9000543
1577 1 3.6872768
1577 10 4.831481
1577 19 3.1564293
1577 22 3.7999911
1577 56 3.498762
1586 2 3.1922045
1586 12 2.9640834
1586 21 2.8819885
1586 24 2.4861875
1586 65 2.4556437
1593 4 3.8015704
1593 6 2.7284088
1593 9 4.4711967
1593 13 3.469393
1593 56 3.324796
1594 2 3.2186365
1594 8 2.8252156
1594 12 3.1246214
1594 17 2.8185096
1594 29 2.4359972
1599 3 2.770666
1599 19 1.5418174
1599 20 2.4070725
1599 33 1.0
1599 65 1.5827554
1605 5 2.5522969
1605 15 2.6281774
1605 23 3.0210586
1605 36 2.1329343
1605 65 1.0
1611 1 2.9880602
1611 6 2.574323
1611 9 2.9501727
1611 26 2.3174903
1611 68 1.8621575
1619 1 3.0540147
1619 8 3.9841604
1619 23 4.1567817
1619 30 1.0
1619 63 2.6030676
1623 1 2.4977224
1623 5 1.2391905
1623 10 2.3195837
1623 15 1.7381842
1623 58 2.0225515
1625 2 1.7464709
1625 11 1.9421678
1625 13 1.1383739
1625 23 2.3462048
1625 53 1.0
1629 1 3.7531862
1629 12 3.790866
1629 13 2.982984
1629 17 2.8468816
1629 33 3.5375347
1630 1 2.930183
1630 12 2.3670049
1630 16 2.595014
1630 22 2.09543
1630 34 2.1757464
1631 2 4.263438
1631 12 4.309606
1631 17 3.4211931
1631 28 3.7775095
1631 42 2.9274917
1636 3 3.264713
1636 10 3.8472757
1636 12 3.0316617
1636 16 2.6554766
1636 42 3.604733
1653 1 2.1586716
1653 6 1.0
1653 13 1.0
1653 15 1.0
1653 43 1.0
1657 1 1.1697749
1657 14 3.019458
1657 16 5.0
1657 24 2.8045268
1657 42 3.5805612
1659 1 3.0136418
1659 7 1.0
1659 8 1.0928447
1659 13 1.2103363
1659 48 1.8272053
1662 1 4.8539724
1662 6 4.1449494
1662 9 4.669634
1662 14 4.0863376
1662 47 3.8634157
1664 1 2.8104856
1664 9 3.252764
1664 11 2.914144
1664 23 3.01825
1664 35 2.3368473
1666 1 3.6690593
1666 8 2.6957934
1666 12 3.502917
1666 19 2.6470683
1666 54 3.496284
1668 1 4.3995986
1668 23 4.652459
1668 25 3.3995574
1668 34 3.581647
1668 41 4.0052857
1681 1 3.4750376
1681 12 3.489263
1681 18 2.616477
1681 24 3.139191
1681 49 3.0040402
1684 4 4.1628237
1684 8 4.305817
1684 9 4.7695932
1684 19 3.5377073
1684 41 3.5996475
1686 9 4.302949
1686 12 4.2049303
1686 15 3.5988615
1686 29 2.9434996
1686 53 3.1802452
1688 3 3.7318678
1688 7 4.0323043
1688 12 4.007925
1688 17 3.817524
1688 34 3.5995488
1689 3 3.7112617
1689 16 3.3997655
1689 17 3.0810742
1689 25 2.869942
1689 54 5.0
1696 4 3.2165163
1696 17 3.400083
1696 27 3.4237177
1696 41 2.0353487
1696 95 1.7299614
1701 9 1.9261427
1701 15 2.9954429
1701 20 2.3015404
1701 35 1.8868239
1701 49 1.0
1715 6 3.8603425
1715 16 4.31942
1715 17 3.4131768
1715 33 3.5490088
1715 73 2.6746957
1729 1 2.515257
1729 16 3.7439544
1729 18 2.359303
1729 24 2.314269
1729 32 3.0306957
1735 1 4.0675383
1735 8 1.0
1735 15 2.883374
1735 25 2.25349
1735 38 3.5673153
1748 4 3.0313258
1748 6 1.0
1748 7 3.97714
1748 17 3.0401452
1748 57 1.2574061
1758 3 2.9786487
1758 11 2.0197396
1758 18 1.319244
1758 28 2.5696797
1758 67 1.4968765
1762 5 3.7270513
1762 7 3.9697814
1762 12 4.0908575
1762 24 3.2570417
1762 39 3.701469
1767 15 3.347673
1767 21 3.499271
1767 24 2.8429048
1767 38 3.7811773
1767 66 3.957808
1769 8 3.1211536
1769 16 3.9978013
1769 20 4.4892077
1769 29 2.843802
1769 39 2.1746497
1778 12 2.489882
1778 23 2.7488093
1778 25 1.6034042
1778 40 1.6494809
1778 53 2.2083895
1785 2 4.0899653
1785 5 3.8060274
1785 12 4.1004257
1785 16 4.017801
1785 39 3.6373045
1786 1 4.7427855
1786 14 2.790789
1786 15 3.3763843
1786 18 2.4243603
1786 30 5.0
1789 9 4.582819
1789 18 3.3174608
1789 19 3.732127
1789 32 3.8933544
1789 67 3.6862328
1793 1 2.2256024
1793 10 2.1868725
1793 20 2.1342673
1793 44 1.6515118
1793 53 1.4357615
1795 3 2.3165863
1795 5 1.9462388
1795 7 2.88586
1795 13 1.6960819
1795 35 1.5307604
1797 2 1.7019998
1797 10 2.0799112
1797 11 2.0568914
1797 15 1.6305633
1797 32 1.375783
1799 1 2.025385
1799 6 1.840137
1799 13 1.1450794
1799 27 2.1908424
1799 63 1.5140822
1800 3 3.8081672
1800 9 3.6053803
1800 11 3.1631238
1800 15 2.977343
1800 41 2.2128553
1805 1 3.0636134
1805 4 3.05831
1805 9 3.7288392
1805 16 3.4218354
1805 42 3.548064
1811 2 1.0
1811 6 1.0
1811 7 1.0
1811 13 1.0
1811 24 1.0
1827 8 2.0827413
1827 10 2.6675487
1827 15 1.9780419
1827 22 2.1033955
1827 41 1.8334529
1832 2 3.5496721
1832 18 2.6996336
1832 21 3.725029
1832 26 3.4878197
1832 42 4.0076056
1839 1 2.5681355
1839 10 3.5818448
1839 22 3.2411666
1839 30 1.0
1839 88 3.9469962
1843 1 3.2700188
1843 5 3.210487
1843 14 3.2031093
1843 23 4.151942
1843 35 2.8839316
1844 1 3.55984
1844 7 3.3787184
1844 16 3.5347626
1844 29 2.2078326
1844 57 2.2941906
1848 1 3.6594372
1848 11 3.481331
1848 13 3.3996105
1848 23 4.824886
1848 31 3.488181
1849 4 2.9476562
1849 6 2.6334748
1849 7 2.858732
1849 21 3.2518544
1849 28 3.2704577
1851 8 4.2100854
1851 12 3.2906609
1851 13 2.8903232
1851 22 3.1274343
1851 69 1.0
1853 1 3.6219046
1853 6 2.6878645
1853 10 3.6665218
1853 12 2.674805
1853 30 4.677345
1854 1 3.8427253
1854 4 3.5763469
1854 9 4.0664716
1854 32 3.4313385
1854 43 2.7974193
1855 4 3.73614
1855 14 3.711686
1855 16 3.8775117
1855 23 3.989446
1855 88 3.1179347
1862 3 4.540413
1862 7 4.498773
1862 12 4.642826
1862 23 4.8421483
1862 40 4.0464654
1863 6 3.124338
1863 20 4.310198
1863 31 2.8355305
1863 50 5.0
1863 59 5.0
1865 3 2.1455276
1865 12 1.0086598
1865 14 5.0
1865 27 1.5915395
1865 55 1.324784
1869 2 2.7269783
1869 10 2.9992676
1869 18 1.0
1869 27 3.7010663
1869 47 1.1532845
1871 4 2.7385983
1871 16 2.7023792
1871 27 2.254194
1871 34 1.8559651
1871 70 3.1419609
1883 3 3.055703
1883 6 1.7403525
1883 8 1.6804135
1883 11 2.7272334
1883 52 1.8356184
1894 2 4.4924355
1894 6 3.8544238
1894 21 4.4289603
1894 31 3.5576062
1894 52 3.545267
1900 3 3.8519614
1900 11 3.9338303
1900 22 3.3949933
1900 28 3.612185
1900 74 1.0
1902 1 1.5733716
1902 9 2.9405985
1902 10 2.5027626
1902 16 2.8483658
1902 52 1.0
1915 5 3.2919502
1915 11 3.867605
1915 16 3.8361895
1915 27 3.7118535
1915 38 4.0417366
1919 8 2.4144537
1919 19 2.976398
1919 20 3.934957
1919 31 2.7604637
1919 47 2.8730876
1922 4 3.3239477
1922 11 3.532678
1922 12 3.5005043
1922 31 2.7979147
1922 73 2.4745908
1926 1 3.3699622
1926 5 3.2907877
1926 7 4.1036787
1926 11 3.3001106
1926 37 3.357013
1933 2 2.9653823
1933 9 2.7837453
1933 12 2.3990023
1933 28 1.640948
1933 53 1.8325074
1964 5 2.4730532
1964 8 1.8736775
1964 16 4.1564655
1964 23 2.4910896
1964 54 5.0
1968 1 3.8559477
1968 5 3.1935358
1968 9 4.0697913
1968 23 3.8250096
1968 67 2.7717495
1971 2 2.403839
1971 11 2.8133187
1971 12 2.34659
1971 25 2.1129904
1971 45 2.1034918
1974 2 2.622381
1974 7 2.655027
1974 9 1.4580597
1974 22 1.9947526
1974 45 3.6087375
1977 1 3.221253
1977 11 3.4668274
1977 15 5.0
1977 22 4.4905005
1977 29 1.0
1979 3 2.3990023
1979 17 1.583726
1979 21 2.3199763
1979 30 1.8032933
1979 36 1.5833633
1981 3 1.2045473
1981 10 1.0
1981 11 1.0
1981 13 1.0
1981 38 1.7317706
1985 2 3.1566038
1985 5 2.8821664
1985 6 2.134136
1985 12 3.0863006
1985 28 3.0403068
1988 2 2.6359847
1988 5 3.0363364
1988 6 3.5531
1988 10 4.359439
1988 32 2.6991286
1990 9 3.8207068
1990 19 2.3446548
1990 22 3.0231981
1990 34 2.644412
1990 58 2.96625
1991 1 2.3321605
1991 5 1.8937552
1991 32 1.6992006
1991 37 2.3780515
1991 65 1.7757736
1992 1 1.865984
1992 14 1.0
1992 19 1.0
1992 25 1.0
1992 52 1.0
1998 3 3.996156
1998 10 4.477716
1998 20 4.110366
1998 25 3.174642
1998 77 4.849777
1999 1 3.9999871
1999 5 2.9142382
1999 7 2.890491
1999 17 3.3604867
1999 24 3.1199818
2039 3 3.513915
2039 7 3.8733895
2039 18 2.854687
2039 26 3.4607992
2039 49 3.6477807
2040 2 3.4766319
2040 9 4.506414
2040 15 3.2402768
2040 25 2.5114813
2040 39 4.248765
2041 5 2.215583
2041 12 2.5224726
2041 16 3.1663988
2041 19 2.3029473
2041 37 2.2477553
2043 3 3.5820127
2043 12 3.0275404
2043 14 3.3689923
2043 30 2.4660516
2043 47 2.5057585
2045 3 3.2045043
2045 9 3.0620608
2045 19 3.048252
2045 21 3.2661479
2045 34 3.1108718
2048 5 5.0
2048 11 3.6130779
2048 17 2.7023358
2048 29 2.9285295
2048 52 2.6346834
2061 2 1.4433919
2061 5 2.3420973
2061 8 1.9717971
2061 18 1.7490215
2061 45 2.832552
2064 2 4.221062
2064 10 4.3139434
2064 25 3.3503075
2064 27 4.089029
2064 64 5.0
2075 3 5.0
2075 10 4.585601
2075 12 4.0734277
2075 39 2.8247187
2075 63 3.2923346
2077 9 3.6262057
2077 14 1.0
2077 16 4.4668703
2077 21 2.9928901
2077 40 1.8489835
2090 3 1.1812832
2090 8 1.0
2090 9 1.0813643
2090 12 1.1712321
2090 45 1.0
2095 1 3.74581
2095 7 2.7551084
2095 10 3.0479672
2095 16 2.819121
2095 36 2.0858216
2097 1 3.589639
2097 5 2.9999537
2097 11 3.321563
2097 21 3.4988852
2097 60 1.7123342
2107 1 2.2110014
2107 8 1.7669929
2107 9 2.8052464
2107 11 2.357136
2107 38 2.8202465
2121 7 4.393939
2121 17 3.9513395
2121 22 3.776879
2121 29 5.0
2121 51 3.8621044
2123 3 3.1370807
2123 10 4.2714624
2123 18 2.7417612
2123 24 2.4615693
2123 46 2.210228
2130 1 4.1873055
2130 16 3.9285395
2130 19 3.277561
2130 26 3.5033062
2130 41 3.0990915
2145 4 1.0
2145 17 1.804866
2145 20 3.8900557
2145 36 5.0
2145 57 2.250894
2153 1 2.227153
2153 10 3.4990294
2153 12 3.349232
2153 16 3.294669
2153 34 2.3501675
2156 1 5.0
2156 4 3.3809998
2156 5 2.6829393
2156 10 3.3217666
2156 22 2.9226372
2164 7 2.079487
2164 16 2.018414
2164 24 1.4435613
2164 30 4.101664
2164 48 2.5263836
2165 13 1.6235144
2165 26 2.3925095
2165 30 1.0
2165 49 1.7465582
2165 61 2.9931
2166 3 4.584126
2166 9 4.9276047
2166 11 4.5889654
2166 18 3.496582
2166 30 3.6770709
2169 8 1.4516817
2169 10 2.4598525
2169 11 2.0641637
2169 20 3.559625
2169 51 1.9423292
2172 5 1.7951894
2172 10 2.3731606
2172 15 2.082458
2172 23 3.0512433
2172 42 2.255094
2177 1 3.2413816
2177 15 3.2343304
2177 21 3.8205075
2177 26 2.9912524
2177 37 3.2180758
2183 3 3.9111679
2183 16 3.2112067
2183 22 3.1783895
2183 31 2.527655
2183 67 1.5594995
2190 1 3.1165519
2190 9 3.3656073
2190 12 2.9998603
2190 22 2.7582228
2190 48 3.1056123
2195 5 1.8799012
2195 8 2.9676785
2195 9 3.445784
2195 17 1.7685665
2195 39 1.4255832
2202 9 3.176012
2202 16 2.9272556
2202 18 1.2044169
2202 30 1.964473
2202 70 5.0
2211 7 3.5378075
2211 12 3.8340251
2211 15 3.2703714
2211 25 2.7009945
2211 37 3.3205614
2215 1 3.4620588
2215 7 4.087542
2215 10 4.1551685
2215 13 3.464335
2215 26 4.1533136
2216 4 4.2313952
2216 7 4.2922616
2216 8 4.1864605
2216 52 3.7105098
2216 74 4.050447
2223 1 3.7337906
2223 18 2.4415183
2223 19 2.6180463
2223 32 3.2122078
2223 54 3.176105
2229 1 1.670645
2229 6 1.5619352
2229 7 2.3829024
2229 30 1.793122
2229 49 1.0
2236 3 3.4062934
2236 7 3.4953802
2236 11 3.5282776
2236 13 3.5474043
2236 43 2.36312
2241 4 4.2235594
2241 13 3.7338543
2241 15 4.0513945
2241 19 3.4952013
2241 34 3.5443392
2245 1 1.4374821
2245 7 2.2473288
2245 13 1.0
2245 23 1.481191
2245 71 3.0068395
2260 1 3.5847192
2260 6 3.475626
2260 7 3.9519706
2260 13 3.3705692
2260 26 3.5393672
2262 4 2.4872286
2262 18 1.7069255
2262 32 2.381866
2262 40 2.070984
2262 58 2.4342532
2267 2 1.0
2267 5 1.0
2267 10 2.85984
2267 40 1.0
2267 55 2.831856
2273 1 4.5458207
2273 4 4.464788
2273 6 3.982447
2273 10 3.96215
2273 45 3.0958266
2284 6 2.983162
2284 9 3.8868835
2284 10 3.6907973
2284 21 5.0
2284 47 2.72358
2285 2 3.7249894
2285 5 3.4816022
2285 7 3.0387003
2285 10 4.1398273
2285 67 3.4477882
2287 1 1.11744
2287 9 3.149265
2287 12 2.5806072
2287 14 2.5126135
2287 44 4.226572
2298 1 3.595389
2298 4 3.6547754
2298 12 3.4367168
2298 20 3.629668
2298 32 2.9182994
2301 5 3.1576133
2301 9 4.0599995
2301 11 3.5039442
2301 28 3.5154428
2301 32 3.297361
2309 10 3.0720835
2309 14 3.216848
2309 17 2.145327
2309 26 2.768381
2309 31 2.320845
2311 6 2.176496
2311 11 2.5949206
2311 15 2.5157254
2311 26 3.7638822
2311 67 1.7759584
2312 1 2.2372813
2312 12 1.4077712
2312 16 1.591868
2312 30 1.0
2312 38 1.3607872
2313 6 2.9305432
2313 11 3.841423
2313 13 2.686036
2313 43 2.8949757
2313 50 1.0
2344 2 2.0492494
2344 10 3.749017
2344 23 4.356771
2344 27 5.0
2344 47 1.5262518
2345 2 2.5750716
2345 7 2.632787
2345 10 2.9404216
2345 13 2.2964206
2345 60 2.038671
2346 2 3.4831455
2346 5 2.7107525
2346 13 2.2095811
2346 20 3.8702104
2346 46 1.0
2352 4 4.3333526
2352 15 4.1275907
2352 23 4.708892
2352 38 4.2956357
2352 67 3.9403238
2353 3 4.165636
2353 7 4.236565
2353 11 4.125679
2353 17 3.4315252
2353 35 3.8271549
2356 2 1.0
2356 8 1.0
2356 12 1.0
2356 18 1.0
2356 45 1.0
2357 2 2.4379935
2357 10 1.8952053
2357 12 1.971533
2357 17 1.265286
2357 40 2.4714615
2358 1 1.0937107
2358 5 1.8747967
2358 8 1.0
2358 34 2.6341336
2358 78 1.5857799
2359 1 3.33094
2359 7 3.1950562
2359 23 4.138089
2359 31 2.777793
2359 75 1.0
2364 2 2.4234931
2364 5 1.931601
2364 18 1.1095915
2364 22 2.229463
2364 73 2.632048
2368 3 3.083092
2368 15 2.0599992
2368 21 2.421787
2368 28 2.381034
2368 45 2.1408563
2372 1 3.9172986
2372 4 3.7502468
2372 7 3.7680495
2372 10 4.197729
2372 37 3.7129326
2373 2 3.457946
2373 4 3.6477065
2373 14 3.384672
2373 21 3.7802773
2373 50 3.3783576
2393 1 3.6261587
2393 7 3.6307712
2393 11 3.4698908
2393 18 2.4644175
2393 32 3.4661338
2395 3 4.3399525
2395 5 3.526887
2395 7 3.8330693
2395 34 3.2037559
2395 80 4.144834
2406 4 3.9385104
2406 8 3.2381887
2406 19 2.9934392
2406 23 4.1676044
2406 76 2.793378
2416 3 4.24125
2416 6 2.896191
2416 7 5.0
2416 11 3.1153355
2416 27 3.3904002
2418 6 4.1188884
2418 8 4.440834
2418 12 4.4861536
2418 14 4.4048634
2418 26 4.3664994
2420 8 2.4271257
2420 20 2.9484181
2420 24 1.8060606
2420 39 1.9325815
2420 50 1.6220818
2431 2 3.1509233
2431 4 2.806835
2431 9 3.6463673
2431 11 2.8441339
2431 26 2.9940267
2441 2 2.4751077
2441 10 2.321292
2441 15 2.053194
2441 32 2.3205893
2441 37 2.8021245
2444 2 4.7585406
2444 11 4.691881
2444 12 4.766575
2444 22 4.4865127
2444 49 4.21498
2447 3 5.0
2447 13 1.0
2447 15 1.1019524
2447 35 3.481439
2447 96 2.859585
2448 7 3.166972
2448 15 2.7574666
2448 21 3.1560051
2448 29 2.0568917
2448 42 3.221914
2463 1 3.776854
2463 15 2.6554756
2463 18 1.970522
2463 22 2.5661342
2463 47 2.1831005
2464 3 2.7376664
2464 10 2.1187105
2464 16 3.4790115
2464 18 1.0
2464 50 1.3786315
2472 1 1.0479232
2472 6 2.1898966
2472 15 1.7563078
2472 21 2.9225824
2472 47 3.0742266
2480 5 3.31238
2480 11 4.0264745
2480 13 3.1206188
2480 21 3.5314703
2480 32 2.9811654
2489 1 2.6096156
2489 13 1.6613705
2489 14 2.2042863
2489 24 1.3880743
2489 54 2.4385822
2492 5 3.535685
2492 8 3.426525
2492 9 4.1390834
2492 17 2.9500988
2492 55 3.2772813
2501 2 1.1227285
2501 21 2.2588582
2501 24 1.4414389
2501 29 1.0
2501 58 3.0119283
2502 2 2.082325
2502 8 1.9484795
2502 10 2.9855354
2502 26 1.0
2502 57 1.2882036
2512 1 2.8945453
2512 6 2.603452
2512 8 3.92414
2512 16 3.3057208
2512 28 2.610468
2515 2 4.4257584
2515 7 4.3604093
2515 15 4.14386
2515 22 3.966435
2515 63 3.5543933
2517 1 2.3322248
2517 7 3.960931
2517 13 3.3004537
2517 21 4.241037
2517 66 3.2313163
2520 4 4.2472515
2520 9 4.8048234
2520 30 4.546873
2520 34 3.2517154
2520 55 3.2736664
2531 2 2.960717
2531 7 2.7191896
2531 8 2.4443893
2531 10 3.4578655
2531 33 2.3526602
2543 2 4.093398
2543 9 4.471076
2543 11 4.095932
2543 22 3.8572302
2543 39 3.3077571
2544 5 2.958024
2544 9 3.3509357
2544 11 3.6366193
2544 14 3.3040192
2544 20 3.491074
2550 1 1.0
2550 19 1.9615444
2550 25 1.7965188
2550 31 2.4117901
2550 65 1.9390838
2552 1 3.5953295
2552 5 2.799709
2552 6 5.0
2552 25 2.8001568
2552 55 2.6378171
2554 1 2.408618
2554 5 1.0535711
2554 15 1.1932709
2554 27 1.5183635
2554 45 2.4239757
2558 9 4.1480126
2558 22 3.4524777
2558 24 2.892522
2558 38 4.0630507
2558 75 2.7333379
2561 6 2.884597
2561 13 2.9181194
2561 15 3.180105
2561 22 3.234299
2561 39 3.2351618
2570 2 1.2341402
2570 10 3.0357234
2570 23 3.1138086
2570 32 2.09687
2570 62 2.0894952
2576 1 1.718583
2576 11 2.485695
2576 12 2.4058807
2576 23 2.4808514
2576 76 2.318113
2582 2 3.7644196
2582 9 3.915382
2582 11 3.560272
2582 19 2.979519
2582 29 2.5833979
2589 1 3.7974923
2589 13 2.5977142
2589 15 2.9715223
2589 19 1.928673
2589 65 1.0
2591 1 2.795266
2591 11 2.3722212
2591 14 1.0
2591 35 2.0288253
2591 51 3.0124092
2593 9 3.9956248
2593 15 3.350721
2593 21 3.7778764
2593 28 3.496765
2593 56 2.8295126
2594 2 1.4627392
2594 9 1.0
2594 17 1.3691051
2594 37 3.8369856
2594 83 1.0927778
2602 4 1.266326
2602 10 1.8907284
2602 16 1.0
2602 44 2.8678324
2602 77 1.0
2614 3 2.8263426
2614 8 2.1091309
2614 16 2.7911181
2614 25 2.1210372
2614 49 4.130514
2619 1 3.0961344
2619 11 2.9769816
2619 23 3.3039925
2619 25 2.1046538
2619 51 2.717472
2620 2 4.377222
2620 14 3.041726
2620 16 2.7784255
2620 24 2.9169164
2620 30 2.2377863
2626 1 3.4772303
2626 6 3.1450646
2626 7 3.2520611
2626 33 3.0016375
2626 50 2.3102536
2629 5 3.210805
2629 9 4.7195063
2629 10 3.155691
2629 15 2.6133146
2629 49 2.3143094
2631 1 2.7676013
2631 4 2.7739346
2631 7 2.577715
2631 15 2.0843673
2631 40 1.9776862
2644 4 4.196126
2644 10 4.3369803
2644 12 4.425339
2644 18 3.4476786
2644 41 2.8530512
2647 1 5.0
2647 24 2.4648411
2647 29 2.5779057
2647 31 2.8151414
2647 46 2.1323724
2657 6 1.8308607
2657 12 2.3377295
2657 13 1.38652
2657 24 1.4536929
2657 57 1.7899121
2658 1 1.9211433
2658 8 3.571276
2658 13 2.7184799
2658 29 2.785549
2658 34 2.917932
2659 2 2.6152248
2659 5 2.56395
2659 15 2.3541741
2659 29 2.0671139
2659 57 1.0
2676 1 1.6632708
2676 3 2.7591605
2676 4 2.4631538
2676 13 2.201387
2676 32 2.53401
2681 6 2.6626196
2681 9 3.4673715
2681 16 1.8771696
2681 24 1.5231678
2681 37 2.9036593
2686 1 2.5507987
2686 6 2.0899632
2686 7 2.8713858
2686 13 2.0763388
2686 32 2.686158
2690 3 4.0472364
2690 8 4.0835023
2690 17 2.8660097
2690 21 3.3763976
2690 50 1.8999568
2697 1 3.3915234
2697 6 2.3229926
2697 11 3.5919435
2697 16 3.7997453
2697 59 4.646332
2713 4 3.6336126
2713 6 2.907783
2713 9 4.3265147
2713 12 3.8007913
2713 30 5.0
2718 2 2.647634
2718 11 3.846167
2718 15 3.3715887
2718 21 3.8338015
2718 43 2.784529
2720 8 4.205433
2720 15 3.9750018
2720 23 3.7286308
2720 34 3.7266498
2720 61 2.4075503
2723 1 2.785009
2723 6 2.5649874
2723 13 2.2555418
2723 18 1.9266466
2723 47 2.7362585
2728 2 2.244666
2728 8 3.3910682
2728 14 3.4012387
2728 24 1.5746342
2728 40 2.0694418
2729 2 4.5911274
2729 6 4.429654
2729 11 4.474431
2729 19 3.8797808
2729 61 3.776697
2731 5 2.5263758
2731 9 3.4267204
2731 13 2.268587
2731 16 3.0640326
2731 37 2.5891266
2736 1 2.8120067
2736 20 3.7145066
2736 24 2.246405
2736 40 1.9185191
2736 60 2.1943188
2741 7 1.1886799
2741 14 1.0
2741 15 5.0
2741 31 1.0
2741 47 2.6254253
2754 2 2.4652407
2754 5 2.624679
2754 11 3.4105859
2754 16 2.6459968
2754 60 1.9829714
2763 7 3.0923707
2763 22 3.3440363
2763 27 3.0864096
2763 37 3.7530923
2763 48 3.3933904
2767 1 2.6644363
2767 7 2.6036432
2767 8 2.3464737
2767 14 2.6003919
2767 32 2.3831751
2771 2 3.1151857
2771 10 2.4658098
2771 21 2.6744223
2771 30 1.0
2771 49 1.0
2775 5 3.2662237
2775 10 3.8656733
2775 11 3.319458
2775 29 3.2911303
2775 40 5.0
2776 6 3.1616898
2776 16 2.8934293
2776 22 2.8920915
2776 28 2.9413347
2776 48 3.8285363
2781 4 2.5222661
2781 8 1.4431075
2781 9 2.0784407
2781 11 2.4324956
2781 49 1.2418408
2788 4 3.4882457
2788 7 3.9178061
2788 8 3.8327937
2788 17 3.0707588
2788 24 3.1517043
2799 2 3.5941112
2799 8 5.0
2799 11 3.5075583
2799 27 4.2504168
2799 51 3.4332874
2809 1 2.6167634
2809 3 5.0
2809 4 5.0
2809 10 4.035334
2809 61 1.0368016
2811 1 3.5639014
2811 8 5.0
2811 13 3.2119222
2811 26 2.7497177
2811 53 2.5368798
2824 1 3.398436
2824 9 3.5185122
2824 11 3.178409
2824 16 3.4003038
2824 65 2.6335847
2829 1 3.695208
2829 5 2.6701427
2829 7 2.341152
2829 22 2.286948
2829 41 2.580701
2839 2 2.987323
2839 10 2.5230918
2839 12 3.1008449
2839 18 1.7229251
2839 39 2.520436
2846 7 3.6326923
2846 13 3.1077855
2846 14 4.098638
2846 22 4.0380635
2846 48 3.7947009
2850 1 1.0
2850 13 3.391174
2850 17 3.1132894
2850 24 3.6111643
2850 52 3.1377914
2851 2 2.6708283
2851 4 1.925159
2851 9 2.7953124
2851 17 1.3975306
2851 53 3.3718398
2852 4 1.0189254
2852 11 1.2485939
2852 17 1.0
2852 20 1.0166976
2852 24 1.0
2856 7 2.5764241
2856 17 1.8765204
2856 33 2.054725
2856 37 2.5034013
2856 55 2.237115
2861 2 2.1744137
2861 8 2.4581623
2861 10 1.430797
2861 26 2.884931
2861 64 1.0
2864 3 4.2168117
2864 6 3.5504615
2864 17 2.7373464
2864 22 3.1661139
2864 40 2.1853607
2870 8 3.570687
2870 17 2.9504776
2870 18 2.6951199
2870 23 3.90713
2870 56 2.9786875
2873 3 2.005221
2873 9 2.6723535
2873 10 2.4958947
2873 15 3.8916204
2873 49 1.3070017
2876 1 4.0560083
2876 7 1.6888171
2876 8 4.9609404
2876 27 3.771428
2876 55 1.3790543
2877 4 3.5690053
2877 7 3.6814773
2877 10 3.6172574
2877 14 3.470089
2877 35 2.9477835
2883 1 4.3207407
2883 5 3.396466
2883 8 3.6611485
2883 10 4.1368117
2883 49 3.680239
2886 3 4.241414
2886 11 3.661668
2886 12 3.9837508
2886 27 4.2408943
2886 48 4.127368
2887 2 4.0938373
2887 8 3.8469362
2887 9 4.345991
2887 11 4.1242976
2887 54 3.812136
2889 4 3.9947424
2889 7 2.3226423
2889 13 2.8248937
2889 18 2.3530684
2889 31 3.180868
2892 11 3.8017325
2892 21 3.686851
2892 26 3.5057862
2892 33 3.1263149
2892 49 1.0
2893 2 3.2687826
2893 4 3.120768
2893 8 3.4170475
2893 12 3.287622
2893 37 1.7759131
2905 1 3.0288758
2905 15 2.6245835
2905 17 2.2973342
2905 34 2.1123347
2905 60 1.8592161
2906 4 4.406308
2906 10 3.666195
2906 12 3.6356983
2906 33 2.9142148
2906 54 5.0
2915 2 2.8926477
2915 8 2.6337667
2915 9 4.2190905
2915 16 4.0048885
2915 50 1.9390863
2919 2 1.0
2919 9 2.3658981
2919 13 1.7832341
2919 38 2.5734453
2919 62 5.0
2921 2 2.1469355
2921 8 1.0
2921 15 1.8719273
2921 25 1.2995174
2921 77 2.582412
2924 5 3.1225305
2924 16 4.314168
2924 17 1.6469398
2924 20 3.7623572
2924 36 2.2106023
2929 1 3.535059
2929 5 1.0
2929 6 1.9325812
2929 23 1.0
2929 52 2.0417125
2931 1 3.6456835
2931 5 3.006652
2931 7 3.1529424
2931 52 5.0
2931 62 3.2126641
2933 3 3.3495998
2933 9 4.5561047
2933 11 2.9908037
2933 30 1.4948865
2933 61 1.0
2935 3 3.2694218
2935 10 3.727055
2935 12 3.6707466
2935 25 3.0106359
2935 74 4.2170877
2937 1 3.947936
2937 3 4.070103
2937 6 3.6773658
2937 17 2.5260198
2937 68 3.028256
2940 3 3.0452042
2940 18 2.5153327
2940 29 2.9519243
2940 33 2.7985747
2940 50 3.0776248
2941 1 4.1335077
2941 16 3.6258507
2941 17 3.2138534
2941 34 3.438086
2941 42 3.3018663
2945 1 4.027974
2945 8 3.625841
2945 9 4.2952285
2945 27 4.477188
2945 52 3.2009478
2950 4 2.5553901
2950 13 2.0958319
2950 14 2.7119617
2950 21 2.6935709
2950 65 1.5334485
2958 1 3.753972
2958 5 1.3351423
2958 6 2.2020695
2958 10 2.2316988
2958 36 1.0
2966 2 3.8411973
2966 7 3.6743228
2966 9 3.731738
2966 26 3.1184263
2966 56 3.2244525
2973 7 4.0784903
2973 15 3.9331346
2973 17 3.445423
2973 28 4.0407825
2973 49 3.7159197
2979 1 4.1269007
2979 18 2.833065
2979 26 3.6037765
2979 40 3.1021006
2979 72 3.7310596
2989 1 3.4836528
2989 8 4.1243286
2989 18 1.9870247
2989 23 2.8508248
2989 51 2.6757827
2991 2 3.7859707
2991 6 3.6243153
2991 11 3.8960366
2991 14 3.7966425
2991 30 3.1321433
2993 1 1.2205232
2993 14 1.0
2993 20 1.4450204
2993 36 1.0
2993 62 1.0493165
2998 2 2.045264
2998 8 1.0
2998 14 1.5756397
2998 28 1.824049
2998 63 1.0
3002 4 4.5905747
3002 8 4.355727
3002 10 4.823785
3002 19 3.8557997
3002 50 3.7491252
3005 1 3.5005462
3005 8 1.8013053
3005 10 3.6599312
3005 22 3.3797004
3005 51 3.0218568
3012 2 3.3430555
3012 10 2.710147
3012 16 2.9763484
3012 28 2.5576384
3012 65 4.489292
3019 3 3.2932606
3019 5 1.6752813
3019 7 1.7763722
3019 14 2.2049263
3019 53 1.1886072
3022 3 3.440968
3022 10 3.2893722
3022 16 1.0
3022 28 2.0326056
3022 84 1.0
3029 2 3.2762558
3029 10 4.0152383
3029 19 2.9432259
3029 25 2.983201
3029 50 3.0526214
3036 1 2.5364578
3036 7 3.0972903
3036 8 2.9250455
3036 19 2.3930342
3036 50 1.5722332
3038 9 4.1743393
3038 15 3.7294269
3038 16 3.9603405
3038 23 4.4914784
3038 35 3.4381435
3039 4 3.1872878
3039 7 3.2306497
3039 9 3.9525297
3039 11 3.30849
3039 80 3.5048914
3040 2 3.6431243
3040 10 3.9044092
3040 12 3.6931057
3040 23 4.7450166
3040 29 3.5381675
3044 5 3.8449736
3044 9 4.4509697
3044 17 2.4509668
3044 26 1.2991436
3044 58 3.2112598
3046 1 3.320993
3046 7 3.8321984
3046 11 3.2930882
3046 26 2.9964607
3046 42 3.354579
3047 1 5.0
3047 6 3.381477
3047 9 4.020078
3047 35 3.3784957
3047 63 1.630337
3050 1 2.2118764
3050 9 3.957161
3050 19 3.2031405
3050 21 4.8817844
3050 31 3.9204297
3054 4 2.4330711
3054 8 2.0797029
3054 16 3.6867206
3054 21 2.9129624
3054 70 2.460678
3057 3 1.8616709
3057 15 1.0
3057 18 1.0
3057 25 1.0
3057 69 1.0
3067 1 2.6873517
3067 4 1.9643046
3067 5 2.0015306
3067 21 2.0580664
3067 60 1.0
3069 1 3.2481651
3069 6 2.8269615
3069 11 3.0511549
3069 29 2.1489565
3069 60 1.8545872
3074 2 2.999538
3074 11 3.3047364
3074 14 2.6610544
3074 26 2.8831518
3074 75 2.9626048
3077 4 4.149211
3077 9 4.1560154
3077 13 3.6836247
3077 16 4.0075064
3077 47 3.3220143
3086 2 3.3808274
3086 15 2.7000132
3086 22 3.4227498
3086 29 2.1300538
3086 45 2.714907
3093 6 2.3037887
3093 14 3.4030612
3093 21 3.0453885
3093 24 2.7701566
3093 52 1.8220687
3103 1 4.5766954
3103 6 3.9886665
3103 8 3.4662554
3103 17 3.4824443
3103 24 3.564295
3104 6 1.2449583
3104 9 1.0
3104 10 1.0211953
3104 25 1.0
3104 61 1.0
3106 10 3.8030224
3106 16 3.7756832
3106 23 2.9410822
3106 34 2.4633024
3106 65 2.5203147
3117 5 1.5472493
3117 13 1.3356694
3117 18 1.0
3117 23 2.1553183
3117 95 1.2223701
3127 5 1.0
3127 11 1.9989872
3127 16 1.0
3127 18 1.0
3127 52 1.0
3154 1 3.3189745
3154 4 2.9030154
3154 8 2.364694
3154 15 2.7139795
3154 43 2.273443
3161 1 3.05373
3161 12 2.672703
3161 15 2.3355901
3161 19 2.472909
3161 87 2.2309892
3162 1 3.6441908
3162 8 3.1981976
3162 9 3.5759902
3162 16 2.9688466
3162 54 3.0931532
3166 6 1.2884977
3166 12 1.9989877
3166 31 2.1299825
3166 35 1.7571187
3166 84 1.1159629
3170 1 2.980686
3170 3 3.2898228
3170 8 5.0
3170 18 2.2231467
3170 33 2.3810935
3172 2 2.3413553
3172 21 2.4391327
3172 23 2.572923
3172 42 2.917584
3172 72 2.1497102
3173 4 1.290322
3173 9 3.7886982
3173 13 2.0168314
3173 43 1.0
3173 75 1.5208008
3175 1 1.0
3175 7 1.0645088
3175 13 1.0
3175 15 1.0
3175 66 1.0
3177 1 3.1781573
3177 3 3.7049797
3177 7 2.7165995
3177 15 2.8816178
3177 38 3.58057
3178 2 3.2004812
3178 6 2.779394
3178 18 1.7955805
3178 24 2.5522947
3178 51 2.8102055
3185 3 4.3935103
3185 5 1.4275045
3185 8 2.4910195
3185 28 3.0744333
3185 65 2.4563224
3187 6 2.028607
3187 9 3.4595807
3187 10 3.3859978
3187 25 2.2289295
3187 41 1.0
3201 1 4.1475086
3201 5 3.148211
3201 13 3.2356272
3201 24 3.0080638
3201 36 2.0229118
3203 2 3.942154
3203 17 3.0701947
3203 19 3.3835962
3203 25 3.0496101
3203 72 3.1358452
3204 1 1.4306812
3204 7 2.1517045
3204 13 1.0
3204 26 2.1400414
3204 52 1.0
3209 3 4.1607056
3209 7 2.1547031
3209 8 3.825182
3209 38 3.813434
3209 60 2.194699
3212 8 4.372387
3212 15 3.5877962
3212 25 3.2471042
3212 36 3.387917
3212 67 5.0
3217 6 2.463944
3217 17 1.8503667
3217 34 1.8596005
3217 48 2.8909135
3217 77 1.0
3223 5 1.5459409
3223 7 2.2255957
3223 9 3.1176784
3223 13 2.374917
3223 27 3.5580597
3230 1 1.0
3230 16 3.4610023
3230 22 4.004005
3230 28 3.5080848
3230 58 3.2361012
3234 2 3.0545604
3234 12 2.2806175
3234 18 1.0
3234 22 2.3284597
3234 51 1.0
3236 1 1.2049053
3236 12 2.505463
3236 17 1.3231062
3236 38 3.297191
3236 55 2.0071683
3242 6 3.0629294
3242 11 3.3063025
3242 15 3.122085
3242 32 2.964445
3242 40 2.9118848
3250 4 4.014284
3250 22 3.9809504
3250 28 4.0766454
3250 33 3.537444
3250 80 3.2662036
3252 1 3.4425821
3252 4 3.547189
3252 5 3.3983867
3252 14 3.7993283
3252 33 3.2960665
3254 6 3.139625
3254 11 3.620782
3254 13 3.1189609
3254 21 3.895563
3254 64 2.8444085
3258 4 3.9551575
3258 7 4.0811253
3258 8 4.190931
3258 12 4.313207
3258 36 3.5312784
3261 4 3.664332
3261 17 2.7862184
3261 20 4.1604753
3261 22 3.2460864
3261 42 3.8564773
3262 3 1.2706807
3262 9 1.4230127
3262 10 1.2211578
3262 22 1.0
3262 81 1.0
3268 2 2.6830506
3268 11 3.98179
3268 13 2.9068298
3268 28 3.1197739
3268 78 2.249881
3271 2 4.3472605
3271 9 4.708332
3271 13 3.4427376
3271 28 3.8946557
3271 50 2.6332664
3282 2 4.322573
3282 9 4.7795277
3282 14 4.3552866
3282 30 3.7268069
3282 42 4.497659
3283 5 2.8711488
3283 12 3.8154612
3283 14 3.8218374
3283 20 4.692265
3283 46 3.403082
3302 4 2.8717515
3302 11 2.1388762
3302 14 2.8912659
3302 23 3.2245831
3302 68 1.5675707
3305 6 2.1463406
3305 10 3.0657563
3305 12 2.719231
3305 19 2.1345925
3305 33 2.1818054
3306 5 4.081895
3306 14 4.6429048
3306 22 4.3322525
3306 40 3.93499
3306 63 3.322805
3308 1 3.432657
3308 17 3.1010365
3308 19 3.3343413
3308 22 3.4860537
3308 39 4.0207806
3313 4 3.4918978
3313 9 4.350999
3313 12 4.030871
3313 18 2.912271
3313 60 2.7108772
3315 6 2.8788016
3315 11 3.1908107
3315 22 2.6845899
3315 30 2.595564
3315 60 1.9609312
3329 1 2.7870603
3329 7 4.457227
3329 15 3.0527298
3329 24 3.0484753
3329 50 2.4938989
3330 1 1.4463087
3330 6 1.0
3330 10 1.9031028
3330 30 1.0
3330 57 1.0
3336 4 3.4249315
3336 19 3.1892533
3336 21 3.8766172
3336 28 3.7952693
3336 53 2.1666007
3344 2 3.483891
3344 7 2.906543
3344 11 3.8561292
3344 29 3.2078862
3344 57 2.2452416
3358 4 2.8016295
3358 15 2.7685773
3358 16 2.4141965
3358 18 1.756182
3358 34 2.247994
3361 2 3.314489
3361 14 1.0
3361 19 2.033317
3361 25 2.6108031
3361 84 1.0
3362 2 4.6391053
3362 11 4.430972
3362 14 4.4167895
3362 26 4.0530105
3362 36 3.8269517
3363 1 3.4326987
3363 8 4.377552
3363 9 3.8151739
3363 19 3.9766626
3363 25 2.2844815
3366 6 1.0
3366 9 2.725179
3366 12 1.4046657
3366 19 1.0
3366 58 1.4763825
3377 1 2.894092
3377 7 4.271632
3377 14 3.114588
3377 22 3.3627179
3377 53 1.4846265
3380 2 3.6182594
3380 7 3.679303
3380 14 3.8502717
3380 17 2.6170614
3380 50 1.0
3389 2 2.001103
3389 5 1.0
3389 12 1.081628
3389 27 1.0
3389 34 1.0
3391 2 4.529974
3391 9 4.541438
3391 17 3.3777566
3391 24 3.6351335
3391 74 3.8506029
3393 1 3.3658133
3393 12 2.3546472
3393 15 1.0
3393 26 1.0
3393 52 1.0
3394 1 2.7674725
3394 11 2.7861373
3394 17 1.89558
3394 25 1.9263535
3394 32 2.5579088
3396 2 3.9140897
3396 11 3.5010786
3396 25 2.701995
3396 32 3.3779025
3396 52 2.4050949
3401 2 4.050066
3401 12 4.0514903
3401 15 3.6736956
3401 30 3.3608966
3401 42 4.050476
3413 1 3.3765223
3413 8 1.9601866
3413 9 2.0600166
3413 12 3.1779387
3413 48 2.288831
3415 1 1.0
3415 3 2.990863
3415 5 3.4979677
3415 13 1.9491155
3415 48 1.098588
3417 4 3.0364187
3417 14 3.355017
3417 15 2.425732
3417 21 3.2672243
3417 77 2.229982
3418 4 3.6942518
3418 9 4.600766
3418 10 4.29926
3418 16 4.2618628
3418 59 3.5536206
3424 6 5.0
3424 10 2.8799615
3424 12 1.2404852
3424 23 2.491235
3424 53 5.0
3425 3 3.4066706
3425 6 1.6741269
3425 17 2.598928
3425 20 3.8223705
3425 57 1.0
3429 3 3.9765275
3429 11 2.598129
3429 13 2.5368812
3429 16 3.9327013
3429 22 3.5896058
3432 2 1.0
3432 11 1.0
3432 19 1.0
3432 38 1.0
3432 65 1.0
3433 1 2.340859
3433 15 2.4538336
3433 17 1.9298058
3433 25 1.703209
3433 44 2.4214582
3435 2 4.068038
3435 24 3.1664624
3435 26 2.2502193
3435 36 2.7849388
3435 53 2.920929
3437 8 1.0
3437 13 1.0
3437 15 1.0
3437 18 1.0
3437 38 1.0
3439 1 4.6397066
3439 4 4.3700438
3439 5 3.588626
3439 15 3.8339999
3439 25 3.398235
3452 2 3.086029
3452 15 2.538717
3452 17 2.1968486
3452 37 2.5601394
3452 58 2.6463244
3454 2 2.9114215
3454 7 2.7295651
3454 9 3.2553036
3454 18 1.6106635
3454 54 3.690353
3456 4 2.8469205
3456 9 3.1102555
3456 18 1.7813559
3456 28 2.6650896
3456 61 2.4020681
3459 2 2.001297
3459 13 1.5617185
3459 14 1.0398138
3459 20 2.8364582
3459 49 1.7708591
3473 3 2.9359498
3473 11 2.7172027
3473 14 2.5547664
3473 26 2.8815448
3473 46 1.0
3476 17 1.2707944
3476 26 1.6178027
3476 30 2.7535424
3476 32 1.6975042
3476 41 1.0
3479 5 5.0
3479 13 1.8181683
3479 19 3.4442065
3479 25 2.7500381
3479 65 1.0
3482 2 4.1273117
3482 7 4.418469
3482 10 4.675264
3482 48 4.34169
3482 74 2.428614
3486 3 3.7411652
3486 8 4.3564887
3486 11 3.8168097
3486 16 3.4591863
3486 69 3.137158
3487 2 2.1336842
3487 6 3.7791586
3487 9 1.7684243
3487 12 2.8736072
3487 54 2.6476386
3494 4 3.048052
3494 6 2.2254877
3494 8 3.339868
3494 23 2.935407
3494 38 3.7683704
3495 1 3.8124194
3495 5 2.8565764
3495 13 2.6150942
3495 24 2.1800463
3495 33 2.3124447
3503 3 3.5705938
3503 9 4.18676
3503 12 2.8488286
3503 19 1.7010567
3503 46 2.0397916
3508 8 1.0
3508 12 1.0076964
3508 13 1.0
3508 21 1.2111773
3508 51 1.4836769
3511 2 2.348006
3511 15 1.8563495
3511 17 1.6808996
3511 24 1.7523382
3511 39 1.8790016
3515 7 2.2675505
3515 14 2.2886505
3515 18 1.0967007
3515 21 2.2454731
3515 46 1.0
3518 3 3.2844484
3518 8 5.0
3518 15 2.627467
3518 19 3.144133
3518 70 1.6683692
3519 1 2.1726196
3519 15 2.0628722
3519 16 1.0
3519 21 2.8053925
3519 63 1.0
3520 4 4.018273
3520 9 4.6062903
3520 12 4.124976
3520 15 3.8723433
3520 41 3.1417136
3523 2 3.5102057
3523 7 3.4485276
3523 12 3.309252
3523 26 2.7956145
3523 86 3.5699363
3524 2 4.1069484
3524 16 4.13853
3524 17 3.4219193
3524 23 4.3500333
3524 31 3.5293734
3526 4 1.0
3526 10 3.5601935
3526 34 5.0
3526 40 1.0
3526 83 1.0
3527 2 2.3937306
3527 15 2.3149946
3527 20 3.082209
3527 46 3.0275495
3527 57 2.3073177
3528 2 3.5313363
3528 5 3.2007482
3528 8 3.303102
3528 13 2.9270408
3528 25 2.845223
3531 4 1.6103816
3531 11 2.406447
3531 12 2.299821
3531 27 1.730306
3531 50 1.8147756
3541 6 2.8309016
3541 44 1.0
3541 50 1.0
3541 59 1.8528557
3541 79 2.2457602
3543 4 4.188264
3543 15 3.9786305
3543 23 4.8414006
3543 51 3.2755527
3543 76 3.6823053
3545 1 3.6532757
3545 6 3.1712034
3545 11 3.6753874
3545 26 3.275436
3545 38 3.9656658
3551 1 1.0
3551 4 1.0
3551 7 1.0
3551 14 1.0
3551 49 1.0
3553 6 3.732252
3553 17 3.3725944
3553 18 3.0301528
3553 21 3.9981852
3553 33 3.355375
3556 1 1.5712532
3556 4 4.55055
3556 10 2.7722492
3556 20 3.649631
3556 30 2.8705387
3568 1 2.1701875
3568 12 2.343048
3568 15 1.9367067
3568 24 1.4787761
3568 41 1.4944615
3571 1 1.0
3571 6 3.1882222
3571 7 3.418186
3571 16 3.4969387
3571 46 3.5948558
3575 5 3.3206735
3575 7 3.8196244
3575 26 4.854828
3575 35 3.9208279
3575 68 3.4296346
3577 5 3.9329076
3577 7 4.1078534
3577 11 4.3783665
3577 16 5.0
3577 46 1.0
3593 1 2.997421
3593 14 4.299131
3593 20 4.3722954
3593 33 3.354043
3593 54 4.940313
3599 7 4.2037263
3599 12 4.0578623
3599 15 3.828671
3599 23 4.370405
3599 49 4.054203
3603 2 3.0457208
3603 16 2.9122283
3603 19 2.275435
3603 25 4.145861
3603 69 1.0
3606 2 4.2695556
3606 8 4.8129573
3606 11 4.120159
3606 17 3.322813
3606 28 3.7649207
3607 3 3.2957122
3607 9 3.4498863
3607 10 2.7958093
3607 16 3.7656264
3607 43 1.1373382
3610 1 3.040838
3610 9 4.3095446
3610 13 3.2352564
3610 15 3.5903177
3610 31 3.1073282
3612 4 2.0055916
3612 7 2.921138
3612 8 2.9765148
3612 13 2.1323204
3612 50 2.7131531
3640 3 3.595612
3640 12 2.7645013
3640 13 2.202529
3640 21 3.4191036
3640 52 1.0
3642 1 1.0
3642 15 2.4204593
3642 18 2.0793848
3642 30 2.5181003
3642 60 1.0
3645 1 4.1974444
3645 9 4.225592
3645 13 3.360747
3645 15 3.5956547
3645 28 3.877486
3646 2 2.7287457
3646 4 1.913751
3646 5 2.3087535
3646 18 2.6087193
3646 46 1.0
3648 1 2.6684685
3648 5 2.2060907
3648 7 2.4504647
3648 17 1.9106098
3648 35 2.300035
3650 1 4.035711
3650 6 3.3794386
3650 13 2.7908094
3650 20 3.2877119
3650 65 2.8456771
3656 4 4.8188534
3656 14 4.916349
3656 18 3.6447043
3656 26 4.6666603
3656 78 3.485661
3663 1 1.0
3663 13 1.0747383
3663 22 1.2041141
3663 40 1.3259561
3663 51 1.3462529
3666 2 3.4538116
3666 11 4.1983647
3666 12 4.698358
3666 26 5.0
3666 76 3.3675056
3669 1 1.4367504
3669 4 1.96021
3669 7 1.5353906
3669 22 1.0
3669 47 1.0
3675 2 3.6770482
3675 9 4.665386
3675 10 4.035676
3675 14 3.5375042
3675 38 4.126823
3682 3 2.947194
3682 5 2.1687574
3682 11 1.5503185
3682 15 1.8437827
3682 40 2.7644904
3684 5 2.7267315
3684 12 3.6096275
3684 25 1.9849812
3684 32 3.626168
3684 57 1.7034124
3689 3 1.7979012
3689 12 1.4166502
3689 13 1.4406707
3689 22 1.378485
3689 82 1.0
3691 11 3.4529786
3691 19 2.8984365
3691 26 3.5384548
3691 29 2.7960443
3691 48 3.3088381
3694 1 3.9157946
3694 5 3.8609824
3694 10 4.1535873
3694 26 4.5934744
3694 33 3.4163632
3697 1 1.5408343
3697 8 2.2101545
3697 12 2.7801247
3697 33 1.0
3697 62 3.5851269
3704 3 3.2120261
3704 10 2.7305102
3704 12 2.1492796
3704 20 2.4587882
3704 68 1.3726763
3708 5 3.794944
3708 25 3.7086835
3708 26 3.7739425
3708 29 3.665652
3708 54 1.420177
3709 9 4.0054893
3709 11 3.8764315
3709 12 3.7685676
3709 30 3.0641017
3709 59 4.2229285
3713 1 4.923384
3713 12 3.46539
3713 17 1.818054
3713 30 2.9036334
3713 48 4.3810806
3715 1 4.42995
3715 5 3.1057203
3715 8 1.0
3715 11 2.943622
3715 24 2.5410929
3722 1 4.0491405
3722 16 3.5547156
3722 20 4.899893
3722 43 2.372578
3722 66 3.0565083
3726 4 3.7762764
3726 13 3.4572523
3726 20 4.746569
3726 24 3.3998344
3726 54 4.999667
3730 14 2.9088984
3730 19 2.2207956
3730 22 2.6617503
3730 30 2.0632923
3730 55 2.5062044
3735 3 4.164713
3735 12 3.7423277
3735 13 3.1132238
3735 18 2.9983733
3735 46 3.2430131
3736 2 3.6885471
3736 18 2.4053643
3736 19 2.5092936
3736 27 1.4127276
3736 54 3.586924
3743 4 3.6886098
3743 15 2.7624514
3743 16 2.8322968
3743 20 3.3168902
3743 39 2.656532
3746 1 3.0119908
3746 9 4.3117056
3746 14 4.265249
3746 30 2.685622
3746 91 1.3700258
3749 1 3.1542366
3749 22 3.014895
3749 23 5.0
3749 28 3.028576
3749 53 2.5316057
3761 9 3.509423
3761 17 2.132963
3761 25 1.6569605
3761 32 1.0
3761 70 2.3170831
3763 3 3.4205844
3763 14 2.9952452
3763 18 2.071477
3763 23 2.9758961
3763 58 3.2263615
3769 2 3.0307438
3769 11 3.514511
3769 12 3.337613
3769 22 2.6060395
3769 54 3.1548443
3783 2 1.8937106
3783 18 2.1930954
3783 19 1.0
3783 24 1.6559886
3783 43 1.0
3788 5 2.4492314
3788 8 2.5385911
3788 10 3.4257658
3788 13 2.4946585
3788 48 3.9976952
3789 3 2.8968742
3789 7 1.7762625
3789 8 1.0
3789 12 2.1903453
3789 48 2.4145508
3793 3 4.2301774
3793 6 3.0982685
3793 14 3.0267382
3793 23 3.616272
3793 54 2.7389686
3803 7 2.4591188
3803 9 4.0503073
3803 11 2.514557
3803 19 2.6251101
3803 54 5.0
3804 8 2.188872
3804 12 2.9918897
3804 14 2.98625
3804 25 2.026688
3804 51 2.5010304
3805 1 4.805872
3805 9 4.0237746
3805 13 3.0893607
3805 16 3.5597591
3805 24 2.6253912
3806 8 3.310051
3806 14 2.546647
3806 16 3.5294738
3806 26 2.7495887
3806 49 2.321169
3807 1 4.2324004
3807 8 3.940785
3807 13 4.0397983
3807 26 4.7706795
3807 56 3.4740553
3814 3 4.0124207
3814 8 3.6654632
3814 9 3.955671
3814 19 2.8102536
3814 36 2.2036626
3818 1 3.1283565
3818 6 1.3242298
3818 8 2.756668
3818 15 2.849103
3818 33 2.741087
3819 1 3.7909975
3819 5 3.3293138
3819 6 4.114199
3819 18 2.7220635
3819 62 3.481112
3824 10 3.9379668
3824 13 2.9997263
3824 20 4.505576
3824 28 3.7946131
3824 38 4.501794
3826 2 2.6598723
3826 13 2.6749797
3826 14 2.996274
3826 26 2.6029718
3826 74 1.8247099
3840 1 1.0
3840 11 1.8036917
3840 16 3.6493032
3840 20 2.7097015
3840 45 2.0524726
3844 2 4.422177
3844 9 5.0
3844 14 5.0
3844 19 3.9414186
3844 49 3.873674
3847 1 1.0
3847 5 2.1119742
3847 6 1.0
3847 30 2.8805757
3847 60 2.5174055
3849 1 3.5999384
3849 7 3.808673
3849 13 3.3605156
3849 16 3.9858203
3849 62 3.9019885
3855 1 3.4337864
3855 9 2.817583
3855 11 2.4607553
3855 16 2.286703
3855 46 4.2711153
3866 3 3.57725
3866 6 3.5527248
3866 15 3.8558037
3866 18 3.2031476
3866 28 3.7159822
3867 5 1.0
3867 10 1.7189174
3867 13 1.0
3867 24 1.2643261
3867 66 1.0757486
3871 7 1.0
3871 10 1.9502027
3871 12 1.5123438
3871 24 1.0
3871 54 1.4629859
3907 6 4.919394
3907 14 1.0
3907 16 5.0
3907 34 4.054319
3907 76 3.4384956
3908 4 3.1348472
3908 18 1.946888
3908 19 2.7102802
3908 26 3.3277302
3908 58 3.2713017
3915 1 3.5524821
3915 3 3.3915539
3915 5 1.2363914
3915 11 2.9220006
3915 66 2.989672
3922 4 2.481045
3922 11 2.7674851
3922 14 2.3533754
3922 20 2.8668802
3922 34 1.3486062
3929 6 1.5370141
3929 13 1.4326868
3929 14 2.0126681
3929 31 1.2048495
3929 49 1.2861228
3937 4 3.0264008
3937 16 1.0
3937 18 1.7983754
3937 24 1.0951118
3937 53 2.1006274
3945 3 3.803041
3945 22 3.014051
3945 24 2.5661974
3945 31 2.7832851
3945 76 2.0293558
3946 4 2.7508798
3946 19 2.5828755
3946 25 1.9963553
3946 46 2.3581192
3946 54 3.1598697
3949 2 3.4020991
3949 11 3.4071884
3949 12 3.3867946
3949 20 3.8270912
3949 29 2.5837073
3954 10 4.8096685
3954 23 4.633363
3954 29 3.7032368
3954 33 3.8823795
3954 51 4.1573763
3955 1 3.3036687
3955 6 3.116926
3955 10 3.7815511
3955 27 3.8956146
3955 86 2.3042834
3960 1 2.3853862
3960 5 2.5157626
3960 7 3.1488657
3960 16 3.22629
3960 35 2.3168566
3963 1 2.0251832
3963 12 4.081575
3963 13 3.8783667
3963 31 3.731353
3963 42 4.2982383
3964 3 2.6443877
3964 5 1.995929
3964 6 2.9625583
3964 16 2.3670325
3964 30 3.304553
3965 1 2.704316
3965 3 3.279372
3965 7 1.4652551
3965 22 1.9709966
3965 39 5.0
3966 1 3.0077045
3966 5 1.23249
3966 6 2.00578
3966 18 1.3046572
3966 39 1.8836135
3974 3 4.2787704
3974 10 3.6930382
3974 13 2.8473492
3974 25 2.661279
3974 57 1.975627
3977 2 2.6510167
3977 10 4.0179787
3977 14 3.370181
3977 27 3.6946487
3977 43 2.4424963
3978 1 3.3858116
3978 13 3.3729253
3978 14 3.656373
3978 22 3.9882674
3978 89 1.0
3980 4 4.2502584
3980 16 3.735183
3980 18 2.732955
3980 27 3.1617255
3980 57 1.5595584
3994 5 1.0
3994 11 1.4676256
3994 25 1.0
3994 28 2.094682
3994 54 1.2667317
4002 8 2.6262605
4002 10 3.3863618
4002 12 3.4987905
4002 15 2.752466
4002 53 2.1025863
4004 3 2.4584491
4004 6 1.8015463
4004 9 2.5102262
4004 26 1.720192
4004 48 2.2176359
4012 1 4.5752916
4012 8 3.304263
4012 13 2.6187842
4012 26 5.0
4012 61 3.144609
4022 4 3.291301
4022 9 4.494893
4022 13 2.917683
4022 22 3.5035925
4022 87 5.0
4029 1 1.5131682
4029 25 1.0
4029 26 1.0
4029 30 2.5522075
4029 90 5.0
4030 3 2.651659
4030 14 1.3641869
4030 23 4.4891624
4030 32 1.9730701
4030 62 2.1825967
4033 1 3.2968917
4033 9 3.57546
4033 16 3.0724833
4033 20 3.5512972
4033 50 1.1952574
4035 4 3.1712966
4035 11 2.8990254
4035 14 2.8993807
4035 24 2.1970072
4035 44 2.9933486
4036 1 2.5709252
4036 10 2.9012964
4036 13 2.2076182
4036 18 1.8281611
4036 27 2.5733101
4043 1 4.0115433
4043 4 3.9004061
4043 5 3.090699
4043 18 2.2952826
4043 44 2.9638093
4044 3 2.9510572
4044 13 2.8316636
4044 22 3.3677335
4044 36 2.0068393
4044 67 2.9132442
4049 6 2.5592988
4049 12 2.763026
4049 19 3.132348
4049 50 2.0035505
4049 62 3.5766811
4052 1 3.2297094
4052 5 2.5838351
4052 8 1.0
4052 12 3.3405514
4052 62 3.0773294
4065 6 1.8089414
4065 13 1.39327
4065 18 1.0240211
4065 22 1.8471937
4065 55 1.5338917
4066 3 2.85759
4066 10 1.5795698
4066 19 1.1367859
4066 32 1.5338993
4066 52 1.0
4078 7 2.5717719
4078 13 2.0649192
4078 17 1.8819952
4078 22 2.4315255
4078 37 2.5607123
4084 5 3.8613327
4084 14 5.0
4084 18 3.9033506
4084 27 2.9766357
4084 82 2.1001868
4097 1 3.2635603
4097 7 2.558897
4097 11 2.982829
4097 31 2.233939
4097 40 2.0175161
4101 2 3.277612
4101 10 3.1597383
4101 16 3.2019382
4101 51 2.7522483
4101 77 2.855509
4105 1 3.5135713
4105 7 1.0
4105 10 1.8886849
4105 28 1.0
4105 35 1.0
4111 1 3.9779174
4111 15 3.5005603
4111 17 3.2097354
4111 34 2.9521227
4111 61 2.6519897
4121 2 3.3546531
4121 5 2.6075191
4121 8 3.8643193
4121 13 2.83202
4121 60 2.112023
4129 2 1.1250106
4129 10 1.0
4129 15 1.0
4129 22 1.0
4129 50 1.0
4135 6 4.030285
4135 21 5.0
4135 23 2.1333866
4135 32 4.355419
4135 72 1.0460886
4141 2 3.4792585
4141 9 3.8481727
4141 11 3.355649
4141 29 1.0
4141 65 3.426097
4152 4 3.136887
4152 9 1.0
4152 14 3.2464812
4152 28 3.244608
4152 47 1.9936892
4155 10 3.801115
4155 13 2.4275708
4155 15 2.9671857
4155 18 2.0764241
4155 53 2.194897
4158 2 3.2699864
4158 8 3.3025382
4158 13 2.709021
4158 26 3.1174536
4158 45 3.9243367
4160 7 3.5776088
4160 11 3.4608111
4160 16 3.344817
4160 34 2.399186
4160 55 3.2397184
4165 1 3.5542965
4165 7 2.0400124
4165 15 2.3109426
4165 22 1.8217177
4165 46 5.0
4171 1 1.978524
4171 21 2.2390177
4171 22 1.9924681
4171 25 1.2774539
4171 46 1.0
4181 4 3.161977
4181 10 3.151964
4181 18 1.781612
4181 25 2.1073961
4181 46 3.1256201
4196 2 3.098697
4196 8 3.14863
4196 10 3.642815
4196 27 2.9763746
4196 43 2.1669805
4198 3 3.115148
4198 9 3.4494836
4198 14 2.7369967
4198 17 1.7868034
4198 41 1.6727371
4199 4 3.4517994
4199 8 3.2476764
4199 16 3.7356923
4199 19 2.878562
4199 36 2.778858
4200 10 3.6357164
4200 13 2.9894977
4200 14 2.3615787
4200 27 2.8508224
4200 36 2.5967574
4205 2 2.6114452
4205 8 2.3049831
4205 10 2.7004936
4205 17 1.7738574
4205 46 2.680635
4209 3 3.8349514
4209 11 3.747571
4209 29 2.636578
4209 52 3.121963
4209 82 2.2320683
4210 1 4.145956
4210 6 2.9531999
4210 8 3.112648
4210 12 3.1543965
4210 35 2.8322117
4216 1 4.228924
4216 5 3.6473064
4216 7 3.9651637
4216 14 3.8131456
4216 33 3.331469
4219 5 2.8646495
4219 11 3.2566264
4219 12 3.3484685
4219 19 2.583466
4219 35 2.865144
4244 11 2.7541807
4244 20 2.9497316
4244 24 2.3956356
4244 54 2.4866924
4244 79 1.7856326
4249 3 4.0231743
4249 12 3.7384973
4249 13 2.9419975
4249 22 3.678229
4249 50 1.3694258
4251 1 3.453811
4251 8 1.9978307
4251 10 3.441556
4251 12 3.2889109
4251 39 3.1407409
4253 1 2.287594
4253 4 2.2061348
4253 5 2.9037852
4253 8 5.0
4253 27 3.077135
4255 4 1.8520848
4255 14 1.948911
4255 15 1.9240724
4255 27 2.0468562
4255 39 1.6836195
4256 1 2.22594
4256 6 2.6959567
4256 9 3.3476946
4256 30 1.0
4256 49 1.0
4264 1 2.4911127
4264 7 3.2496479
4264 12 2.2492614
4264 29 1.0
4264 62 3.320991
4265 1 3.7277644
4265 10 1.2826326
4265 12 1.7595919
4265 22 1.3264087
4265 60 1.0
4267 4 2.9121869
4267 12 3.0281446
4267 13 2.3617198
4267 16 2.8750775
4267 48 3.495859
4268 1 2.6914783
4268 8 1.0
4268 9 2.899342
4268 14 2.4955308
4268 29 1.4286679
4270 1 1.914306
4270 9 4.433035
4270 13 3.9030132
4270 30 2.2639263
4270 78 4.800276
4280 2 4.2277937
4280 12 4.268825
4280 14 4.133748
4280 25 3.4000778
4280 29 3.4250932
4281 3 4.466198
4281 7 2.92017
4281 10 3.7621076
4281 18 2.2225368
4281 68 2.1879818
4286 11 4.4026856
4286 25 3.3831785
4286 30 3.6437109
4286 39 3.8569217
4286 70 2.8950868
4288 2 2.7086227
4288 4 2.4856615
4288 12 2.7439296
4288 17 1.5146501
4288 45 2.2947853
4299 2 2.7221634
4299 6 2.4917684
4299 7 2.1451156
4299 17 1.7279242
4299 58 2.4202974
4306 6 2.8930974
4306 10 3.9338436
4306 13 2.6167717
4306 17 2.9624789
4306 26 2.9802947
4325 3 2.210495
4325 8 1.5438194
4325 9 1.8891352
4325 12 2.220605
4325 46 1.3129807
4327 2 2.6490633
4327 9 3.3437855
4327 14 2.8067496
4327 26 2.4595282
4327 41 5.0
4328 3 3.0152202
4328 7 2.1488562
4328 8 2.6210845
4328 35 2.367883
4328 68 3.552646
4334 2 3.6226084
4334 8 2.0835576
4334 13 1.9992962
4334 21 2.9606662
4334 51 2.7279508
4340 4 3.4257193
4340 10 3.56938
4340 14 3.2304053
4340 23 3.705464
4340 43 2.559949
4350 3 2.010275
4350 9 1.4503741
4350 10 1.398888
4350 21 1.6024001
4350 50 1.0
4351 2 3.373059
4351 18 2.374641
4351 23 3.6502826
4351 34 2.6708055
4351 45 3.0087514
4352 3 1.0
4352 7 1.0
4352 10 2.1765966
4352 30 3.284602
4352 41 2.1632254
4357 1 3.3358727
4357 11 3.2030532
4357 12 3.6839404
4357 21 3.6904883
4357 48 3.4620197
4359 4 2.9624612
4359 8 1.7770075
4359 9 2.4311721
4359 14 2.3688176
4359 63 2.721022
4362 3 2.579771
4362 10 3.520319
4362 14 2.6302667
4362 25 2.216004
4362 73 2.774162
4364 8 1.7931244
4364 14 1.9329343
4364 19 1.0
4364 28 1.6381205
4364 37 1.9053614
4369 1 4.1190605
4369 20 3.9436827
4369 21 2.6537604
4369 26 2.6069412
4369 58 1.4695145
4372 2 4.1783047
4372 7 4.189553
4372 8 4.066329
4372 14 4.0571613
4372 63 3.6125264
4373 2 1.0
4373 6 2.586951
4373 14 1.0
4373 30 1.0
4373 50 1.0
4377 2 3.5483508
4377 7 3.3293157
4377 10 3.38425
4377 16 3.6562476
4377 30 2.9436905
4378 2 3.416294
4378 9 3.919876
4378 10 3.414406
4378 13 2.570905
4378 40 2.565473
4379 4 3.064096
4379 15 2.7158854
4379 16 3.6548164
4379 34 2.4437056
4379 55 3.2696905
4384 9 4.3602443
4384 15 3.628721
4384 17 3.1375647
4384 35 3.5668592
4384 75 3.1855357
4390 4 2.6017153
4390 10 2.882453
4390 13 2.1909711
4390 17 2.0177455
4390 52 2.1141086
4394 3 2.0118012
4394 6 1.0513141
4394 10 2.6286347
4394 16 2.7989275
4394 39 1.9904009
4395 2 2.3550515
4395 9 3.1884649
4395 10 2.8502738
4395 15 2.203746
4395 30 2.4887936
4401 2 1.5950909
4401 14 1.2948227
4401 16 1.3578601
4401 19 1.0
4401 49 1.0
4403 4 3.3677878
4403 6 2.697231
4403 13 2.907226
4403 17 2.9198487
4403 42 4.1929107
4405 3 4.3126316
4405 8 3.8450148
4405 10 4.2557917
4405 15 3.641646
4405 39 4.065909
4412 2 4.425705
4412 12 4.551519
4412 13 3.7776866
4412 22 4.311145
4412 32 4.181176
4416 4 2.4600806
4416 16 2.6242504
4416 17 1.5605533
4416 36 2.2823
4416 63 1.7450626
4431 7 3.2292187
4431 15 2.4513237
4431 17 2.2756782
4431 19 2.4590101
4431 44 1.0
4432 1 4.7831054
4432 15 5.0
4432 18 3.682341
4432 39 3.9845567
4432 60 3.6035838
4435 5 2.549756
4435 13 2.136163
4435 18 1.4851366
4435 27 3.4138324
4435 50 2.000758
4437 2 4.079757
4437 7 3.8948917
4437 9 4.4392495
4437 17 3.2913258
4437 42 4.094603
4444 2 3.748978
4444 7 3.8536727
4444 16 5.0
4444 28 3.8511896
4444 47 3.9798489
4452 3 1.0
4452 6 4.2451534
4452 7 4.6318517
4452 11 4.346227
4452 43 3.677102
4456 1 1.9306083
4456 4 2.0342503
4456 7 1.9750583
4456 17 1.0
4456 46 1.7377313
4459 2 3.5617237
4459 5 3.0925145
4459 10 3.6958842
4459 17 2.632949
4459 40 2.675091
4461 5 1.5320698
4461 9 3.1863062
4461 23 2.9206102
4461 31 2.4808004
4461 54 1.0
4467 4 3.1168206
4467 8 2.7939432
4467 10 3.3792682
4467 21 3.5982928
4467 38 3.9545548
4468 10 4.10588
4468 14 3.8681343
4468 19 3.3177094
4468 39 4.0626717
4468 71 1.9351172
4470 3 3.4011402
4470 17 2.6590612
4470 24 2.9461622
4470 28 3.1277544
4470 46 2.9001176
4471 2 2.1016815
4471 9 2.4853733
4471 15 1.2283671
4471 20 2.9968817
4471 40 1.843907
4473 3 4.025681
4473 8 4.089232
4473 9 4.4955516
4473 15 3.8055038
4473 42 4.160214
4476 1 2.848695
4476 9 3.7037368
4476 12 3.3678427
4476 30 3.6429813
4476 77 2.7690737
4477 1 2.7714186
4477 11 3.5457513
4477 14 3.6853135
4477 23 3.736145
4477 48 3.3710928
4479 1 4.793075
4479 21 4.2515783
4479 29 3.7692723
4479 35 3.8859353
4479 57 5.0
4483 3 3.5861437
4483 12 3.1354322
4483 13 2.2558815
4483 21 3.156896
4483 33 2.357185
4486 4 2.5261989
4486 16 2.8953424
4486 26 2.7384453
4486 33 2.0423424
4486 68 1.0
4489 1 3.6806104
4489 3 3.327046
4489 4 3.1645622
4489 47 2.7360888
4489 58 3.0218718
4494 3 4.5663548
4494 10 4.1589055
4494 11 3.4726512
4494 13 3.0780544
4494 17 2.7987163
4500 3 3.9045088
4500 15 3.7667637
4500 17 3.3195927
4500 21 3.8172488
4500 38 3.9241729
4511 2 3.1824152
4511 7 3.4309807
4511 11 3.8041399
4511 21 3.6241975
4511 52 3.0852942
4512 1 3.2447286
4512 6 3.1406534
4512 12 3.7638712
4512 26 3.6388752
4512 51 3.044887
4515 2 3.188917
4515 4 3.301809
4515 8 3.1870546
4515 11 3.2403512
4515 30 3.2525191
4516 1 1.5294623
4516 15 2.9192228
4516 21 3.170605
4516 27 3.1061187
4516 62 3.5798283
4521 5 2.7505927
4521 10 3.6224475
4521 19 3.195835
4521 25 2.5574725
4521 42 3.0966282
4543 4 5.0
4543 9 4.568812
4543 10 4.281072
4543 36 5.0
4543 58 1.0
4546 1 3.122916
4546 8 2.8339205
4546 11 3.4698212
4546 18 2.5205967
4546 44 3.5329864
4548 1 4.245282
4548 6 4.776285
4548 14 4.1249247
4548 18 3.2253199
4548 28 4.1168165
4551 4 3.4554718
4551 13 2.4930546
4551 18 1.8421474
4551 20 1.0
4551 54 2.4194937
4557 5 1.1065528
4557 8 3.9791427
4557 15 2.142489
4557 22 2.0527534
4557 66 1.7319822
4574 1 2.7482364
4574 4 2.070259
4574 6 2.0614188
4574 26 1.8273846
4574 38 1.9684618
4582 6 3.09831
4582 21 2.8719485
4582 37 2.7064981
4582 46 5.0
4582 64 3.1270165
4595 5 3.4826005
4595 8 3.8122432
4595 9 4.092135
4595 16 3.8857315
4595 48 4.872267
4604 1 3.915096
4604 12 3.9694498
4604 15 3.524124
4604 25 3.0741658
4604 52 3.018832
4613 1 3.6125731
4613 7 3.534521
4613 11 3.5902245
4613 15 3.4729154
4613 46 2.4913146
4618 2 4.121852
4618 8 3.5951903
4618 13 3.7338748
4618 23 4.786763
4618 41 3.4381428
4619 1 2.6927147
4619 6 2.5117896
4619 11 3.493137
4619 31 2.7193441
4619 76 1.9186424
4620 1 2.658698
4620 10 2.793762
4620 16 2.9002576
4620 22 2.4050324
4620 41 1.4971937
4621 2 4.0452366
4621 10 4.170899
4621 12 3.9587035
4621 20 4.205588
4621 47 3.1407225
4626 8 1.0
4626 19 1.0
4626 22 1.6055171
4626 39 1.0
4626 73 3.1089869
4629 1 3.9264297
4629 10 3.8259015
4629 16 2.4189882
4629 19 2.3051822
4629 31 3.079592
4635 2 3.4717202
4635 6 3.16022
4635 12 3.6090891
4635 29 2.5090418
4635 44 1.7707822
4638 6 2.334176
4638 17 1.6050462
4638 21 2.5552409
4638 31 1.9505309
4638 67 1.7404159
4641 1 2.8887246
4641 7 4.328378
4641 8 1.3061051
4641 24 2.6586044
4641 45 2.6536267
4643 2 2.9504437
4643 5 1.9124801
4643 7 2.5078957
4643 10 2.7589083
4643 24 1.7471067
4647 1 5.0
4647 4 3.6691642
4647 7 2.8682604
4647 13 1.7638423
4647 30 2.3838603
4648 1 2.9166794
4648 4 2.5704925
4648 6 2.3555427
4648 18 1.5164721
4648 51 2.2017229
4650 2 2.452386
4650 8 2.8844028
4650 16 1.0
4650 20 3.5087197
4650 59 1.4708631
4657 3 5.0
4657 7 4.3937874
4657 8 4.3777604
4657 31 3.7655344
4657 91 3.2592623
4662 2 1.7054472
4662 9 1.9068004
4662 10 2.0912669
4662 21 1.5153102
4662 25 1.2809589
4663 2 1.0
4663 8 1.8637606
4663 9 2.0752702
4663 19 1.3133214
4663 50 1.0
4666 5 1.0
4666 12 1.0
4666 13 1.0
4666 28 1.0
4666 49 1.0
4670 2 1.0934495
4670 10 1.2115374
4670 12 1.5723331
4670 25 1.0
4670 46 1.0
4673 5 1.9765621
4673 16 2.4818003
4673 19 1.7380686
4673 22 2.3679485
4673 61 2.0025997
4676 4 3.1658936
4676 6 2.1462615
4676 9 3.801695
4676 11 3.3826394
4676 25 2.466904
4677 3 1.0
4677 10 1.6950976
4677 26 1.0
4677 38 1.0
4677 52 1.0
4686 4 3.3715062
4686 16 2.1852837
4686 19 2.865098
4686 26 2.607397
4686 49 5.0
4699 1 4.628295
4699 4 3.5252283
4699 13 2.910946
4699 16 3.8261886
4699 29 2.65277
4702 3 2.6116028
4702 13 1.4773037
4702 16 1.0
4702 28 1.7542269
4702 43 2.0051413
4703 3 3.323531
4703 11 1.7246614
4703 13 1.4279301
4703 18 1.1297143
4703 48 2.18604
4708 1 4.1852493
4708 3 4.2742963
4708 6 3.649378
4708 13 3.1950135
4708 38 4.2932115
4710 1 3.739465
4710 11 3.428917
4710 22 1.7168509
4710 26 1.9101328
4710 45 3.950026
4725 7 1.3178313
4725 16 1.4580517
4725 17 1.0
4725 19 1.1271491
4725 47 1.0
4733 3 3.3323567
4733 9 2.2724898
4733 13 1.1973834
4733 22 1.8751829
4733 53 1.0304539
4753 5 2.2007504
4753 10 2.7148368
4753 12 2.4017265
4753 15 2.732078
4753 42 2.4344416
4758 2 3.768125
4758 7 3.8687923
4758 8 3.6763222
4758 11 3.9584227
4758 55 2.959788
4764 1 2.6646996
4764 7 3.9391613
4764 8 3.2226079
4764 18 2.5143926
4764 36 3.1492262
4767 5 3.191983
4767 11 3.5514085
4767 18 2.8516312
4767 27 3.7846985
4767 58 3.737406
4769 2 3.3496058
4769 8 1.8311476
4769 10 2.9273725
4769 19 2.6625736
4769 33 2.5324047
4776 3 3.70391
4776 11 3.353983
4776 13 2.981981
4776 25 3.0872273
4776 43 2.0955436
4788 14 3.117388
4788 23 1.0
4788 25 1.0
4788 31 1.0
4788 72 1.0
4797 8 2.740779
4797 11 1.7449782
4797 12 3.123665
4797 21 3.363244
4797 71 1.1638738
4807 2 2.670426
4807 6 1.299241
4807 13 2.0581095
4807 21 2.9608588
4807 48 2.6534567
4810 5 4.0398836
4810 16 4.433549
4810 18 3.434207
4810 24 3.752096
4810 86 3.6609201
4812 1 3.967879
4812 7 2.4714816
4812 8 2.252331
4812 16 3.4690456
4812 33 2.3260894
4823 4 2.348432
4823 12 2.7328172
4823 13 2.0842035
4823 24 2.4212937
4823 54 3.4799795
4824 3 3.7784467
4824 10 3.3757913
4824 27 3.397255
4824 34 2.3881178
4824 75 1.9594208
4830 5 2.3425813
4830 10 3.3127975
4830 16 2.7381074
4830 22 2.6689827
4830 37 2.5560567
4834 1 3.1335597
4834 3 2.4213443
4834 9 2.583552
4834 11 2.923293
4834 41 1.4717182
4839 1 3.174001
4839 5 2.5974755
4839 7 3.1304514
4839 31 2.4834125
4839 45 2.369661
4849 2 3.2139149
4849 7 3.388762
4849 12 3.1102035
4849 15 2.457168
4849 38 3.6298554
4855 1 3.5735881
4855 3 3.5765388
4855 10 3.5967262
4855 16 3.541403
4855 27 3.8258557
4865 2 1.2885467
4865 15 1.1400096
4865 16 1.9726148
4865 31 1.0312307
4865 54 2.158052
4866 3 2.202445
4866 11 2.5038848
4866 12 2.1756551
4866 22 1.9149938
4866 49 1.7079127
4872 3 4.1758947
4872 10 4.112645
4872 15 3.5216422
4872 25 3.3512223
4872 43 2.8071413
4877 5 2.2945628
4877 8 2.3449526
4877 10 2.7624817
4877 17 1.7756321
4877 26 2.6602936
4878 2 2.3873014
4878 7 1.9169469
4878 9 1.3590789
4878 21 2.3210146
4878 52 2.3539464
4885 1 2.433948
4885 3 3.2640254
4885 11 2.4179208
4885 18 1.4630618
4885 82 3.0446172
4892 2 1.0
4892 9 1.503559
4892 11 2.4386072
4892 15 1.2570795
4892 47 1.0
4895 3 1.0
4895 11 1.0
4895 23 2.2491708
4895 39 1.0
4895 60 1.0
4897 5 2.0178292
4897 18 1.5528728
4897 22 2.1611567
4897 34 1.8863854
4897 60 1.3522832
4899 1 4.117282
4899 4 3.641906
4899 6 3.5936599
4899 14 3.6239924
4899 72 4.090678
4906 1 2.9800644
4906 6 2.0145345
4906 8 1.0
4906 19 1.0
4906 65 1.0
4918 7 3.0702121
4918 16 3.367958
4918 19 2.9557557
4918 23 2.8448727
4918 48 5.0
4926 7 3.8422375
4926 12 3.4156644
4926 20 2.738687
4926 24 2.9691496
4926 55 5.0
4932 1 2.5614552
4932 4 1.9923432
4932 9 1.7850715
4932 25 2.7271762
4932 48 3.610205
4933 12 2.2108011
4933 14 2.1438987
4933 18 1.0
4933 24 1.5233133
4933 51 1.0592922
4941 1 1.0
4941 12 3.555665
4941 19 2.7773335
4941 27 3.7017398
4941 40 2.229075
4944 1 3.582397
4944 5 2.97811
4944 7 3.2072892
4944 40 3.091762
4944 77 3.1089246
4945 2 1.8707435
4945 4 2.3285758
4945 18 1.0
4945 22 1.8424387
4945 70 1.0
4956 5 2.6921964
4956 18 2.0319612
4956 20 3.1654675
4956 26 3.9008331
4956 47 2.471628
4968 5 1.4141304
4968 9 2.4353876
4968 10 2.4732823
4968 17 1.4126647
4968 25 1.1062989
4970 4 3.5533738
4970 15 5.0
4970 26 1.0
4970 31 2.4900997
4970 54 1.0
4974 1 2.4027002
4974 9 3.2239997
4974 20 3.372203
4974 26 2.7454133
4974 67 2.9698617
4979 3 5.0
4979 14 3.0449002
4979 23 3.2891057
4979 29 2.2818394
4979 62 3.307673
4987 1 4.2815037
4987 7 3.6561372
4987 15 3.739438
4987 18 2.9769254
4987 40 3.5314093
