11 1 3.3529925
11 6 3.5087843
11 7 3.104849
11 9 3.5228226
11 65 2.2186716
31 10 3.0249836
31 14 2.3260257
31 17 1.4574778
31 19 1.0
31 31 1.9506537
34 2 3.5788398
34 12 3.5878787
34 22 3.088546
34 28 3.3073058
34 42 3.4016035
35 2 3.0567434
35 9 4.018925
35 10 3.5520036
35 22 2.6909394
35 32 2.9227057
39 1 3.3738382
39 12 3.5953555
39 21 3.8318534
39 25 2.5373442
39 52 2.5198443
44 3 3.1617444
44 16 2.7836711
44 17 2.116224
44 20 2.6462831
44 56 2.130928
48 1 2.5815806
48 6 1.9905574
48 8 2.5733216
48 18 1.6208738
48 50 1.6477957
56 3 3.3892055
56 15 2.799093
56 17 2.141503
56 25 2.3285217
56 33 2.8203516
57 2 3.4371493
57 12 3.4671683
57 17 2.56863
57 31 3.1947033
57 59 2.5776744
63 6 2.3977654
63 10 3.0303288
63 11 2.6873255
63 21 3.0215616
63 37 2.6233253
64 1 3.3966753
64 9 3.2906232
64 11 2.7188294
64 17 2.2744555
64 52 2.3897862
68 1 3.4232526
68 6 2.968906
68 7 3.4748523
68 13 2.9563024
68 46 2.932536
70 3 3.491365
70 9 3.8713567
70 13 2.571008
70 17 2.5888295
70 39 2.976997
71 2 3.1312797
71 11 3.1083145
71 13 2.6063564
71 17 2.3016582
71 48 3.6747322
81 1 3.3547664
81 7 2.870327
81 9 3.0892656
81 23 3.2238162
81 50 2.7314918
94 1 3.3418553
94 7 3.1879604
94 8 2.8487635
94 25 2.613077
94 45 3.0016947
100 4 2.515536
100 12 2.6529753
100 17 2.1589088
100 21 2.7053187
100 32 2.6339202
117 1 3.1238165
117 6 2.790845
117 7 2.5194178
117 20 3.1885061
117 82 2.0373936
119 1 3.1705608
119 6 3.3062897
119 12 3.408296
119 25 2.1669023
119 47 2.6149375
129 5 2.0719676
129 7 2.8207254
129 11 3.1034312
129 19 2.2203324
129 45 2.5629902
131 1 3.2561061
131 11 3.3419435
131 12 3.1921065
131 19 2.4903371
131 49 3.0418367
133 6 2.9663854
133 13 2.77623
133 16 3.2542012
133 19 2.4950526
133 40 2.794259
136 1 3.482274
136 15 2.9619496
136 20 3.1193607
136 46 2.9171455
136 83 2.8497477
148 4 2.8962317
148 7 2.4469285
148 8 2.2147408
148 29 1.765656
148 75 2.326246
150 1 3.075951
150 5 2.540019
150 7 2.905449
150 22 3.1626315
150 78 1.9743855
156 1 2.5786774
156 7 2.2627614
156 10 2.765222
156 39 2.0238743
156 56 1.7011719
159 6 2.321622
159 11 1.7858204
159 12 2.7656662
159 19 1.746364
159 40 2.0103314
161 2 3.0429955
161 9 3.629592
161 10 3.2232993
161 22 2.9150226
161 31 2.3978739
172 1 3.3796716
172 13 2.5315604
172 18 2.0813875
172 22 3.530156
172 53 2.3239133
174 2 2.6570895
174 7 2.960347
174 11 2.8593476
174 22 2.7551916
174 59 2.3024783
176 1 2.956548
176 17 2.0371664
176 20 3.1995375
176 28 2.687261
176 69 2.0836504
181 1 3.4908092
181 9 3.7106938
181 12 3.0737677
181 16 3.0888202
181 39 2.2120886
184 6 3.140602
184 10 3.9880462
184 11 3.4721274
184 21 3.4270868
184 61 2.716586
185 2 3.6330147
185 9 3.904277
185 22 3.1911325
185 27 3.3784833
185 52 2.4169343
194 5 1.9068453
194 21 2.6552534
194 25 1.2164423
194 34 2.0236018
194 50 1.9376726
196 6 2.5267582
196 11 2.8184657
196 12 2.718064
196 21 2.9043198
196 48 2.9270473
199 4 2.78351
199 17 2.0136204
199 19 2.1190143
199 24 2.217638
199 53 2.0131521
204 4 3.1808512
204 12 3.1746297
204 13 2.3243818
204 28 2.7578623
204 49 2.712637
207 4 3.537079
207 7 3.1171305
207 11 3.077788
207 31 2.5187185
207 79 2.0538917
208 1 3.633513
208 7 2.7485895
208 9 3.338933
208 15 2.9073
208 49 2.5704195
210 9 3.133213
210 12 2.5781336
210 20 2.957925
210 23 2.8204002
210 46 2.3182333
211 2 3.3374217
211 19 3.0990443
211 21 3.5272214
211 32 3.099395
211 65 2.726828
216 1 3.2245877
216 19 1.8182327
216 22 2.6661174
216 35 2.1818101
216 69 2.288485
220 3 3.362812
220 11 3.0269525
220 16 2.887401
220 22 2.6533463
220 47 2.2057593
225 1 3.526765
225 6 3.0396607
225 14 2.8328784
225 26 3.0052595
225 37 2.8017347
230 1 3.0160687
230 17 1.5320005
230 20 3.3014371
230 29 1.8157729
230 55 1.9535258
231 1 3.39103
231 6 3.0644088
231 8 3.296158
231 17 2.7071016
231 88 2.0546372
232 1 3.3947246
232 11 3.3006048
232 12 3.5381703
232 26 3.1543152
232 48 3.4069948
241 4 3.2193828
241 8 3.0897765
241 10 3.3429627
241 16 3.3426166
241 49 2.7612634
243 1 3.0345283
243 8 2.638166
243 11 2.8992264
243 23 3.0211654
243 80 3.0879765
246 1 2.6625237
246 11 2.8611557
246 14 2.8023505
246 26 2.7530637
246 32 2.5370455
253 1 3.4632635
253 6 2.9285038
253 16 3.8062518
253 26 3.147693
253 42 3.2666485
254 6 2.3479443
254 12 2.8866563
254 14 2.9509456
254 24 1.9924456
254 55 2.2370868
258 4 3.224011
258 11 3.2715063
258 17 2.5993726
258 20 3.459573
258 52 2.324391
270 2 2.195762
270 6 2.2352085
270 7 1.9927003
270 13 1.6925447
270 42 2.5624554
288 3 3.206525
288 16 3.241558
288 18 1.2641925
288 26 2.7003503
288 72 2.686082
296 2 2.6090739
296 7 2.1724563
296 12 2.6201901
296 26 2.2761538
296 94 1.4995195
304 1 3.347554
304 8 2.6200259
304 11 3.066335
304 21 3.2432127
304 41 2.322798
308 5 2.4815981
308 10 3.5696535
308 12 3.2027636
308 29 2.0506868
308 41 2.50764
309 7 3.1387665
309 11 3.2900043
309 19 2.6245537
309 50 2.2921813
309 65 2.6465232
313 3 3.6051521
313 15 2.713745
313 25 2.4446077
313 27 3.1139946
313 59 2.4980063
314 1 2.9844418
314 4 2.7040021
314 6 2.5184958
314 20 3.205927
314 46 2.510482
323 5 2.416534
323 11 3.182393
323 12 3.122426
323 23 3.145311
323 55 2.6783404
330 1 3.1807666
330 5 2.3371003
330 10 2.9821122
330 18 1.8490133
330 36 2.1725478
331 3 3.376024
331 7 2.7011495
331 12 2.8430111
331 23 2.881255
331 56 1.8533168
334 1 3.2756927
334 6 2.7295682
334 7 3.0408604
334 36 2.122145
334 63 2.5203702
336 1 3.4720192
336 7 3.4423454
336 11 3.5860384
336 22 3.427382
336 51 3.13164
338 2 2.9822476
338 11 2.8832233
338 12 2.8877127
338 22 2.790364
338 79 1.7718109
339 4 3.3199747
339 15 2.9351602
339 21 3.6878526
339 34 2.5018556
339 55 3.1340039
350 4 3.0794687
350 11 3.0137012
350 12 2.9389381
350 17 2.1827939
350 34 2.190213
353 2 3.5228052
353 15 3.1714153
353 24 2.8275478
353 38 3.8369265
353 51 3.0968986
355 1 3.2439795
355 5 2.8505518
355 6 2.7665415
355 22 3.0071125
355 52 2.3856328
356 1 3.3090577
356 13 2.8258512
356 14 2.7971218
356 32 2.971502
356 75 2.443919
365 3 3.2343442
365 12 2.94472
365 13 2.794806
365 24 2.384398
365 41 2.0164034
366 1 3.3032157
366 6 2.618314
366 8 2.690419
366 16 3.1822119
366 73 2.8233027
368 6 2.56421
368 15 2.434131
368 16 3.275075
368 35 2.465242
368 69 2.0633526
387 2 2.5711277
387 14 2.5851333
387 16 2.7443624
387 20 3.307141
387 33 2.1001437
388 1 2.9696543
388 4 2.6910238
388 5 2.3554082
388 13 2.1633282
388 34 2.0007687
392 3 3.6012137
392 21 3.48172
392 30 2.771152
392 33 3.1437728
392 90 2.596248
404 2 3.2869868
404 7 3.115436
404 12 3.9932165
404 18 2.1744237
404 65 2.2004929
407 2 2.8370497
407 4 2.8970554
407 12 3.0939822
407 21 2.9263234
407 52 2.0251698
408 3 3.297555
408 8 1.8602242
408 12 2.95063
408 18 1.2017589
408 55 2.3484442
417 1 3.5189679
417 4 3.2403374
417 12 3.4220638
417 18 2.303712
417 35 2.9410944
420 5 1.7171129
420 18 1.116103
420 23 2.3199291
420 29 1.2478825
420 43 1.249947
421 2 3.26403
421 4 2.6926339
421 5 2.577597
421 8 2.830336
421 38 3.7816806
424 3 2.9442852
424 17 2.2603512
424 19 1.9036258
424 35 2.615136
424 80 3.0467753
425 2 3.3366394
425 6 3.0215378
425 7 3.6104572
425 12 3.3322809
425 28 3.3392458
442 6 2.77436
442 9 3.4626696
442 26 2.978558
442 54 3.1996179
442 81 2.0078177
444 1 3.4238393
444 10 3.5939357
444 12 3.5217507
444 25 2.3797326
444 53 2.3609655
445 7 1.8904835
445 11 2.492033
445 12 2.5298107
445 16 2.0474663
445 78 1.0572587
451 10 3.4629593
451 19 2.449796
451 22 2.9910848
451 30 2.5179448
451 59 2.4873092
460 3 3.7498505
460 13 2.8104389
460 14 3.3831217
460 22 3.238201
460 49 2.9224768
463 4 3.3032117
463 9 3.8158476
463 11 4.024969
463 14 3.3255591
463 30 2.3140428
464 1 3.3214557
464 4 3.2738528
464 9 3.5778136
464 28 3.5064793
464 34 2.8999472
465 5 2.9725008
465 12 3.8424456
465 14 3.4871323
465 26 3.0680637
465 46 3.0824063
466 1 3.4582255
466 5 2.6260786
466 9 3.7059062
466 13 2.5295784
466 24 2.4333556
476 4 3.0366192
476 13 2.6280994
476 16 3.5750313
476 21 3.192632
476 46 2.8601413
478 6 2.5847108
478 10 3.3626292
478 21 3.2063472
478 43 2.162687
478 70 2.24055
482 5 2.6100988
482 9 3.7364883
482 10 3.3090875
482 15 2.8779926
482 31 2.6084783
485 9 3.5272162
485 12 3.3021796
485 13 2.518803
485 18 2.4666793
485 60 2.1048863
487 2 2.7085304
487 9 3.0069022
487 14 2.5927148
487 22 2.2554393
487 42 2.7252064
490 3 2.9229
490 13 1.0
490 17 1.0
490 33 1.8653989
490 50 1.0
494 3 3.5243576
494 7 3.00029
494 9 3.8657265
494 19 2.272493
494 64 2.191385
496 4 2.7803004
496 17 1.6539949
496 18 1.8277276
496 26 2.7431536
496 44 2.81109
499 1 3.4261022
499 9 3.189045
499 11 2.6206634
499 18 1.5821141
499 25 1.7863371
507 5 2.6000051
507 16 3.703004
507 17 2.5220003
507 27 3.1568744
507 61 1.910711
508 1 3.5644467
508 4 3.4635494
508 13 2.590036
508 17 2.50795
508 48 3.4652069
510 2 3.0219264
510 9 3.081021
510 10 3.307571
510 18 1.3216808
510 35 2.5320816
514 1 3.4378078
514 4 3.3449824
514 5 3.2073646
514 21 3.3010406
514 50 2.3358812
519 4 2.5619254
519 8 1.8718188
519 11 2.142934
519 16 2.927182
519 45 2.1434684
530 8 2.1751103
530 12 2.946937
530 14 2.4470277
530 22 2.7108953
530 63 2.4932234
534 1 3.7810493
534 13 2.4508455
534 14 2.874415
534 25 2.4485648
534 49 2.8079252
550 4 3.759821
550 8 4.1353154
550 15 3.6552448
550 22 3.102831
550 51 2.8758292
555 4 3.6762455
555 10 3.4906473
555 17 2.4085534
555 24 2.3119268
555 41 2.3860092
564 2 2.9908948
564 8 2.5631003
564 9 3.9479988
564 28 3.541099
564 93 1.7592434
565 9 2.8779905
565 16 2.6266384
565 18 1.0
565 31 1.8277607
565 45 1.5933486
568 2 3.3637128
568 6 3.4658675
568 9 3.6689374
568 27 3.2949653
568 37 2.9278574
581 8 3.2468324
581 17 2.7181332
581 22 3.2589507
581 30 2.8679404
581 46 3.136077
587 3 3.178067
587 11 2.785767
587 19 1.9912983
587 28 2.3134158
587 38 3.12539
595 2 2.6689496
595 5 2.4289258
595 7 3.0612578
595 11 2.8986323
595 35 2.6740623
603 10 3.9702141
603 24 2.7996953
603 31 2.721675
603 39 2.659156
603 50 2.297782
607 4 3.389567
607 10 3.5815756
607 12 3.2915764
607 38 3.7030451
607 75 2.759012
610 4 2.8084028
610 10 3.1042383
610 11 2.9139636
610 17 1.6709694
610 41 1.8022865
619 1 3.6762521
619 8 2.9167738
619 11 3.515711
619 15 2.833687
619 43 2.277282
622 1 3.4446445
622 13 2.4271746
622 27 3.192185
622 40 2.780517
622 74 2.9376147
625 2 3.3500628
625 4 3.2760851
625 9 3.747846
625 16 3.7513313
625 27 3.7192044
626 6 2.5410373
626 17 2.1990798
626 18 1.2088482
626 34 1.3684382
626 72 2.6224086
637 7 3.1243389
637 10 3.3979406
637 13 2.3602412
637 17 2.4477642
637 40 2.7865224
638 5 2.8126466
638 10 4.0547805
638 15 3.316027
638 25 2.6283522
638 47 2.9632814
640 1 3.316073
640 4 3.0139594
640 6 2.9548647
640 16 3.1168582
640 31 2.4643626
648 2 3.1336277
648 7 3.1392183
648 9 3.4415188
648 26 3.226957
648 29 2.1355705
660 2 2.7986422
660 17 2.0092058
660 18 1.8762151
660 30 2.204666
660 42 2.7906764
661 4 3.0834906
661 11 3.2561402
661 15 2.9020455
661 30 2.694724
661 60 1.9002687
663 1 2.8715386
663 10 3.1435494
663 11 2.6913083
663 13 2.3667293
663 36 2.0463884
668 12 3.8008184
668 19 3.017501
668 20 3.606018
668 24 2.5616815
668 49 2.7458224
685 5 2.7570415
685 7 3.3821108
685 10 3.5364347
685 17 2.464472
685 51 2.8468497
690 1 3.4086344
690 10 3.329147
690 14 2.266625
690 28 2.4387426
690 84 1.9649727
691 1 3.5303648
691 8 2.9004152
691 11 3.2244322
691 27 3.5472858
691 50 2.547203
694 1 2.8424132
694 8 2.535269
694 9 3.1822708
694 31 2.1300416
694 54 2.6351535
701 6 2.5190954
701 22 1.9584293
701 24 1.8351125
701 31 1.6874979
701 41 1.3203366
703 1 3.8238428
703 5 3.2971575
703 10 3.6230285
703 18 2.2300317
703 63 3.0844972
706 2 2.6645594
706 5 1.3257998
706 11 1.8589792
706 17 1.9190787
706 31 1.9682093
730 1 3.5173335
730 7 3.0551312
730 14 2.9821959
730 26 2.8063018
730 45 2.7544863
731 2 3.4598079
731 5 2.5268936
731 16 3.5639653
731 28 3.1649053
731 63 2.6137066
732 3 3.1196995
732 14 2.7208495
732 16 2.9733121
732 22 2.5513678
732 74 2.664305
734 6 2.610807
734 13 1.8608061
734 17 1.7919918
734 22 2.194745
734 79 1.8480284
736 2 3.338261
736 10 4.103634
736 16 3.4861627
736 29 2.4280994
736 58 3.5429971
744 3 2.9808173
744 7 2.6359377
744 12 2.9454308
744 25 1.3402171
744 68 2.1675336
745 5 2.8998663
745 8 3.2113843
745 10 3.5680346
745 16 3.6147237
745 33 2.86672
746 2 3.235777
746 11 2.9653313
746 13 2.2646878
746 35 2.5885613
746 45 2.4835777
751 5 3.2330067
751 15 3.2799132
751 18 2.2992415
751 23 3.31167
751 40 2.6504836
757 12 3.1863744
757 19 3.2399805
757 25 3.3654056
757 29 3.1760263
757 68 2.4156399
758 3 2.401688
758 10 2.6495416
758 12 2.2617486
758 14 1.9588281
758 70 1.268213
761 3 3.2712712
761 8 3.3283827
761 12 3.1997766
761 15 2.7395232
761 65 2.2394676
763 3 3.5104003
763 9 3.4662275
763 13 2.5333118
763 22 3.2598681
763 46 2.9786696
766 6 2.4868474
766 10 3.1125505
766 18 1.7989472
766 25 1.7858272
766 52 1.8871968
773 1 3.3630605
773 3 3.6871865
773 10 3.5807245
773 31 2.7216613
773 42 3.2135577
776 1 3.8331306
776 6 3.0150018
776 8 3.3446956
776 13 2.5491917
776 55 2.7486162
777 1 3.840028
777 4 3.2663188
777 8 3.0418591
777 16 3.28261
777 29 2.313784
785 8 2.6670337
785 15 2.314926
785 18 1.7177943
785 26 2.1773577
785 45 2.5422604
790 10 3.3650725
790 13 2.451082
790 16 3.4272048
790 25 2.4295669
790 35 2.7495153
800 4 2.9136612
800 6 2.7286117
800 10 3.2825816
800 16 3.0647857
800 38 4.010892
807 1 2.8225389
807 4 1.9896652
807 5 1.9763548
807 24 1.638519
807 35 1.8217175
808 2 3.3776743
808 11 3.2332258
808 12 3.1333551
808 19 2.5894525
808 28 3.183623
814 1 2.8405533
814 9 2.9888062
814 15 2.3876169
814 21 2.8223984
814 33 1.635026
818 6 2.4223585
818 12 2.8690486
818 13 2.1485436
818 17 1.8328903
818 53 1.8207743
822 3 2.6095421
822 12 3.0196698
822 13 1.7514551
822 26 2.6601682
822 45 2.5724554
823 3 3.3376958
823 6 2.9067655
823 7 3.400051
823 10 3.8270264
823 18 2.1488943
829 16 3.4367514
829 19 2.6813307
829 22 2.8920686
829 24 2.7512503
829 33 2.545601
833 2 3.3905118
833 19 2.7242715
833 24 2.6952543
833 29 2.4736333
833 54 3.443578
843 7 3.5373974
843 14 3.3120878
843 15 3.4308677
843 22 3.089578
843 76 2.4583442
845 5 1.9548931
845 12 2.5972097
845 14 3.2945337
845 17 2.096131
845 30 2.2278183
852 2 3.254434
852 8 2.9563186
852 10 3.9282627
852 15 2.930285
852 46 2.9906003
853 3 3.3665762
853 9 3.4410799
853 17 2.1968384
853 28 2.6722915
853 47 2.4025953
859 2 3.0293882
859 5 2.6749876
859 10 3.6194882
859 38 3.5379412
859 67 2.401312
862 4 2.5596838
862 15 2.1000867
862 19 1.2398219
862 28 2.482385
862 47 1.7088175
866 2 3.0274775
866 6 3.0979111
866 11 2.4349551
866 24 2.4017425
866 42 3.0885668
868 2 3.1914175
868 9 3.7837038
868 12 3.4204092
868 23 3.5212133
868 46 2.7621748
873 18 2.005765
873 20 3.4177284
873 27 3.053594
873 31 2.3232515
873 43 2.1411889
879 1 3.0027232
879 9 3.7636666
879 10 3.3186033
879 18 2.2027335
879 92 1.5188022
880 5 2.9035606
880 11 3.3932493
880 14 3.3346312
880 25 3.086665
880 44 3.3431594
886 3 3.3033047
886 6 2.902872
886 9 3.629848
886 17 2.7327688
886 40 2.608084
889 2 1.8114965
889 12 2.5359025
889 18 1.0
889 24 1.8056226
889 88 1.669009
893 7 2.2853801
893 12 2.5882566
893 15 1.5443847
893 40 1.4073049
893 62 2.6469684
898 3 3.3187242
898 7 3.1565409
898 16 3.8381047
898 21 3.2533026
898 28 3.381967
903 5 1.7576021
903 16 2.6561599
903 19 1.7801516
903 22 2.4313738
903 43 1.6857723
904 7 2.791386
904 12 3.2862523
904 19 2.453165
904 31 2.3743677
904 48 3.2729926
908 4 2.4596808
908 11 2.772683
908 12 2.787261
908 27 2.8166544
908 54 2.7538304
910 1 2.921125
910 5 2.3413744
910 14 2.1163464
910 19 1.9734669
910 47 1.6678348
922 7 2.8511643
922 15 2.6672087
922 24 2.3760526
922 31 2.4120336
922 64 2.3260388
925 2 2.4772623
925 4 2.665688
925 8 2.5947094
925 11 2.9669006
925 34 1.6217798
926 6 2.7318666
926 17 2.2950094
926 18 1.8104134
926 25 2.1577783
926 48 3.1837764
932 4 2.707115
932 10 3.1574879
932 16 2.493603
932 20 3.239472
932 53 1.729954
946 5 2.9702647
946 9 3.6199596
946 29 2.0491948
946 48 3.1252198
946 74 2.943766
947 7 3.2729344
947 9 3.7098916
947 17 2.449498
947 20 3.8608124
947 47 2.7389462
950 2 3.3919635
950 14 3.2736232
950 18 2.8628979
950 30 2.803909
950 51 3.2011886
961 3 2.7749798
961 8 2.650666
961 12 2.4190614
961 20 3.279417
961 28 2.2163153
965 3 3.4530988
965 11 2.766434
965 18 1.8883802
965 34 2.1164582
965 61 1.9438465
969 2 2.9256651
969 6 2.1033149
969 8 2.4949656
969 12 2.8309855
969 30 1.8835294
970 8 2.814401
970 11 2.7404292
970 13 2.6875045
970 16 3.5414093
970 53 1.9041535
971 3 3.5529513
971 15 2.6780632
971 25 1.9213529
971 27 3.1238124
971 48 3.0214539
973 6 2.9256265
973 12 3.4494622
973 14 2.7849665
973 19 2.3742204
973 58 2.9903114
985 2 3.2148724
985 4 2.8918192
985 11 3.2284698
985 28 2.9550552
985 48 3.3125725
986 3 3.6419094
986 13 3.082826
986 17 2.3584034
986 28 3.410813
986 70 1.9293015
988 3 2.4214194
988 12 2.741184
988 15 2.1285686
988 18 1.6010014
988 53 1.7834626
992 1 3.1946628
992 7 2.6414404
992 14 2.55176
992 33 2.1859114
992 41 1.6049964
994 2 3.328285
994 12 3.2512598
994 18 2.1958022
994 24 2.540479
994 36 2.4621947
998 1 3.038572
998 6 2.781754
998 13 2.2105615
998 43 1.9836643
998 75 2.281405
999 1 3.3787427
999 6 3.023347
999 7 3.870156
999 14 3.5930023
999 72 2.6595821
1001 2 2.8704457
1001 8 1.0
1001 9 3.3071973
1001 18 1.1091423
1001 52 1.731966
1002 2 2.70119
1002 7 2.689322
1002 21 2.8733964
1002 24 2.0112116
1002 57 1.9238694
1012 7 2.6796627
1012 11 2.4626927
1012 12 2.5322533
1012 20 3.1342185
1012 43 1.7211928
1016 1 3.0708861
1016 6 2.6067576
1016 7 2.5203052
1016 15 1.8857517
1016 76 1.9085094
1018 3 3.4667792
1018 7 3.0588605
1018 8 2.8873353
1018 18 2.1279356
1018 32 2.8827584
1024 5 1.0
1024 8 2.27557
1024 11 2.2119172
1024 19 1.6225171
1024 61 1.520466
1029 7 2.9109466
1029 16 3.4536953
1029 19 2.809756
1029 32 3.0099025
1029 55 2.5122576
1035 2 2.5396411
1035 6 2.452527
1035 8 2.5405314
1035 16 2.9203038
1035 42 2.7700877
1046 2 3.107915
1046 4 2.9999926
1046 18 1.717917
1046 40 2.059208
1046 76 2.2396097
1047 3 3.6648922
1047 10 3.6968448
1047 11 3.0733209
1047 22 2.8558898
1047 62 3.2930732
1050 7 3.7545605
1050 11 3.1791837
1050 19 2.4567077
1050 21 3.704073
1050 56 2.470017
1051 9 3.5009642
1051 20 3.6638093
1051 22 3.1031518
1051 29 2.5856462
1051 35 2.7281103
1052 1 3.3668182
1052 6 3.0052595
1052 9 3.5933611
1052 20 3.640312
1052 33 2.794605
1053 2 2.9359035
1053 8 2.7672908
1053 10 2.4533732
1053 26 2.5420024
1053 40 2.243586
1061 1 3.0378304
1061 13 2.029039
1061 23 2.6665976
1061 33 2.2241056
1061 63 2.3350892
1062 1 3.0162442
1062 19 2.498364
1062 20 3.8575497
1062 42 2.760576
1062 70 1.9354701
1065 5 2.8540752
1065 19 2.804321
1065 21 3.3020816
1065 25 2.3047383
1065 37 2.671799
1068 3 4.072772
1068 11 3.2683208
1068 12 3.4251432
1068 19 2.732392
1068 47 3.2609272
1069 1 3.2265148
1069 6 2.690062
1069 9 3.7667196
1069 23 3.311479
1069 50 2.1966121
1073 1 3.5372715
1073 7 3.0965924
1073 20 3.2972417
1073 32 2.6948955
1073 65 2.221308
1074 4 2.9268382
1074 12 3.1253297
1074 13 2.406932
1074 30 2.3008103
1074 41 2.086885
1077 1 3.2348828
1077 7 2.947562
1077 15 2.498999
1077 19 1.6544344
1077 34 2.1666992
1081 4 2.9782283
1081 15 2.7507284
1081 16 3.5970309
1081 25 2.3855183
1081 78 2.3967695
1098 1 3.5197434
1098 4 3.241113
1098 5 2.9054973
1098 11 3.3594806
1098 42 3.4058201
1104 2 3.456535
1104 10 3.459229
1104 16 3.2494817
1104 23 3.1821668
1104 46 2.772165
1105 2 1.9241724
1105 7 1.723238
1105 16 2.6216393
1105 23 2.7378354
1105 49 2.1047647
1115 4 2.5901284
1115 7 2.058195
1115 9 3.273571
1115 16 2.4605498
1115 40 2.1148446
1118 2 2.8565927
1118 5 2.876788
1118 7 3.4346552
1118 14 3.2885542
1118 36 2.4580219
1119 3 3.4955409
1119 29 2.802691
1119 33 2.7110944
1119 41 1.6576362
1119 93 2.492625
1122 6 2.427521
1122 10 2.8939924
1122 12 2.4970875
1122 18 1.2474225
1122 38 3.1836364
1123 2 2.5173392
1123 9 3.1877422
1123 11 2.8988142
1123 25 2.0417104
1123 59 2.2610252
1127 1 3.4625394
1127 8 2.8749497
1127 9 3.8044882
1127 18 2.028395
1127 40 2.4496593
1134 2 3.1465125
1134 6 2.556562
1134 8 2.8745687
1134 24 2.3565722
1134 29 1.0
1138 2 3.46506
1138 10 3.8325574
1138 11 3.4529574
1138 17 2.852059
1138 41 2.0424378
1139 2 2.7164662
1139 11 2.0751686
1139 14 1.4648292
1139 28 1.7519076
1139 41 1.8196683
1140 9 3.7662923
1140 15 2.8063765
1140 20 3.8357596
1140 23 3.428909
1140 28 3.1480098
1142 2 3.0612352
1142 9 3.2888818
1142 10 3.281906
1142 16 3.055904
1142 62 3.389569
1148 3 3.577465
1148 7 3.2399368
1148 8 3.4090862
1148 31 2.789194
1148 72 2.8179185
1152 3 3.4205542
1152 10 3.1904938
1152 18 1.9629844
1152 24 2.5361376
1152 55 2.0766706
1153 1 3.513673
1153 6 2.9379208
1153 8 2.3689852
1153 21 3.3746617
1153 46 2.7824526
1159 6 2.746447
1159 18 1.8548416
1159 20 3.2730236
1159 24 2.290644
1159 47 2.526095
1160 3 3.1962843
1160 5 2.263395
1160 9 3.1961389
1160 19 1.886761
1160 57 1.5578146
1168 3 3.622964
1168 18 2.2010863
1168 20 3.7755857
1168 29 2.6173363
1168 60 2.3901472
1169 2 1.681411
1169 7 2.5658953
1169 13 1.7893723
1169 18 1.585625
1169 66 2.1134806
1170 3 4.078155
1170 7 3.359911
1170 8 3.8134117
1170 26 3.1130948
1170 54 3.4099271
1171 3 3.2550771
1171 7 2.6988642
1171 9 3.1465826
1171 25 1.4834709
1171 43 1.4949435
1181 1 2.9074965
1181 6 2.2539647
1181 9 3.1574016
1181 14 3.0961344
1181 44 2.869883
1183 6 2.6464078
1183 13 2.3811018
1183 14 3.131121
1183 18 1.8221049
1183 45 2.7155569
1184 5 2.2582533
1184 8 2.4304655
1184 10 3.1859365
1184 30 2.3049166
1184 60 1.6873531
1187 1 3.4679258
1187 14 2.464993
1187 15 2.7076466
1187 22 2.8687518
1187 83 1.9645913
1190 2 3.1839383
1190 16 3.2962837
1190 18 2.725616
1190 22 3.3503315
1190 43 2.2667272
1192 5 2.455557
1192 14 2.9717464
1192 16 3.1145678
1192 26 2.6954632
1192 74 2.512371
1201 2 2.6025453
1201 5 2.1116703
1201 8 2.229802
1201 13 1.7601777
1201 22 1.6162488
1208 3 3.5605407
1208 8 3.508183
1208 9 3.853447
1208 16 3.2867181
1208 33 2.6941173
1210 1 3.2520618
1210 15 2.5040298
1210 20 3.294605
1210 41 1.9059607
1210 63 2.0598352
1222 9 3.207668
1222 14 2.3291447
1222 15 2.423776
1222 22 2.2341456
1222 50 1.5102549
1227 2 2.663886
1227 8 1.7255709
1227 9 3.1482933
1227 27 2.6165092
1227 51 2.4416265
1228 2 2.6810615
1228 10 2.9713564
1228 11 2.6672676
1228 20 3.277002
1228 40 2.1144698
1230 4 3.594919
1230 9 4.335487
1230 10 3.4193516
1230 27 3.2981443
1230 43 2.2956119
1231 4 3.1281714
1231 6 2.741183
1231 8 2.673709
1231 11 3.3444276
1231 32 2.8305476
1239 1 3.5159223
1239 11 3.3556595
1239 12 3.4190183
1239 18 2.3006663
1239 26 3.129011
1244 1 3.559792
1244 7 3.3178902
1244 18 2.344536
1244 27 3.478411
1244 54 3.4462602
1248 5 3.0307925
1248 10 3.7203748
1248 11 3.4847758
1248 14 3.4113953
1248 66 3.1411042
1250 2 2.685385
1250 7 2.431329
1250 16 2.8136084
1250 30 1.9428791
1250 79 1.5514071
1260 2 3.5695765
1260 9 3.6863365
1260 10 3.9203548
1260 24 2.6028874
1260 64 2.646879
1261 8 3.1163633
1261 11 3.0913312
1261 13 2.6766698
1261 27 3.5631266
1261 59 2.758993
1265 1 2.8155248
1265 5 2.2175252
1265 9 2.8142579
1265 12 2.8984022
1265 67 1.8948269
1272 2 3.9086335
1272 4 3.0621397
1272 5 2.8725748
1272 20 4.053493
1272 57 2.0352228
1283 1 3.1634247
1283 5 2.29143
1283 11 2.848982
1283 26 2.8312426
1283 62 3.148655
1310 6 2.438059
1310 13 2.4767525
1310 16 3.0189884
1310 30 1.3745937
1310 65 2.1109307
1315 7 3.1280396
1315 12 3.0176492
1315 15 2.7364311
1315 21 3.0420017
1315 41 1.7850437
1319 4 3.2561104
1319 11 3.371615
1319 17 2.7217665
1319 27 3.3297527
1319 71 2.4619067
1320 9 3.5122337
1320 12 3.0903559
1320 13 2.4366105
1320 28 3.074149
1320 63 2.5866506
1322 2 3.3315144
1322 4 3.1154304
1322 7 3.0451972
1322 13 2.8459759
1322 92 2.406434
1326 7 2.3606505
1326 13 1.3362769
1326 14 2.2484856
1326 36 1.8283275
1326 55 2.040414
1334 7 3.0524285
1334 14 3.1258452
1334 15 2.3197525
1334 23 3.1476119
1334 50 1.9876158
1338 2 3.4190924
1338 6 3.1242921
1338 18 2.3704345
1338 30 2.816116
1338 67 2.7597387
1355 2 3.0616896
1355 10 2.6283994
1355 11 2.976089
1355 31 2.2948341
1355 47 2.644184
1371 2 2.8672416
1371 8 2.490002
1371 10 2.5115912
1371 17 2.036861
1371 53 1.9998441
1379 4 3.8278873
1379 11 3.0043082
1379 17 2.8605306
1379 35 2.8841808
1379 52 2.3813784
1380 5 2.2837198
1380 12 2.8906772
1380 26 2.623714
1380 30 2.0177891
1380 40 2.287931
1389 1 3.4504428
1389 13 2.9632986
1389 14 3.8700347
1389 19 2.746672
1389 76 2.7523193
1392 6 3.4968405
1392 15 2.8434372
1392 16 3.3433821
1392 21 3.174566
1392 50 2.049178
1397 5 2.918961
1397 15 2.7250888
1397 19 2.558126
1397 27 3.0140798
1397 48 3.1509047
1398 2 2.9995077
1398 16 3.239397
1398 23 3.2589808
1398 28 2.708163
1398 40 2.6728594
1399 1 3.6541862
1399 8 3.2635038
1399 10 3.7295225
1399 20 3.8971758
1399 58 3.2734973
1404 1 3.2704775
1404 5 2.6583939
1404 10 3.2426288
1404 22 2.7656147
1404 44 3.1949818
1407 3 3.463925
1407 16 3.4836998
1407 22 3.2046447
1407 28 3.100886
1407 59 2.3812244
1408 1 3.7566292
1408 6 3.2619493
1408 10 3.5974422
1408 22 3.148737
1408 87 2.449147
1423 1 2.7689877
1423 6 2.4426117
1423 8 2.6730208
1423 16 2.2473085
1423 59 2.1323073
1426 1 3.2499766
1426 4 2.470517
1426 8 2.6550815
1426 17 2.1911683
1426 56 2.0899534
1443 2 3.2502575
1443 8 2.9102201
1443 12 3.074634
1443 22 2.8067572
1443 64 2.0771327
1444 1 3.0698116
1444 8 2.574237
1444 11 2.9015787
1444 20 3.271968
1444 52 2.2325263
1446 9 3.4721243
1446 14 3.1108646
1446 15 2.6666033
1446 23 3.3760338
1446 42 3.2362492
1447 1 3.0806382
1447 5 2.5457168
1447 6 2.6540854
1447 12 3.044871
1447 43 2.1574745
1449 1 3.054608
1449 6 2.7576118
1449 7 2.8113832
1449 19 2.27587
1449 26 1.7206388
1451 1 3.5686984
1451 7 3.3267965
1451 16 3.4929163
1451 27 3.4873173
1451 69 2.6958008
1456 2 2.6160886
1456 6 2.395012
1456 14 2.2958627
1456 26 2.6134152
1456 52 1.8685751
1458 6 2.760909
1458 16 3.055754
1458 17 1.7880204
1458 19 1.8746634
1458 75 2.2727256
1481 5 3.0379424
1481 14 3.3847651
1481 18 2.3751884
1481 26 3.4472232
1481 53 2.3902843
1486 3 3.4901156
1486 8 2.8903868
1486 10 3.5341463
1486 15 3.3124208
1486 28 3.061049
1491 11 2.8730228
1491 16 3.0782835
1491 21 2.9211612
1491 28 3.0294063
1491 50 1.9222691
1496 1 2.6053798
1496 10 3.0391572
1496 13 2.0933194
1496 16 2.8644896
1496 34 1.7679696
1498 1 3.1036882
1498 3 2.9990273
1498 7 2.6273072
1498 13 1.912806
1498 28 1.9173946
1500 1 3.1503434
1500 5 2.4639504
1500 7 2.9396396
1500 10 3.3336806
1500 22 2.593802
1512 4 1.8396462
1512 8 2.5956788
1512 10 3.0476172
1512 16 3.2470515
1512 24 2.166891
1518 4 2.9143796
1518 12 2.9718323
1518 13 2.4877412
1518 30 2.2944224
1518 43 1.9953535
1521 3 2.8767776
1521 11 2.5960572
1521 12 2.5356646
1521 37 2.0855603
1521 64 1.7245927
1528 4 2.613167
1528 9 3.1227427
1528 11 2.7939255
1528 24 2.1650996
1528 56 1.9327782
1535 1 3.4992568
1535 5 2.9131727
1535 8 3.0408313
1535 13 2.4551187
1535 30 2.5828733
1539 3 2.7670605
1539 8 2.5017138
1539 9 3.2005858
1539 16 2.7309732
1539 29 1.7906191
1540 1 3.6726918
1540 5 2.7470315
1540 17 2.4011254
1540 21 3.2889369
1540 33 2.4801326
1546 4 3.0108004
1546 26 3.2819014
1546 27 3.2727313
1546 47 3.1912432
1546 75 2.492033
1556 6 2.588784
1556 17 2.214622
1556 21 3.17467
1556 24 2.6517239
1556 43 2.1263855
1562 1 2.8912964
1562 9 3.021285
1562 10 2.9823053
1562 15 2.2977867
1562 30 2.1743963
1571 1 3.6495793
1571 3 3.7826648
1571 4 3.3709488
1571 27 3.5681982
1571 48 3.7220433
1575 3 3.3532224
1575 5 2.0136027
1575 14 2.5706837
1575 20 3.0998073
1575 42 2.9137466
1577 1 3.486479
1577 10 3.6281984
1577 19 2.8655264
1577 22 3.1642826
1577 56 2.6210508
1586 2 2.8657622
1586 12 2.9640834
1586 21 2.8834426
1586 24 2.3325777
1586 65 2.1075215
1593 4 3.2946193
1593 6 3.0226212
1593 9 4.2927475
1593 13 3.2082183
1593 56 2.4580708
1594 2 3.2186365
1594 8 2.804293
1594 12 3.128844
1594 17 2.314377
1594 29 2.3942068
1599 3 3.135416
1599 19 2.1694922
1599 20 3.24532
1599 33 2.1734009
1599 65 1.9884106
1605 5 2.5456736
1605 15 2.623095
1605 23 3.0210586
1605 36 2.1329343
1605 65 2.0220976
1611 1 2.9834383
1611 6 2.574323
1611 9 3.2362683
1611 26 2.4451926
1611 68 2.2975826
1619 1 3.2469387
1619 8 2.9873064
1619 23 3.3532147
1619 30 1.7203203
1619 63 2.6191864
1623 1 2.7434318
1623 5 2.4194167
1623 10 3.1070979
1623 15 2.160369
1623 58 2.6768498
1625 2 2.187183
1625 11 2.8967361
1625 13 1.643542
1625 23 2.9398017
1625 53 1.476146
1629 1 3.7528203
1629 12 3.4375436
1629 13 2.956406
1629 17 2.763132
1629 33 2.6429832
1630 1 2.8986943
1630 12 2.9966483
1630 16 2.7376878
1630 22 2.5858626
1630 34 2.1665285
1631 2 3.2459316
1631 12 3.247001
1631 17 2.8144329
1631 28 3.3270137
1631 42 3.2429626
1636 3 3.2699227
1636 10 3.2988067
1636 12 3.0307195
1636 16 2.7958205
1636 42 3.1133382
1653 1 2.452049
1653 6 2.0755455
1653 13 1.5817472
1653 15 1.1822429
1653 43 1.0
1657 1 2.9791775
1657 14 2.9815094
1657 16 3.1044607
1657 24 2.6349626
1657 42 3.1268775
1659 1 2.9112468
1659 7 1.1839254
1659 8 2.2881253
1659 13 1.5848393
1659 48 2.1891446
1662 1 3.7014966
1662 6 3.240098
1662 9 3.9191427
1662 14 3.467853
1662 47 3.091597
1664 1 2.8203828
1664 9 3.2502124
1664 11 2.914144
1664 23 3.0304818
1664 35 2.3294384
1666 1 3.3086555
1666 8 2.7373605
1666 12 3.4686012
1666 19 2.646194
1666 54 3.5308769
1668 1 3.6025488
1668 23 3.5911188
1668 25 2.5930905
1668 34 2.6336632
1668 41 2.4944515
1681 1 3.4750376
1681 12 3.441311
1681 18 2.2109344
1681 24 2.5593612
1681 49 2.9209654
1684 4 3.995644
1684 8 3.0421803
1684 9 3.8898165
1684 19 3.3497713
1684 41 2.4505382
1686 9 3.90236
1686 12 3.1820736
1686 15 2.8272104
1686 29 2.223707
1686 53 2.6557057
1688 3 3.741539
1688 7 3.1213717
1688 12 3.548549
1688 17 3.1322553
1688 34 2.6632795
1689 3 3.5447729
1689 16 3.3997655
1689 17 2.9618108
1689 25 2.9298785
1689 54 3.3123226
1696 4 2.8134186
1696 17 2.1550002
1696 27 3.245964
1696 41 1.9558709
1696 95 1.9773307
1701 9 2.5769815
1701 15 2.8548448
1701 20 3.2724738
1701 35 2.006255
1701 49 2.4061801
1715 6 2.825214
1715 16 3.2175415
1715 17 2.3962598
1715 33 2.5165372
1715 73 2.7245047
1729 1 2.75889
1729 16 2.8943105
1729 18 1.8260717
1729 24 2.2992105
1729 32 2.8348436
1735 1 3.7787027
1735 8 2.9636092
1735 15 2.883374
1735 25 2.240725
1735 38 3.5527813
1748 4 2.9805486
1748 6 2.5356753
1748 7 2.848181
1748 17 2.0975943
1748 57 1.6300362
1758 3 2.9755864
1758 11 2.3014193
1758 18 1.3532041
1758 28 2.7502868
1758 67 1.9081285
1762 5 3.0174048
1762 7 3.3142464
1762 12 3.923379
1762 24 3.0670028
1762 39 2.8386211
1767 15 2.8618395
1767 21 3.2625363
1767 24 2.517972
1767 38 3.5273507
1767 66 2.875893
1769 8 3.0750577
1769 16 3.2150552
1769 20 3.9660573
1769 29 2.2992563
1769 39 2.5536547
1778 12 2.6546128
1778 23 3.0791163
1778 25 1.832384
1778 40 2.3445837
1778 53 2.1899145
1785 2 3.354979
1785 5 3.5582223
1785 12 3.9658
1785 16 3.4906204
1785 39 2.4165063
1786 1 3.4171658
1786 14 2.8304453
1786 15 3.2504826
1786 18 2.1121602
1786 30 2.6025486
1789 9 3.8323643
1789 18 2.399462
1789 19 2.7818797
1789 32 3.21091
1789 67 2.7887661
1793 1 2.8090372
1793 10 3.0703888
1793 20 3.1889136
1793 44 2.5031257
1793 53 1.5153089
1795 3 3.1161673
1795 5 2.1605818
1795 7 2.7324033
1795 13 1.7957207
1795 35 1.7816783
1797 2 2.65578
1797 10 2.889676
1797 11 2.511761
1797 15 1.9035642
1797 32 1.720165
1799 1 2.9793448
1799 6 2.1573405
1799 13 2.02272
1799 27 2.8314514
1799 63 2.0173512
1800 3 3.704306
1800 9 3.593856
1800 11 2.9169948
1800 15 2.8475819
1800 41 2.2445006
1805 1 3.0915806
1805 4 3.05831
1805 9 3.7214537
1805 16 3.2309995
1805 42 3.243383
1811 2 2.4172852
1811 6 1.8279697
1811 7 2.3323994
1811 13 1.5526294
1811 24 1.0
1827 8 2.2965426
1827 10 3.156352
1827 15 2.5146298
1827 22 2.6619928
1827 41 1.7591857
1832 2 3.518846
1832 18 2.2051067
1832 21 3.370879
1832 26 3.202708
1832 42 3.3388116
1839 1 3.3001938
1839 10 3.5708172
1839 22 2.871193
1839 30 2.0962243
1839 88 2.5299335
1843 1 3.278567
1843 5 3.1546402
1843 14 3.2032268
1843 23 4.037814
1843 35 2.7758937
1844 1 3.5662503
1844 7 3.377886
1844 16 3.5331385
1844 29 2.2247605
1844 57 2.3318543
1848 1 3.5263152
1848 11 3.4218903
1848 13 2.4835215
1848 23 3.2018762
1848 31 2.4251018
1849 4 2.9476562
1849 6 2.6778452
1849 7 2.8540585
1849 21 3.2632022
1849 28 2.9737215
1851 8 3.451185
1851 12 3.2906609
1851 13 2.8644238
1851 22 3.1278574
1851 69 2.2739234
1853 1 3.1121118
1853 6 2.6878645
1853 10 3.4530654
1853 12 2.6885357
1853 30 2.3180199
1854 1 3.54787
1854 4 3.4819198
1854 9 3.6664925
1854 32 3.2750638
1854 43 2.4398084
1855 4 2.9056232
1855 14 3.6010168
1855 16 3.751757
1855 23 3.2155788
1855 88 2.303239
1862 3 3.8100579
1862 7 3.4350705
1862 12 3.5800683
1862 23 3.6655424
1862 40 2.8924704
1863 6 2.9367054
1863 20 3.4463902
1863 31 2.4005952
1863 50 1.9306818
1863 59 2.0945377
1865 3 3.2182224
1865 12 2.9454677
1865 14 2.6868014
1865 27 2.931646
1865 55 2.2872677
1869 2 2.7467039
1869 10 2.985454
1869 18 1.6120458
1869 27 3.1997004
1869 47 2.2841203
1871 4 2.7385983
1871 16 2.9847753
1871 27 2.8324816
1871 34 1.9354105
1871 70 2.0266006
1883 3 2.911266
1883 6 2.5700727
1883 8 2.8202918
1883 11 2.7222288
1883 52 1.8803858
1894 2 3.400146
1894 6 3.6773293
1894 21 3.5342693
1894 31 3.2899537
1894 52 3.1389067
1900 3 3.4296336
1900 11 3.0533793
1900 22 3.1669922
1900 28 3.3160863
1900 74 3.069226
1902 1 2.8632712
1902 9 2.95223
1902 10 2.705347
1902 16 2.8517163
1902 52 1.6620699
1915 5 3.188267
1915 11 3.2888339
1915 16 3.8043008
1915 27 3.5843763
1915 38 3.5784302
1919 8 2.8257957
1919 19 2.6390905
1919 20 3.9293263
1919 31 2.7406292
1919 47 2.7229424
1922 4 2.8925772
1922 11 2.9878578
1922 12 3.1211183
1922 31 2.524757
1922 73 2.586003
1926 1 3.3717065
1926 5 2.8008225
1926 7 2.8839266
1926 11 3.3015766
1926 37 2.8349245
1933 2 2.9653823
1933 9 3.356093
1933 12 2.6614003
1933 28 2.4731197
1933 53 2.1118324
1964 5 2.4730532
1964 8 2.776492
1964 16 3.0651927
1964 23 2.7085438
1964 54 3.083484
1968 1 3.1991322
1968 5 2.9593816
1968 9 3.4873695
1968 23 3.4470146
1968 67 2.2184632
1971 2 2.5008032
1971 11 2.8133187
1971 12 2.8839877
1971 25 2.1056156
1971 45 2.409286
1974 2 2.622381
1974 7 2.6597016
1974 9 2.4900558
1974 22 2.4480386
1974 45 2.3152745
1977 1 3.2205236
1977 11 2.863695
1977 15 3.4779296
1977 22 3.572639
1977 29 2.214413
1979 3 3.1281562
1979 17 2.075689
1979 21 2.8777795
1979 30 2.2254963
1979 36 2.0724108
1981 3 2.879737
1981 10 2.4623375
1981 11 2.1298199
1981 13 1.0
1981 38 2.7495496
1985 2 3.1566038
1985 5 2.8870091
1985 6 2.8001084
1985 12 3.0837572
1985 28 3.0386496
1988 2 2.7553577
1988 5 3.096851
1988 6 3.5708241
1988 10 3.4693937
1988 32 2.7236047
1990 9 3.4639366
1990 19 2.3446548
1990 22 3.009189
1990 34 2.2087111
1990 58 2.8225527
1991 1 2.9071667
1991 5 2.2763636
1991 32 2.183472
1991 37 2.4049017
1991 65 1.8157644
1992 1 1.7085149
1992 14 2.5196536
1992 19 1.9917814
1992 25 1.8313041
1992 52 1.3106205
1998 3 4.0193634
1998 10 3.4949112
1998 20 3.7637422
1998 25 2.9881616
1998 77 3.2802882
1999 1 3.510118
1999 5 2.8935614
1999 7 2.8794994
1999 17 2.9888132
1999 24 2.4230742
2039 3 3.517142
2039 7 3.1064107
2039 18 2.1530585
2039 26 2.8069513
2039 49 3.1284316
2040 2 3.4859145
2040 9 3.8044264
2040 15 2.778045
2040 25 2.5126
2040 39 2.6486359
2041 5 2.215583
2041 12 2.5552218
2041 16 3.0470684
2041 19 2.044209
2041 37 2.4342835
2043 3 3.6006756
2043 12 3.0275404
2043 14 2.9063275
2043 30 2.4606233
2043 47 2.5092309
2045 3 3.2123
2045 9 3.364807
2045 19 2.3015375
2045 21 3.1825237
2045 34 2.1542826
2048 5 2.7884867
2048 11 3.4689298
2048 17 2.6474972
2048 29 2.30119
2048 52 2.5563705
2061 2 3.0287168
2061 5 2.4732819
2061 8 3.0475996
2061 18 2.0848908
2061 45 2.8273249
2064 2 3.4294395
2064 10 3.752607
2064 25 2.9879603
2064 27 3.7894237
2064 64 2.8978035
2075 3 3.4551656
2075 10 3.351877
2075 12 3.511598
2075 39 2.6916556
2075 63 2.6123655
2077 9 3.365325
2077 14 2.8638196
2077 16 3.0770495
2077 21 2.991754
2077 40 2.2813919
2090 3 2.661361
2090 8 2.1698234
2090 9 2.724768
2090 12 2.5475187
2090 45 2.0773475
2095 1 3.482226
2095 7 2.7888231
2095 10 3.0740075
2095 16 3.145732
2095 36 2.131478
2097 1 3.1100588
2097 5 2.4884613
2097 11 3.166845
2097 21 2.8813806
2097 60 1.7716936
2107 1 2.90496
2107 8 2.524502
2107 9 2.8115973
2107 11 2.7306485
2107 38 2.859409
2121 7 3.362275
2121 17 2.6847951
2121 22 3.2256126
2121 29 2.5207002
2121 51 3.011672
2123 3 3.1651628
2123 10 3.312325
2123 18 1.8872974
2123 24 2.4531674
2123 46 2.7155383
2130 1 3.5736208
2130 16 3.497839
2130 19 2.7407827
2130 26 3.1867094
2130 41 2.4655237
2145 4 2.7652106
2145 17 1.9627898
2145 20 3.6205058
2145 36 2.117784
2145 57 2.1212182
2153 1 3.5602417
2153 10 3.493745
2153 12 3.3485243
2153 16 3.294669
2153 34 2.35647
2156 1 3.3569574
2156 4 2.9541173
2156 5 2.6829393
2156 10 3.3217666
2156 22 2.9233677
2164 7 2.7328033
2164 16 2.5375493
2164 24 2.106837
2164 30 2.1831937
2164 48 3.07686
2165 13 2.2851574
2165 26 2.3751001
2165 30 2.342137
2165 49 2.1028078
2165 61 2.2768722
2166 3 3.8500314
2166 9 3.9345922
2166 11 3.556683
2166 18 2.50169
2166 30 2.9473715
2169 8 2.6413014
2169 10 2.9778707
2169 11 2.4073098
2169 20 3.566432
2169 51 2.1613622
2172 5 2.5000722
2172 10 3.2266245
2172 15 2.1916966
2172 23 3.0512433
2172 42 2.7486794
2177 1 3.2413816
2177 15 3.0307982
2177 21 3.1997535
2177 26 3.0414343
2177 37 2.7600098
2183 3 3.4578404
2183 16 3.2157142
2183 22 2.8184237
2183 31 2.502328
2183 67 2.2269511
2190 1 3.118731
2190 9 3.3656073
2190 12 3.0012693
2190 22 2.7578957
2190 48 3.2196817
2195 5 2.2665071
2195 8 2.8369253
2195 9 3.4189768
2195 17 1.9926764
2195 39 2.1198237
2202 9 3.18863
2202 16 2.916184
2202 18 1.6350001
2202 30 2.362193
2202 70 1.5019753
2211 7 3.3831503
2211 12 3.2781105
2211 15 2.615924
2211 25 2.4424214
2211 37 3.0910773
2215 1 3.5035133
2215 7 3.84786
2215 10 3.6673152
2215 13 2.7708256
2215 26 3.2381694
2216 4 3.3981118
2216 7 3.4348402
2216 8 3.2860599
2216 52 2.764523
2216 74 3.2485113
2223 1 3.5595648
2223 18 2.0960665
2223 19 2.621943
2223 32 3.056038
2223 54 3.197874
2229 1 2.8504415
2229 6 2.0172975
2229 7 2.6628623
2229 30 2.1990364
2229 49 2.200975
2236 3 3.4062934
2236 7 3.3063192
2236 11 3.1046994
2236 13 2.4613304
2236 43 2.3116503
2241 4 3.4489107
2241 13 2.6445756
2241 15 3.0303156
2241 19 3.0589972
2241 34 2.5354803
2245 1 2.8920157
2245 7 2.2820623
2245 13 1.9243591
2245 23 3.0173178
2245 71 2.1602821
2260 1 3.6003578
2260 6 3.2707348
2260 7 3.2002368
2260 13 2.6104045
2260 26 2.9433727
2262 4 2.4866974
2262 18 1.7077811
2262 32 2.5790675
2262 40 2.0872536
2262 58 2.4359818
2267 2 2.3402178
2267 5 1.9370128
2267 10 2.689306
2267 40 1.7852942
2267 55 1.9310511
2273 1 3.6020439
2273 4 3.1872256
2273 6 3.38759
2273 10 3.801168
2273 45 3.0661812
2284 6 2.914424
2284 9 3.8008268
2284 10 3.2754624
2284 21 3.330081
2284 47 2.7258162
2285 2 3.269279
2285 5 3.1127255
2285 7 3.1430871
2285 10 3.657423
2285 67 2.4405012
2287 1 2.6513977
2287 9 3.1438303
2287 12 2.5868242
2287 14 2.5368903
2287 44 2.752749
2298 1 3.4172223
2298 4 3.4318626
2298 12 3.4272766
2298 20 3.629668
2298 32 2.94681
2301 5 2.6933866
2301 9 3.8326306
2301 11 3.1141207
2301 28 3.3153045
2301 32 3.1194696
2309 10 3.2418177
2309 14 3.1763294
2309 17 2.1509364
2309 26 2.768381
2309 31 2.3188214
2311 6 2.4799993
2311 11 2.8747258
2311 15 2.5157254
2311 26 3.3801003
2311 67 2.0208135
2312 1 2.3581605
2312 12 2.6496513
2312 16 2.9424846
2312 30 2.145269
2312 38 2.8442652
2313 6 2.9630187
2313 11 3.3541427
2313 13 2.2462492
2313 43 2.0727158
2313 50 1.9948255
2344 2 3.073678
2344 10 3.6756067
2344 23 3.397269
2344 27 3.147215
2344 47 2.0238311
2345 2 2.6012795
2345 7 2.6269794
2345 10 2.9367585
2345 13 2.2964206
2345 60 1.5408386
2346 2 3.4002912
2346 5 2.7107525
2346 13 2.5640926
2346 20 3.8045022
2346 46 2.8363936
2352 4 3.9369733
2352 15 3.1199648
2352 23 3.616646
2352 38 3.721886
2352 67 2.6531467
2353 3 3.3274126
2353 7 3.789563
2353 11 3.2209868
2353 17 2.207037
2353 35 2.6968753
2356 2 2.2173986
2356 8 2.1874597
2356 12 2.3967633
2356 18 1.0
2356 45 1.929785
2357 2 2.950248
2357 10 3.2292633
2357 12 2.6730087
2357 17 1.7485913
2357 40 2.4473736
2358 1 3.0886655
2358 5 2.5949266
2358 8 1.0
2358 34 2.2964065
2358 78 1.8577085
2359 1 3.33094
2359 7 3.199072
2359 23 3.48537
2359 31 2.7419238
2359 75 2.7853959
2364 2 2.7810936
2364 5 2.6182783
2364 18 1.7827109
2364 22 2.8455243
2364 73 2.6322713
2368 3 3.083092
2368 15 2.085341
2368 21 2.505112
2368 28 2.6380272
2368 45 2.1486037
2372 1 3.4948213
2372 4 3.2161908
2372 7 3.2529194
2372 10 3.5701575
2372 37 3.0718691
2373 2 3.4698522
2373 4 3.6065705
2373 14 3.3853164
2373 21 3.1813095
2373 50 2.2708583
2393 1 3.5882175
2393 7 3.5417428
2393 11 3.3909369
2393 18 2.211446
2393 32 2.9040174
2395 3 3.7292192
2395 5 3.0361254
2395 7 3.701598
2395 34 2.6992073
2395 80 3.572663
2406 4 3.1768951
2406 8 2.9572082
2406 19 2.543516
2406 23 3.3846245
2406 76 2.7045665
2416 3 3.8593643
2416 6 2.8948731
2416 7 3.0765445
2416 11 3.1157093
2416 27 3.1720886
2418 6 2.8588843
2418 8 3.7576728
2418 12 3.2289045
2418 14 3.4561458
2418 26 3.117081
2420 8 2.2498953
2420 20 2.9386647
2420 24 1.8029586
2420 39 1.935825
2420 50 1.8487699
2431 2 3.1509233
2431 4 2.80452
2431 9 3.6454413
2431 11 2.8502865
2431 26 3.0000043
2441 2 2.9904237
2441 10 2.6897957
2441 15 2.465116
2441 32 2.4485183
2441 37 2.7423282
2444 2 3.5788484
2444 11 3.5851836
2444 12 3.6485424
2444 22 3.3668823
2444 49 3.051158
2447 3 3.4794743
2447 13 2.3165014
2447 15 2.7471504
2447 35 2.895908
2447 96 2.7719822
2448 7 3.166972
2448 15 2.7598662
2448 21 3.162469
2448 29 2.0772908
2448 42 3.221914
2463 1 3.245682
2463 15 2.6595984
2463 18 1.9575356
2463 22 2.5685663
2463 47 2.2381558
2464 3 2.7114499
2464 10 2.8541975
2464 16 3.3125956
2464 18 1.0134789
2464 50 1.735897
2472 1 2.3072984
2472 6 2.5529354
2472 15 2.4216585
2472 21 2.9258358
2472 47 2.3880513
2480 5 3.2499647
2480 11 3.6406598
2480 13 2.6117458
2480 21 3.5115898
2480 32 3.0506492
2489 1 2.6930768
2489 13 2.2087526
2489 14 2.3739946
2489 24 2.0232167
2489 54 2.6294765
2492 5 3.216613
2492 8 3.024283
2492 9 3.6848166
2492 17 2.8677034
2492 55 2.7854724
2501 2 2.6576698
2501 21 2.798098
2501 24 1.838999
2501 29 1.1783104
2501 58 2.5372407
2502 2 2.7189434
2502 8 2.7261815
2502 10 2.9855354
2502 26 2.6261048
2502 57 1.4721371
2512 1 2.9139411
2512 6 2.603452
2512 8 2.677532
2512 16 3.0556092
2512 28 2.6522195
2515 2 3.501704
2515 7 3.4264002
2515 15 3.150314
2515 22 3.289738
2515 63 2.9707403
2517 1 3.3829906
2517 7 3.0795434
2517 13 2.9628017
2517 21 3.2281876
2517 66 3.0674896
2520 4 2.9291463
2520 9 3.8926694
2520 30 2.4358306
2520 34 2.8871915
2520 55 2.8911052
2531 2 2.960717
2531 7 2.7308314
2531 8 2.7917345
2531 10 3.4587913
2531 33 2.3526602
2543 2 3.2644136
2543 9 3.8707683
2543 11 3.819985
2543 22 3.2150927
2543 39 3.490056
2544 5 2.9326901
2544 9 3.4456544
2544 11 3.6358294
2544 14 3.168634
2544 20 3.5605283
2550 1 2.7729223
2550 19 1.963983
2550 25 1.8317217
2550 31 2.1393273
2550 65 1.9390838
2552 1 3.6055717
2552 5 2.799709
2552 6 2.7415142
2552 25 2.4389794
2552 55 2.6487076
2554 1 3.2726467
2554 5 2.621222
2554 15 2.4370756
2554 27 2.0725708
2554 45 2.44818
2558 9 3.9532323
2558 22 3.0949273
2558 24 2.7957313
2558 38 3.6534498
2558 75 2.72899
2561 6 2.8900175
2561 13 2.539762
2561 15 2.9990368
2561 22 2.8862514
2561 39 3.0835466
2570 2 2.517984
2570 10 3.0382833
2570 23 2.8145444
2570 32 2.1707854
2570 62 2.85356
2576 1 3.1748667
2576 11 2.6588764
2576 12 3.1175392
2576 23 2.9354558
2576 76 2.3197172
2582 2 3.2637956
2582 9 3.8789442
2582 11 3.4370413
2582 19 2.7809682
2582 29 2.5128894
2589 1 3.2892566
2589 13 2.6013901
2589 15 2.9578075
2589 19 2.374303
2589 65 2.2348502
2591 1 2.751673
2591 11 2.5946364
2591 14 2.8291564
2591 35 2.3094368
2591 51 2.9809418
2593 9 3.9951062
2593 15 2.8199117
2593 21 3.5785747
2593 28 3.1305695
2593 56 2.6399603
2594 2 2.917091
2594 9 3.3142252
2594 17 1.5146292
2594 37 3.1315806
2594 83 2.2468944
2602 4 2.707155
2602 10 3.0839734
2602 16 2.4816465
2602 44 2.7860107
2602 77 2.3552785
2614 3 2.8515837
2614 8 2.1638422
2614 16 2.7806
2614 25 2.1328256
2614 49 2.3139756
2619 1 3.16163
2619 11 2.9717321
2619 23 3.2493467
2619 25 2.2195497
2619 51 2.7040057
2620 2 3.371732
2620 14 3.1115677
2620 16 3.0589485
2620 24 2.630695
2620 30 2.7418742
2626 1 3.489367
2626 6 3.124246
2626 7 3.2450264
2626 33 2.987632
2626 50 2.2930593
2629 5 3.0412023
2629 9 3.7639596
2629 10 3.4071176
2629 15 2.6527612
2629 49 2.3545918
2631 1 3.0832982
2631 4 2.771769
2631 7 2.572515
2631 15 2.1301699
2631 40 2.2523854
2644 4 3.253773
2644 10 3.9101934
2644 12 3.3069525
2644 18 2.2291164
2644 41 2.5693302
2647 1 3.09194
2647 24 2.4644718
2647 29 1.900469
2647 31 2.5442877
2647 46 2.8849132
2657 6 2.600005
2657 12 2.6372564
2657 13 1.7439628
2657 24 2.2338958
2657 57 1.8075174
2658 1 3.3345323
2658 8 3.0679588
2658 13 2.714148
2658 29 2.9458508
2658 34 2.7620723
2659 2 2.7039542
2659 5 2.588332
2659 15 2.5092084
2659 29 2.0492344
2659 57 1.5685194
2676 1 2.8442607
2676 3 2.9262202
2676 4 2.8147783
2676 13 2.1918921
2676 32 2.6639314
2681 6 2.6626196
2681 9 3.4673715
2681 16 3.0740428
2681 24 1.7870983
2681 37 2.808013
2686 1 3.1295857
2686 6 2.3746347
2686 7 2.8713858
2686 13 2.335469
2686 32 2.6738791
2690 3 3.6502485
2690 8 3.5635238
2690 17 2.8363361
2690 21 3.3784778
2690 50 2.1087558
2697 1 3.4512796
2697 6 2.958132
2697 11 3.5995357
2697 16 3.775502
2697 59 2.561248
2713 4 3.5264792
2713 6 2.907783
2713 9 3.405017
2713 12 3.1627975
2713 30 2.3370605
2718 2 2.8152914
2718 11 3.590519
2718 15 2.7631133
2718 21 3.5602722
2718 43 2.2092597
2720 8 3.72476
2720 15 2.8918567
2720 23 3.8233223
2720 34 2.624563
2720 61 2.3898911
2723 1 3.162815
2723 6 2.798683
2723 13 2.3058481
2723 18 1.9453167
2723 47 2.7374952
2728 2 2.318171
2728 8 2.4925158
2728 14 2.8630958
2728 24 1.7855043
2728 40 2.1871161
2729 2 3.5401995
2729 6 3.2453992
2729 11 3.5465348
2729 19 2.8739593
2729 61 2.7251158
2731 5 2.5263758
2731 9 3.4267204
2731 13 2.2685356
2731 16 3.0640326
2731 37 2.598562
2736 1 2.8120067
2736 20 2.9095068
2736 24 2.1805046
2736 40 1.96185
2736 60 1.3370708
2741 7 2.5124855
2741 14 2.591584
2741 15 1.9824244
2741 31 2.1015084
2741 47 2.4666023
2754 2 2.5620315
2754 5 2.626718
2754 11 3.0513544
2754 16 2.6579266
2754 60 1.6989727
2763 7 3.0923707
2763 22 2.8709478
2763 27 3.1086986
2763 37 2.9107425
2763 48 3.3594098
2767 1 3.0950453
2767 7 2.561555
2767 8 2.6861408
2767 14 2.5833437
2767 32 2.6554492
2771 2 2.7847211
2771 10 2.9612274
2771 21 2.7360291
2771 30 2.2823744
2771 49 1.8639615
2775 5 2.8352873
2775 10 3.7339592
2775 11 3.319458
2775 29 2.31546
2775 40 3.0929537
2776 6 2.684681
2776 16 2.8400145
2776 22 2.863002
2776 28 2.954669
2776 48 3.5426657
2781 4 2.507512
2781 8 2.7177129
2781 9 3.1448624
2781 11 2.4219398
2781 49 2.3104079
2788 4 3.4980183
2788 7 3.6880794
2788 8 3.1017003
2788 17 2.5440207
2788 24 3.0849829
2799 2 3.4983919
2799 8 2.991217
2799 11 3.5173833
2799 27 3.5180748
2799 51 2.7701163
2809 1 3.3082693
2809 3 3.433301
2809 4 3.0162826
2809 10 3.5150752
2809 61 2.32487
2811 1 3.5525453
2811 8 2.8732622
2811 13 2.7277608
2811 26 2.7614987
2811 53 2.5098162
2824 1 3.3956475
2824 9 3.5185122
2824 11 3.1771793
2824 16 3.3902104
2824 65 2.0774393
2829 1 3.1936023
2829 5 2.6757777
2829 7 2.8737345
2829 22 2.42919
2829 41 2.00228
2839 2 2.987323
2839 10 3.1370633
2839 12 3.0893528
2839 18 1.7160028
2839 39 2.3536243
2846 7 3.5330167
2846 13 2.7240722
2846 14 3.267826
2846 22 3.227196
2846 48 3.7260907
2850 1 3.1655912
2850 13 2.5951757
2850 17 2.9357796
2850 24 3.2820592
2850 52 2.5985003
2851 2 2.6770394
2851 4 2.5930529
2851 9 3.180077
2851 17 2.028353
2851 53 1.9597846
2852 4 2.1410136
2852 11 1.6223218
2852 17 1.0
2852 20 2.6655238
2852 24 1.3452538
2856 7 2.5807047
2856 17 1.9333478
2856 33 2.2585237
2856 37 2.7028968
2856 55 2.438055
2861 2 2.511338
2861 8 2.591856
2861 10 3.0566487
2861 26 2.6886842
2861 64 1.9626133
2864 3 3.8858871
2864 6 3.5331156
2864 17 2.7399154
2864 22 3.168939
2864 40 2.3023157
2870 8 3.0253494
2870 17 2.8701677
2870 18 2.303513
2870 23 3.466572
2870 56 2.3420894
2873 3 3.1537693
2873 9 2.7724605
2873 10 3.282935
2873 15 2.5655105
2873 49 2.4588284
2876 1 3.1321707
2876 7 2.5663347
2876 8 2.5872898
2876 27 2.9627945
2876 55 2.0642884
2877 4 2.9968033
2877 7 3.0382435
2877 10 3.5596864
2877 14 3.0607188
2877 35 2.707456
2883 1 3.3916073
2883 5 3.2832015
2883 8 3.4347062
2883 10 3.4277623
2883 49 3.0981102
2886 3 3.621761
2886 11 3.5392056
2886 12 3.2177026
2886 27 4.0780125
2886 48 3.4654207
2887 2 3.4087512
2887 8 2.9553907
2887 9 3.706091
2887 11 3.9327626
2887 54 3.7454686
2889 4 3.027772
2889 7 2.5329275
2889 13 2.294941
2889 18 2.1760142
2889 31 2.8180718
2892 11 3.3355403
2892 21 3.6066926
2892 26 3.409999
2892 33 2.9637594
2892 49 2.8486555
2893 2 3.2669938
2893 4 3.1129825
2893 8 2.9625418
2893 12 3.262985
2893 37 2.7535815
2905 1 3.043222
2905 15 2.625808
2905 17 2.2973342
2905 34 2.111505
2905 60 1.8592161
2906 4 2.9246325
2906 10 3.3702536
2906 12 3.2282934
2906 33 2.6081502
2906 54 3.3643024
2915 2 2.8875208
2915 8 2.7812517
2915 9 3.5268693
2915 16 3.454957
2915 50 1.9142339
2919 2 2.499522
2919 9 3.1967683
2919 13 1.8569895
2919 38 2.8527818
2919 62 2.9670794
2921 2 2.9287848
2921 8 1.0
2921 15 2.583148
2921 25 1.7635628
2921 77 2.8530695
2924 5 2.8614116
2924 16 3.141391
2924 17 2.1398933
2924 20 3.6471338
2924 36 2.2106023
2929 1 3.3482416
2929 5 2.3847673
2929 6 2.8921638
2929 23 2.7578568
2929 52 2.1082551
2931 1 3.3702726
2931 5 2.9803996
2931 7 3.1529424
2931 52 2.6216109
2931 62 3.4394794
2933 3 3.3481672
2933 9 3.7931569
2933 11 2.9994314
2933 30 2.533069
2933 61 2.1850893
2935 3 3.2694218
2935 10 3.1893046
2935 12 3.0940535
2935 25 2.0180578
2935 74 2.6500936
2937 1 3.4266734
2937 3 3.4721017
2937 6 3.1454408
2937 17 2.5324216
2937 68 2.5431528
2940 3 3.4288597
2940 18 2.4995441
2940 29 2.7571206
2940 33 2.7509456
2940 50 2.4373715
2941 1 3.4283726
2941 16 3.5672631
2941 17 2.9220593
2941 34 2.8442507
2941 42 3.3575056
2945 1 3.927924
2945 8 2.9156957
2945 9 3.5924683
2945 27 3.2740524
2945 52 3.1528563
2950 4 2.5553901
2950 13 2.0958319
2950 14 2.7099915
2950 21 2.6970193
2950 65 1.7315588
2958 1 3.2438831
2958 5 1.5168148
2958 6 2.4784756
2958 10 3.0947561
2958 36 1.2251601
2966 2 3.2078981
2966 7 3.1325943
2966 9 3.5921426
2966 26 2.9875848
2966 56 2.439405
2973 7 3.2100713
2973 15 2.9280248
2973 17 2.8938155
2973 28 3.6234567
2973 49 2.8492534
2979 1 3.3435998
2979 18 2.4131773
2979 26 3.0081084
2979 40 2.5349982
2979 72 2.8832858
2989 1 3.4625673
2989 8 3.033384
2989 18 1.9932513
2989 23 3.1450608
2989 51 2.7501984
2991 2 3.2695644
2991 6 3.4921532
2991 11 3.7393963
2991 14 3.2189445
2991 30 2.6886017
2993 1 2.4285917
2993 14 2.2838964
2993 20 2.7426212
2993 36 1.0
2993 62 2.3323019
2998 2 2.993463
2998 8 2.8616502
2998 14 2.256117
2998 28 2.7571476
2998 63 2.052413
3002 4 3.4638124
3002 8 3.3517604
3002 10 3.817779
3002 19 2.9096045
3002 50 2.606699
3005 1 3.3982873
3005 8 2.800527
3005 10 3.302356
3005 22 2.8805823
3005 51 2.6582706
3012 2 3.066233
3012 10 3.1284845
3012 16 2.9908488
3012 28 2.7354872
3012 65 2.0701957
3019 3 3.2360933
3019 5 2.3841374
3019 7 2.310798
3019 14 2.3955035
3019 53 1.6369605
3022 3 3.4138927
3022 10 3.2972665
3022 16 2.9739432
3022 28 2.7215261
3022 84 1.4523486
3029 2 3.2887585
3029 10 3.447404
3029 19 2.8776944
3029 25 2.3738725
3029 50 2.787132
3036 1 3.070397
3036 7 3.1176693
3036 8 3.0232258
3036 19 2.3885865
3036 50 1.65489
3038 9 3.756004
3038 15 2.8785295
3038 16 3.306981
3038 23 3.7148163
3038 35 3.1794498
3039 4 3.1833782
3039 7 3.2366831
3039 9 3.5403986
3039 11 3.307712
3039 80 3.1818383
3040 2 3.1452076
3040 10 3.6698797
3040 12 3.5184531
3040 23 3.337572
3040 29 2.4262028
3044 5 2.8858478
3044 9 3.3607113
3044 17 2.4177737
3044 26 2.4994626
3044 58 2.8530025
3046 1 3.320993
3046 7 3.1500852
3046 11 3.2975376
3046 26 2.9964607
3046 42 3.318552
3047 1 3.3653965
3047 6 2.7129543
3047 9 3.5167704
3047 35 2.7414403
3047 63 2.3888478
3050 1 3.153891
3050 9 3.8864543
3050 19 2.4128468
3050 21 3.2795622
3050 31 2.434506
3054 4 2.450802
3054 8 2.6946156
3054 16 3.1370366
3054 21 2.9418252
3054 70 2.0073383
3057 3 3.070583
3057 15 1.2832183
3057 18 1.5997368
3057 25 1.843263
3057 69 1.5760351
3067 1 2.7437112
3067 4 2.7934508
3067 5 2.1356916
3067 21 3.006336
3067 60 1.3854349
3069 1 3.2481651
3069 6 2.8269615
3069 11 3.0511549
3069 29 2.1489565
3069 60 1.8544089
3074 2 3.2203968
3074 11 3.3047364
3074 14 2.8034477
3074 26 3.114618
3074 75 2.6888564
3077 4 3.2027535
3077 9 3.9820254
3077 13 2.6205487
3077 16 3.4219084
3077 47 2.8481936
3086 2 3.3846085
3086 15 2.705774
3086 22 2.905028
3086 29 2.147395
3086 45 2.7054286
3093 6 2.3773897
3093 14 3.3991785
3093 21 3.0453885
3093 24 2.733213
3093 52 2.2370753
3103 1 3.5935988
3103 6 3.1322005
3103 8 3.2029164
3103 17 2.6742172
3103 24 2.7317433
3104 6 1.5967022
3104 9 2.9029667
3104 10 2.8371835
3104 25 1.4411726
3104 61 1.6783729
3106 10 3.3148491
3106 16 3.1393557
3106 23 3.0955822
3106 34 2.4200015
3106 65 2.5046635
3117 5 2.2494671
3117 13 1.7309303
3117 18 1.7021801
3117 23 2.889931
3117 95 1.7823504
3127 5 1.0
3127 11 1.8242227
3127 16 2.099903
3127 18 1.0
3127 52 1.507618
3154 1 3.3189745
3154 4 2.9036958
3154 8 2.9266274
3154 15 2.7139795
3154 43 2.271165
3161 1 3.05373
3161 12 2.7299154
3161 15 2.3477874
3161 19 2.184002
3161 87 1.8535632
3162 1 3.2605295
3162 8 3.0029569
3162 9 3.580617
3162 16 2.986149
3162 54 3.1053822
3166 6 2.7536192
3166 12 3.0461605
3166 31 2.1225743
3166 35 2.5041382
3166 84 2.3898838
3170 1 3.069818
3170 3 3.2898228
3170 8 2.675796
3170 18 2.2060382
3170 33 2.3810935
3172 2 2.375695
3172 21 2.5459545
3172 23 3.1404257
3172 42 2.8340151
3172 72 2.242872
3173 4 1.9992216
3173 9 2.965871
3173 13 2.0168314
3173 43 1.6628094
3173 75 2.0379908
3175 1 2.1603544
3175 7 2.1194935
3175 13 1.0
3175 15 1.8516252
3175 66 1.9010686
3177 1 3.2534428
3177 3 3.7134063
3177 7 3.2954707
3177 15 2.8821115
3177 38 3.583943
3178 2 3.209669
3178 6 2.7897363
3178 18 1.8165476
3178 24 2.2735128
3178 51 2.7122774
3185 3 2.9849617
3185 5 1.5277145
3185 8 2.3879545
3185 28 2.4542744
3185 65 2.2069988
3187 6 2.0379438
3187 9 3.4587004
3187 10 3.3758028
3187 25 2.2205837
3187 41 1.5024679
3201 1 3.9569783
3201 5 2.9860532
3201 13 2.5925374
3201 24 2.7548478
3201 36 2.3406398
3203 2 3.31093
3203 17 2.818343
3203 19 2.9407473
3203 25 2.4476428
3203 72 3.0511835
3204 1 2.7285662
3204 7 2.0999584
3204 13 1.9199855
3204 26 2.5835893
3204 52 1.8076472
3209 3 3.555705
3209 7 2.9136362
3209 8 2.8275547
3209 38 3.452783
3209 60 2.1534011
3212 8 3.321146
3212 15 2.8875043
3212 25 2.7049348
3212 36 2.8872404
3212 67 2.473297
3217 6 2.463944
3217 17 1.9093865
3217 34 1.9760858
3217 48 2.9017031
3217 77 2.8126125
3223 5 2.43867
3223 7 2.5065174
3223 9 3.1606083
3223 13 2.374917
3223 27 3.5218441
3230 1 3.2224107
3230 16 3.357258
3230 22 2.8339415
3230 28 2.9403257
3230 58 2.9925327
3234 2 3.0267808
3234 12 3.1441352
3234 18 1.7685617
3234 22 2.4732182
3234 51 2.4149594
3236 1 3.159239
3236 12 2.6094146
3236 17 2.244633
3236 38 3.2995775
3236 55 2.4402318
3242 6 3.0575774
3242 11 3.305944
3242 15 3.1185868
3242 32 2.9669542
3242 40 2.6142836
3250 4 2.9126866
3250 22 3.4795594
3250 28 3.0911233
3250 33 2.4102767
3250 80 3.228845
3252 1 3.4425821
3252 4 3.4847775
3252 5 2.8394406
3252 14 3.6554785
3252 33 2.678698
3254 6 3.1572485
3254 11 3.5434697
3254 13 2.975862
3254 21 3.290099
3254 64 2.5585744
3258 4 3.7848186
3258 7 3.1404483
3258 8 3.7153049
3258 12 3.4551907
3258 36 2.5430682
3261 4 3.2223864
3261 17 2.8025093
3261 20 4.0774007
3261 22 3.2388368
3261 42 3.7077086
3262 3 3.1436439
3262 9 3.2655973
3262 10 3.134105
3262 22 1.9132977
3262 81 1.3911312
3268 2 2.922043
3268 11 3.03402
3268 13 2.3537295
3268 28 3.0711293
3268 78 2.1434119
3271 2 3.1206028
3271 9 3.3679338
3271 13 3.1445994
3271 28 3.413178
3271 50 2.6167557
3282 2 3.5221686
3282 9 3.906413
3282 14 3.4551234
3282 30 2.9191923
3282 42 3.5748434
3283 5 2.893372
3283 12 3.3199816
3283 14 3.1297684
3283 20 3.8266516
3283 46 2.8697693
3302 4 2.8717515
3302 11 2.751831
3302 14 2.8912659
3302 23 3.2330177
3302 68 2.1946816
3305 6 2.4136484
3305 10 3.0629258
3305 12 2.7308075
3305 19 2.1341789
3305 33 2.1829371
3306 5 3.609924
3306 14 3.3056593
3306 22 3.0272415
3306 40 2.7721581
3306 63 3.002964
3308 1 3.432657
3308 17 2.408186
3308 19 3.0574121
3308 22 3.0420098
3308 39 2.9242368
3313 4 3.1964188
3313 9 3.6895456
3313 12 3.237818
3313 18 2.4865575
3313 60 1.8773178
3315 6 2.8788016
3315 11 3.1908107
3315 22 2.9232235
3315 30 2.6079876
3315 60 1.9608833
3329 1 3.294493
3329 7 4.4254694
3329 15 3.0473895
3329 24 2.9607887
3329 50 2.2189877
3330 1 3.1066961
3330 6 1.6028502
3330 10 3.1382105
3330 30 1.5025134
3330 57 1.711613
3336 4 2.7486186
3336 19 2.7701693
3336 21 3.193292
3336 28 3.3838978
3336 53 2.1666007
3344 2 3.32368
3344 7 3.0933166
3344 11 3.3166857
3344 29 2.6715636
3344 57 2.3204746
3358 4 2.8016295
3358 15 2.7578244
3358 16 2.8429246
3358 18 1.7520018
3358 34 2.2433298
3361 2 3.314489
3361 14 3.0140545
3361 19 2.4007137
3361 25 2.6295018
3361 84 2.5659928
3362 2 3.5368655
3362 11 3.5432007
3362 14 3.4698203
3362 26 3.3165522
3362 36 2.7808037
3363 1 3.4729455
3363 8 2.639122
3363 9 3.4043632
3363 19 2.288296
3363 25 2.269112
3366 6 2.7099953
3366 9 3.4086583
3366 12 3.0975564
3366 19 1.9880269
3366 58 2.5216167
3377 1 2.9230895
3377 7 3.3598204
3377 14 3.114588
3377 22 3.3739414
3377 53 2.2512083
3380 2 2.9584496
3380 7 2.8059902
3380 14 3.407392
3380 17 2.567171
3380 50 1.629939
3389 2 2.3898134
3389 5 2.3945277
3389 12 2.8538022
3389 27 2.8044183
3389 34 1.0
3391 2 3.4874344
3391 9 3.8716788
3391 17 2.7346506
3391 24 2.7921767
3391 74 3.2258015
3393 1 3.406872
3393 12 2.5190952
3393 15 2.5440292
3393 26 2.4322672
3393 52 1.9342171
3394 1 3.147347
3394 11 2.8147771
3394 17 2.2111094
3394 25 2.1078382
3394 32 2.624153
3396 2 3.8832269
3396 11 3.5018094
3396 25 2.6884713
3396 32 3.4011796
3396 52 2.4132113
3401 2 3.7308378
3401 12 3.743549
3401 15 2.9707363
3401 30 2.8168392
3401 42 3.4587147
3413 1 3.1672635
3413 8 2.7038596
3413 9 3.1812708
3413 12 3.1430733
3413 48 3.2834203
3415 1 2.569421
3415 3 2.9770176
3415 5 2.1396565
3415 13 1.9491155
3415 48 2.641452
3417 4 3.0229485
3417 14 3.3178008
3417 15 2.4265044
3417 21 3.2766254
3417 77 2.9246714
3418 4 3.4143689
3418 9 3.6235104
3418 10 3.562179
3418 16 3.359038
3418 59 2.47259
3424 6 3.260099
3424 10 3.0094707
3424 12 2.9269776
3424 23 2.9827917
3424 53 1.997139
3425 3 3.3974974
3425 6 2.6124654
3425 17 2.4478586
3425 20 3.3329396
3425 57 1.5520949
3429 3 3.950224
3429 11 2.5630388
3429 13 2.528987
3429 16 3.5307443
3429 22 3.5269284
3432 2 2.6682756
3432 11 2.7170148
3432 19 1.953289
3432 38 2.9155548
3432 65 1.7254596
3433 1 3.0538933
3433 15 2.4522097
3433 17 1.9305415
3433 25 1.8166386
3433 44 2.8083587
3435 2 3.2456877
3435 24 2.5813653
3435 26 2.9624808
3435 36 2.6187272
3435 53 2.412011
3437 8 1.9654667
3437 13 1.5392793
3437 15 2.19049
3437 18 1.0
3437 38 2.4241142
3439 1 3.5784152
3439 4 3.9387908
3439 5 3.5770788
3439 15 3.1555536
3439 25 2.7065601
3452 2 3.0767624
3452 15 2.5452278
3452 17 2.1968486
3452 37 2.7644384
3452 58 2.7479777
3454 2 2.9114215
3454 7 2.7216837
3454 9 3.2553036
3454 18 1.6194736
3454 54 3.0876338
3456 4 2.8359551
3456 9 3.5010135
3456 18 1.8209044
3456 28 3.02024
3456 61 2.3466847
3459 2 2.2194586
3459 13 1.6478612
3459 14 2.602998
3459 20 3.10811
3459 49 1.896769
3473 3 2.9401581
3473 11 2.7172027
3473 14 2.558705
3473 26 2.8431642
3473 46 2.212003
3476 17 2.210675
3476 26 1.6478906
3476 30 2.2242458
3476 32 1.8476219
3476 41 1.4483247
3479 5 2.601819
3479 13 2.331499
3479 19 2.357597
3479 25 2.7332153
3479 65 2.0881226
3482 2 3.8100588
3482 7 3.0650554
3482 10 3.3038447
3482 48 3.4006877
3482 74 2.8496394
3486 3 3.7119358
3486 8 2.7483892
3486 11 3.1192596
3486 16 3.489723
3486 69 2.3662858
3487 2 2.7993598
3487 6 3.171154
3487 9 3.0615795
3487 12 2.8736072
3487 54 2.697643
3494 4 3.0571208
3494 6 2.6719143
3494 8 3.2879314
3494 23 3.0091877
3494 38 3.421325
3495 1 3.2335594
3495 5 2.8679667
3495 13 2.5828204
3495 24 2.1958857
3495 33 2.318304
3503 3 3.547916
3503 9 4.008192
3503 12 3.1633897
3503 19 1.8977556
3503 46 2.6734748
3508 8 2.2433212
3508 12 2.3774896
3508 13 1.6846668
3508 21 2.5481179
3508 51 1.7093613
3511 2 2.768974
3511 15 2.0268965
3511 17 1.7891712
3511 24 1.849361
3511 39 1.6648376
3515 7 2.7836466
3515 14 2.4794998
3515 18 1.7537055
3515 21 2.8897834
3515 46 2.6163237
3518 3 3.281523
3518 8 2.278122
3518 15 2.6136713
3518 19 2.0260718
3518 70 1.6648995
3519 1 2.7865508
3519 15 2.271349
3519 16 2.078669
3519 21 2.7816787
3519 63 2.0634258
3520 4 3.7817037
3520 9 4.3601656
3520 12 3.376867
3520 15 3.1474845
3520 41 2.752091
3523 2 3.509858
3523 7 3.4485326
3523 12 3.309252
3523 26 2.8164358
3523 86 2.539596
3524 2 3.3512928
3524 16 3.8866062
3524 17 3.1913328
3524 23 3.511491
3524 31 2.7102513
3526 4 2.6980839
3526 10 3.1642015
3526 34 2.2606628
3526 40 2.0202854
3526 83 2.0486736
3527 2 3.01003
3527 15 2.995014
3527 20 3.7455308
3527 46 3.0275495
3527 57 2.3073177
3528 2 3.507462
3528 5 2.8612056
3528 8 3.0772521
3528 13 2.8353183
3528 25 2.677584
3531 4 1.8820617
3531 11 2.569219
3531 12 2.9327118
3531 27 2.928558
3531 50 1.9036351
3541 6 2.4356937
3541 44 2.783975
3541 50 1.2087425
3541 59 1.8589797
3541 79 1.8781521
3543 4 3.9036744
3543 15 3.0386255
3543 23 3.444286
3543 51 3.0558002
3543 76 2.4844592
3545 1 3.3365984
3545 6 3.0547023
3545 11 3.2378466
3545 26 2.9918053
3545 38 3.5413766
3551 1 1.6118952
3551 4 2.2252822
3551 7 2.2679873
3551 14 2.1920292
3551 49 1.7889421
3553 6 3.0533097
3553 17 2.5953264
3553 18 2.299452
3553 21 3.3974168
3553 33 2.6857784
3556 1 2.9920325
3556 4 2.9579442
3556 10 3.0239885
3556 20 3.6395645
3556 30 1.9865832
3568 1 2.8415742
3568 12 2.6853235
3568 15 2.079286
3568 24 1.8789616
3568 41 1.6344663
3571 1 3.241171
3571 6 2.891058
3571 7 3.061831
3571 16 3.422574
3571 46 2.8105817
3575 5 2.7546914
3575 7 2.9796908
3575 26 3.4878657
3575 35 2.8240895
3575 68 2.5150764
3577 5 2.8242214
3577 7 3.5320873
3577 11 3.3412743
3577 16 3.303438
3577 46 2.7278779
3593 1 3.3497715
3593 14 3.6217504
3593 20 3.5912082
3593 33 2.7168639
3593 54 3.4099262
3599 7 3.8950589
3599 12 3.4798875
3599 15 2.9442394
3599 23 3.9977834
3599 49 2.9228904
3603 2 3.0457208
3603 16 2.9127007
3603 19 2.2692606
3603 25 2.1829214
3603 69 2.250432
3606 2 3.8103285
3606 8 2.7174175
3606 11 3.1443331
3606 17 2.4066815
3606 28 3.1630914
3607 3 3.2963338
3607 9 3.4294417
3607 10 3.0644019
3607 16 3.180665
3607 43 1.5264138
3610 1 3.3011801
3610 9 4.216162
3610 13 3.013708
3610 15 2.9542313
3610 31 2.6341577
3612 4 2.62394
3612 7 2.921138
3612 8 3.1302931
3612 13 2.111075
3612 50 2.0095448
3640 3 3.4960802
3640 12 3.1216059
3640 13 2.2571416
3640 21 3.2406123
3640 52 2.0308323
3642 1 3.099741
3642 15 2.3994386
3642 18 2.0494173
3642 30 2.1054587
3642 60 1.6240274
3645 1 3.393089
3645 9 4.1801386
3645 13 3.0154762
3645 15 2.852639
3645 28 3.8406296
3646 2 2.794736
3646 4 2.8839216
3646 5 2.516482
3646 18 2.100511
3646 46 2.6726744
3648 1 3.2097168
3648 5 2.327411
3648 7 2.9012547
3648 17 2.1084535
3648 35 2.5814352
3650 1 3.3531582
3650 6 3.2557518
3650 13 2.7403705
3650 20 3.6344852
3650 65 2.409298
3656 4 3.3989058
3656 14 3.1647336
3656 18 3.1366754
3656 26 3.6463761
3656 78 2.6494634
3663 1 2.8574948
3663 13 1.3688056
3663 22 2.4411693
3663 40 2.1813478
3663 51 1.9971304
3666 2 3.4770725
3666 11 3.1363823
3666 12 3.881263
3666 26 3.1416903
3666 76 2.1182957
3669 1 3.0753613
3669 4 2.780655
3669 7 1.0
3669 22 1.0715464
3669 47 2.0677717
3675 2 3.6704535
3675 9 3.7936385
3675 10 3.6703196
3675 14 3.2267203
3675 38 3.665115
3682 3 2.9061337
3682 5 2.1669447
3682 11 2.901057
3682 15 2.1159823
3682 40 2.2998295
3684 5 2.7317257
3684 12 3.2221973
3684 25 2.0365057
3684 32 2.7499208
3684 57 1.6551425
3689 3 2.890312
3689 12 2.8136103
3689 13 1.9889523
3689 22 2.0687
3689 82 1.153311
3691 11 3.4109075
3691 19 2.4018624
3691 26 2.7775009
3691 29 2.6795425
3691 48 3.282832
3694 1 3.7206826
3694 5 3.2497199
3694 10 3.423986
3694 26 3.1835845
3694 33 2.5393233
3697 1 2.5741067
3697 8 2.2431746
3697 12 2.7801247
3697 33 1.936403
3697 62 3.0611959
3704 3 3.2120261
3704 10 3.2009265
3704 12 2.5712788
3704 20 3.3587456
3704 68 2.0861912
3708 5 2.8845007
3708 25 2.5521262
3708 26 3.4302828
3708 29 3.1066518
3708 54 3.020428
3709 9 3.948321
3709 11 3.4066708
3709 12 3.3842535
3709 30 2.5965242
3709 59 2.9764686
3713 1 3.3663263
3713 12 3.4261684
3713 17 2.3118734
3713 30 2.5162783
3713 48 3.479454
3715 1 3.5572586
3715 5 3.021532
3715 8 3.122892
3715 11 3.209223
3715 24 2.5410929
3722 1 3.3849585
3722 16 3.1547685
3722 20 3.2382488
3722 43 2.3028245
3722 66 2.8411205
3726 4 3.6581569
3726 13 2.6824992
3726 20 3.6577973
3726 24 2.5239656
3726 54 3.3612115
3730 14 2.9088984
3730 19 2.2201235
3730 22 2.663237
3730 30 2.1949658
3730 55 2.454845
3735 3 3.521792
3735 12 3.622632
3735 13 2.5232742
3735 18 2.647833
3735 46 2.6991305
3736 2 2.775558
3736 18 1.9857643
3736 19 2.312785
3736 27 2.9315648
3736 54 3.302292
3743 4 2.9495914
3743 15 2.7623565
3743 16 2.8605888
3743 20 3.3186722
3743 39 2.5898104
3746 1 2.8985353
3746 9 3.6160977
3746 14 3.6255593
3746 30 2.613347
3746 91 1.8051353
3749 1 3.1542366
3749 22 2.7853637
3749 23 3.144719
3749 28 2.9648457
3749 53 2.1445184
3761 9 3.4726076
3761 17 2.132963
3761 25 2.0629041
3761 32 1.8594561
3761 70 2.1278436
3763 3 3.4194756
3763 14 2.9984899
3763 18 2.0589914
3763 23 2.9758954
3763 58 2.6779652
3769 2 3.0307438
3769 11 3.363089
3769 12 3.0477777
3769 22 2.6076436
3769 54 3.1136432
3783 2 2.9976196
3783 18 2.1324859
3783 19 1.6106889
3783 24 2.0225468
3783 43 2.0205605
3788 5 2.4505565
3788 8 2.9157429
3788 10 3.4254742
3788 13 2.4946585
3788 48 3.5136113
3789 3 2.9076796
3789 7 2.7818117
3789 8 2.6140084
3789 12 2.3642507
3789 48 3.069079
3793 3 3.559185
3793 6 3.0097904
3793 14 2.9957225
3793 23 3.0002887
3793 54 3.0435936
3803 7 2.940562
3803 9 3.7284107
3803 11 2.7470894
3803 19 2.6335406
3803 54 3.1413007
3804 8 2.8597634
3804 12 2.9898767
3804 14 2.98625
3804 25 2.0613272
3804 51 2.5640364
3805 1 3.3104942
3805 9 4.055545
3805 13 2.9569626
3805 16 3.5428596
3805 24 2.6269143
3806 8 2.785247
3806 14 3.0505352
3806 16 3.3481305
3806 26 2.7579303
3806 49 2.392113
3807 1 3.8992043
3807 8 2.8175342
3807 13 2.3522594
3807 26 3.0103252
3807 56 2.3839295
3814 3 3.501304
3814 8 3.3237686
3814 9 3.8501976
3814 19 2.758698
3814 36 2.2188964
3818 1 3.189282
3818 6 2.718756
3818 8 2.757918
3818 15 2.844018
3818 33 2.7682655
3819 1 3.5004523
3819 5 3.1345546
3819 6 3.2766016
3819 18 2.2781065
3819 62 3.5015666
3824 10 3.3807309
3824 13 2.8841836
3824 20 3.3158252
3824 28 2.813901
3824 38 3.6717775
3826 2 2.668468
3826 13 2.6580067
3826 14 2.996274
3826 26 2.611533
3826 74 2.8002331
3840 1 3.3316052
3840 11 2.9958653
3840 16 3.1993654
3840 20 3.1580675
3840 45 2.4144492
3844 2 3.3621514
3844 9 4.221543
3844 14 3.562244
3844 19 2.6452909
3844 49 3.1085222
3847 1 2.8480275
3847 5 2.0860763
3847 6 2.3005624
3847 30 1.8152533
3847 60 1.4883136
3849 1 3.5453825
3849 7 3.6430163
3849 13 3.1540356
3849 16 3.3233068
3849 62 3.4582055
3855 1 3.2163184
3855 9 3.0039148
3855 11 2.686273
3855 16 3.0956385
3855 46 2.7584176
3866 3 3.57725
3866 6 3.3850484
3866 15 2.9669812
3866 18 2.1925101
3866 28 3.5777957
3867 5 1.6650443
3867 10 2.7813456
3867 13 1.8633174
3867 24 1.627006
3867 66 2.428753
3871 7 1.8438666
3871 10 2.496656
3871 12 2.6475081
3871 24 1.8354154
3871 54 2.7604785
3907 6 3.0378096
3907 14 3.4634893
3907 16 3.0074022
3907 34 2.8542871
3907 76 2.6265368
3908 4 3.1348472
3908 18 2.2818582
3908 19 2.708112
3908 26 3.183927
3908 58 3.1609356
3915 1 3.4769075
3915 3 3.403604
3915 5 2.5265422
3915 11 2.923039
3915 66 2.5555954
3922 4 2.7172894
3922 11 2.7725725
3922 14 2.8833473
3922 20 3.0375414
3922 34 1.9889034
3929 6 2.3535848
3929 13 1.982604
3929 14 2.206859
3929 31 1.858833
3929 49 1.5940428
3937 4 2.7067726
3937 16 2.7129593
3937 18 1.7983754
3937 24 1.633721
3937 53 1.9921942
3945 3 3.195608
3945 22 2.8728006
3945 24 2.2832892
3945 31 2.6611383
3945 76 2.3134193
3946 4 2.7508798
3946 19 2.2296588
3946 25 2.0018923
3946 46 2.530252
3946 54 2.9337533
3949 2 3.3457239
3949 11 3.3282976
3949 12 3.1295462
3949 20 3.7144132
3949 29 2.1111407
3954 10 3.8168616
3954 23 3.7300954
3954 29 2.658049
3954 33 2.9125957
3954 51 3.1490207
3955 1 3.3036687
3955 6 2.8831544
3955 10 3.6382432
3955 27 3.2251723
3955 86 2.315958
3960 1 3.0371068
3960 5 2.4909244
3960 7 3.1537387
3960 16 3.1859388
3960 35 2.2734191
3963 1 3.4090614
3963 12 3.433146
3963 13 3.2462444
3963 31 2.6916091
3963 42 3.4479969
3964 3 3.2199497
3964 5 2.0607882
3964 6 2.9531126
3964 16 2.9505444
3964 30 2.7322204
3965 1 2.769564
3965 3 3.090849
3965 7 2.6872482
3965 22 2.308626
3965 39 1.8434259
3966 1 2.99743
3966 5 2.183017
3966 6 2.504336
3966 18 1.514863
3966 39 2.0956998
3974 3 3.5322807
3974 10 3.6638205
3974 13 2.844996
3974 25 2.6882844
3974 57 2.0249789
3977 2 2.7729912
3977 10 3.3386402
3977 14 3.349501
3977 27 3.5212543
3977 43 2.1013172
3978 1 3.4274523
3978 13 3.153749
3978 14 2.9493308
3978 22 3.4465427
3978 89 2.899036
3980 4 2.9489408
3980 16 3.2007222
3980 18 2.4375699
3980 27 3.1617255
3980 57 1.977724
3994 5 2.3283246
3994 11 2.0366802
3994 25 1.532106
3994 28 2.7773151
3994 54 2.8421834
4002 8 2.8257396
4002 10 3.3881261
4002 12 3.1565378
4002 15 2.752466
4002 53 2.1392558
4004 3 2.953956
4004 6 1.8544564
4004 9 2.696553
4004 26 1.9519954
4004 48 2.9201245
4012 1 2.6098905
4012 8 2.7648127
4012 13 2.608931
4012 26 2.7452605
4012 61 2.4599159
4022 4 3.3205643
4022 9 3.7311153
4022 13 2.6431465
4022 22 3.3677201
4022 87 1.5705086
4029 1 2.1668885
4029 25 1.7489468
4029 26 2.2051811
4029 30 1.8810599
4029 90 1.4752232
4030 3 3.1977687
4030 14 2.1955967
4030 23 3.1875691
4030 32 2.6427104
4030 62 2.8081546
4033 1 3.28861
4033 9 3.5631478
4033 16 3.0754132
4033 20 3.5510216
4033 50 2.0439348
4035 4 3.173094
4035 11 2.9114485
4035 14 2.8973835
4035 24 2.2023413
4035 44 2.9684572
4036 1 3.1571589
4036 10 3.2092159
4036 13 2.2075112
4036 18 1.818248
4036 27 2.775755
4043 1 3.405342
4043 4 3.4803908
4043 5 2.7017603
4043 18 2.3029711
4043 44 3.0790553
4044 3 3.4345248
4044 13 2.7942994
4044 22 3.117626
4044 36 2.4530997
4044 67 2.1761632
4049 6 2.55379
4049 12 2.763026
4049 19 2.0925481
4049 50 1.7312617
4049 62 3.2620032
4052 1 3.3706453
4052 5 2.5931418
4052 8 2.5487733
4052 12 3.3430543
4052 62 3.5049236
4065 6 2.0892043
4065 13 2.0675926
4065 18 1.5964584
4065 22 2.0823598
4065 55 1.9209361
4066 3 2.85759
4066 10 2.734293
4066 19 1.8977035
4066 32 2.4444492
4066 52 1.5744598
4078 7 2.8511105
4078 13 2.1133637
4078 17 2.0328374
4078 22 2.4844742
4078 37 2.5669699
4084 5 2.8849213
4084 14 3.1796012
4084 18 2.0502791
4084 27 3.1346776
4084 82 2.187715
4097 1 3.2635603
4097 7 2.6003811
4097 11 2.982829
4097 31 2.2794533
4097 40 2.4284601
4101 2 3.1306992
4101 10 3.1597383
4101 16 2.9335785
4101 51 2.5366597
4101 77 2.8203003
4105 1 3.2332125
4105 7 1.4213487
4105 10 3.269824
4105 28 2.21946
4105 35 2.2620366
4111 1 3.8299286
4111 15 3.3464222
4111 17 2.5729945
4111 34 2.77342
4111 61 2.5533333
4121 2 3.3441973
4121 5 2.7982197
4121 8 3.0193071
4121 13 2.7240815
4121 60 2.097478
4129 2 2.1178262
4129 10 2.6043034
4129 15 2.091601
4129 22 2.1836178
4129 50 1.0
4135 6 3.3318288
4135 21 3.2414136
4135 23 3.4928346
4135 32 3.66716
4135 72 2.8011158
4141 2 3.4790897
4141 9 3.8510413
4141 11 3.3589292
4141 29 1.8003584
4141 65 2.1616957
4152 4 3.0794697
4152 9 3.1354973
4152 14 2.7268968
4152 28 2.9197006
4152 47 2.3589692
4155 10 3.4051726
4155 13 2.4179857
4155 15 2.9136715
4155 18 2.0764241
4155 53 2.222566
4158 2 3.2699864
4158 8 3.3114715
4158 13 2.7105348
4158 26 3.1112459
4158 45 2.9284823
4160 7 2.858154
4160 11 2.9654834
4160 16 3.1743834
4160 34 2.272194
4160 55 2.5331168
4165 1 3.081199
4165 7 1.9464862
4165 15 2.3050034
4165 22 1.817143
4165 46 2.412102
4171 1 2.1407208
4171 21 2.7481024
4171 22 2.117934
4171 25 1.398522
4171 46 2.3849802
4181 4 2.804452
4181 10 3.151964
4181 18 1.7916563
4181 25 2.1073961
4181 46 2.6367247
4196 2 3.0989952
4196 8 2.8492258
4196 10 3.2450104
4196 27 2.9787602
4196 43 2.1542459
4198 3 3.1127627
4198 9 3.4359179
4198 14 2.7337823
4198 17 1.7957448
4198 41 1.9009483
4199 4 3.1089556
4199 8 3.2366617
4199 16 3.3729923
4199 19 2.84148
4199 36 2.7357697
4200 10 3.0817647
4200 13 2.1513128
4200 14 2.5420966
4200 27 2.8508224
4200 36 2.0061054
4205 2 2.8418355
4205 8 2.531834
4205 10 2.8181098
4205 17 1.8276933
4205 46 2.269146
4209 3 3.4322128
4209 11 3.5376022
4209 29 2.2750998
4209 52 2.282072
4209 82 2.2180014
4210 1 3.2140896
4210 6 2.8674173
4210 8 2.8072162
4210 12 3.1611428
4210 35 2.85268
4216 1 3.5639603
4216 5 2.9497142
4216 7 3.3220584
4216 14 3.330317
4216 33 2.7350307
4219 5 2.8589585
4219 11 3.2595706
4219 12 3.3466365
4219 19 2.5844364
4219 35 2.8645349
4244 11 2.7675877
4244 20 3.4581208
4244 24 2.3956356
4244 54 2.974748
4244 79 2.056837
4249 3 3.7154202
4249 12 3.136263
4249 13 2.780058
4249 22 2.893067
4249 50 1.5630801
4251 1 3.4588768
4251 8 2.9151816
4251 10 3.441556
4251 12 3.2879155
4251 39 2.6222763
4253 1 2.9153464
4253 4 2.3250737
4253 5 2.5077565
4253 8 2.9476478
4253 27 3.077135
4255 4 2.8838358
4255 14 2.690864
4255 15 2.061182
4255 27 2.6791716
4255 39 2.4214714
4256 1 3.0415583
4256 6 2.695621
4256 9 3.3476946
4256 30 2.2058005
4256 49 2.2085524
4264 1 3.1349628
4264 7 3.0814106
4264 12 3.0653782
4264 29 2.1428468
4264 62 3.2982924
4265 1 3.178233
4265 10 3.119582
4265 12 2.8415856
4265 22 2.4144986
4265 60 1.5084682
4267 4 2.9121869
4267 12 3.0281446
4267 13 2.3617198
4267 16 3.0885167
4267 48 3.3031628
4268 1 2.7490172
4268 8 2.603793
4268 9 2.8998942
4268 14 2.4635658
4268 29 1.7418834
4270 1 3.4119604
4270 9 4.274831
4270 13 2.4215665
4270 30 2.5347655
4270 78 2.1422353
4280 2 3.3939338
4280 12 3.4636278
4280 14 3.3268886
4280 25 2.5510736
4280 29 2.4770555
4281 3 3.6911802
4281 7 2.9198582
4281 10 3.772071
4281 18 2.2225368
4281 68 2.3824456
4286 11 3.220199
4286 25 2.3249092
4286 30 2.577287
4286 39 2.5507116
4286 70 2.1903648
4288 2 2.7002919
4288 4 2.753589
4288 12 2.7469885
4288 17 1.709305
4288 45 2.3575838
4299 2 2.7037363
4299 6 2.4976149
4299 7 2.5138772
4299 17 2.1865785
4299 58 2.520276
4306 6 2.9153378
4306 10 3.2552207
4306 13 2.588306
4306 17 2.8546188
4306 26 2.9530902
4325 3 3.0042884
4325 8 2.433807
4325 9 2.9910638
4325 12 2.3256507
4325 46 2.30072
4327 2 2.8955982
4327 9 3.3353896
4327 14 2.8067496
4327 26 2.6110542
4327 41 1.6032275
4328 3 3.2647884
4328 7 2.5106874
4328 8 2.6156487
4328 35 2.3982751
4328 68 2.159661
4334 2 3.441901
4334 8 2.9803765
4334 13 2.4825375
4334 21 3.2822087
4334 51 2.7518268
4340 4 3.0887864
4340 10 3.5733774
4340 14 3.2160494
4340 23 3.505952
4340 43 2.263536
4350 3 2.309587
4350 9 2.838182
4350 10 2.8165643
4350 21 2.7021344
4350 50 1.0
4351 2 3.3720496
4351 18 2.3358548
4351 23 3.3210537
4351 34 2.4215834
4351 45 2.9435222
4352 3 2.8100424
4352 7 2.1921556
4352 10 2.2802896
4352 30 2.050448
4352 41 1.6383889
4357 1 3.3375907
4357 11 3.203049
4357 12 3.1687386
4357 21 3.4413345
4357 48 3.306691
4359 4 2.951589
4359 8 3.0987883
4359 9 3.4667454
4359 14 2.6196196
4359 63 2.7095592
4362 3 3.1361778
4362 10 3.4610648
4362 14 2.6665819
4362 25 2.067208
4362 73 2.5898104
4364 8 1.3160579
4364 14 1.9902637
4364 19 1.0
4364 28 2.3964822
4364 37 1.9438301
4369 1 3.116955
4369 20 3.4605737
4369 21 2.8059342
4369 26 2.6385324
4369 58 2.7055845
4372 2 3.4286683
4372 7 3.3533645
4372 8 3.204584
4372 14 3.361623
4372 63 2.8977046
4373 2 2.8488116
4373 6 2.4257643
4373 14 2.5222871
4373 30 1.0
4373 50 1.3948448
4377 2 3.147917
4377 7 3.3264039
4377 10 3.38425
4377 16 3.5557513
4377 30 2.7005496
4378 2 3.4222922
4378 9 3.9153566
4378 10 3.414406
4378 13 2.570905
4378 40 2.5736494
4379 4 3.064145
4379 15 2.7158854
4379 16 3.1846912
4379 34 2.2525787
4379 55 2.8608656
4384 9 3.6291575
4384 15 2.9462755
4384 17 2.5263948
4384 35 2.9326649
4384 75 2.8359804
4390 4 2.6389089
4390 10 3.2180579
4390 13 2.2007277
4390 17 2.1901135
4390 52 2.1267114
4394 3 3.0204873
4394 6 1.3984944
4394 10 3.1414795
4394 16 2.949581
4394 39 2.3413475
4395 2 2.4933069
4395 9 3.220311
4395 10 2.9502735
4395 15 2.5677383
4395 30 2.1039538
4401 2 2.5556202
4401 14 2.4102798
4401 16 2.4835079
4401 19 1.4522934
4401 49 1.739629
4403 4 3.3340673
4403 6 2.7611544
4403 13 2.8593605
4403 17 2.42997
4403 42 3.4962
4405 3 3.802683
4405 8 3.3571377
4405 10 4.089382
4405 15 2.9614332
4405 39 2.7415056
4412 2 3.494535
4412 12 3.564229
4412 13 2.854807
4412 22 3.282569
4412 32 3.2573252
4416 4 2.9396217
4416 16 3.1036706
4416 17 1.8436058
4416 36 2.285254
4416 63 2.2306612
4431 7 3.1316206
4431 15 2.638864
4431 17 2.2756782
4431 19 2.4445431
4431 44 2.755868
4432 1 3.6859026
4432 15 3.1679146
4432 18 2.4706466
4432 39 2.93173
4432 60 2.3319423
4435 5 2.578141
4435 13 2.1326032
4435 18 1.8811126
4435 27 3.1144862
4435 50 1.9952905
4437 2 3.3661659
4437 7 3.290862
4437 9 3.7504103
4437 17 2.6133823
4437 42 3.4188406
4444 2 3.6304603
4444 7 3.3285193
4444 16 3.3966596
4444 28 3.6328173
4444 47 3.107118
4452 3 3.6575341
4452 6 3.0758488
4452 7 4.252264
4452 11 3.9619188
4452 43 2.3194678
4456 1 2.3388553
4456 4 2.463425
4456 7 2.5470967
4456 17 1.4213486
4456 46 2.4084036
4459 2 3.2480464
4459 5 2.9875028
4459 10 3.6421452
4459 17 2.5991228
4459 40 2.6548223
4461 5 2.5443425
4461 9 3.1987338
4461 23 3.2592056
4461 31 2.4808004
4461 54 3.1762135
4467 4 3.1168206
4467 8 2.7655275
4467 10 3.374763
4467 21 3.602679
4467 38 3.9601173
4468 10 3.982972
4468 14 3.1324081
4468 19 2.9508986
4468 39 3.3293235
4468 71 2.674698
4470 3 3.4085798
4470 17 2.5938349
4470 24 2.4880412
4470 28 3.1277544
4470 46 2.9504583
4471 2 2.7578583
4471 9 2.6629543
4471 15 2.4714746
4471 20 3.0390296
4471 40 2.0023391
4473 3 3.4489424
4473 8 3.4315252
4473 9 4.1398163
4473 15 3.1353781
4473 42 3.412597
4476 1 2.9035487
4476 9 3.7086208
4476 12 3.3597147
4476 30 2.6576817
4476 77 3.162357
4477 1 2.9910975
4477 11 3.0712755
4477 14 2.979252
4477 23 3.3902164
4477 48 3.2864685
4479 1 3.6491954
4479 21 3.5319042
4479 29 2.565719
4479 35 3.071322
4479 57 2.4483895
4483 3 3.5834854
4483 12 3.1344078
4483 13 2.2602725
4483 21 3.152524
4483 33 2.361745
4486 4 2.5290425
4486 16 2.9030142
4486 26 2.7384453
4486 33 2.1847727
4486 68 2.2710543
4489 1 3.5638726
4489 3 3.3268676
4489 4 3.147707
4489 47 2.7328534
4489 58 2.9275281
4494 3 3.7819831
4494 10 3.5079691
4494 11 3.4655297
4494 13 2.4339802
4494 17 2.7207775
4500 3 3.9107733
4500 15 3.4616563
4500 17 2.76036
4500 21 3.3733573
4500 38 3.8670497
4511 2 3.1983242
4511 7 3.4203453
4511 11 3.2495577
4511 21 3.5575573
4511 52 2.5724592
4512 1 3.3000388
4512 6 3.1647856
4512 12 3.7367775
4512 26 3.1270707
4512 51 2.7788017
4515 2 3.196183
4515 4 2.9141858
4515 8 3.0698767
4515 11 3.1326466
4515 30 2.556519
4516 1 3.1004167
4516 15 2.7228956
4516 21 3.1749413
4516 27 3.1061187
4516 62 3.3732936
4521 5 2.7505927
4521 10 3.453401
4521 19 2.663699
4521 25 2.5165486
4521 42 3.2626417
4543 4 3.2512472
4543 9 3.6595623
4543 10 3.7993453
4543 36 2.4558609
4543 58 3.0392523
4546 1 3.1459506
4546 8 2.821573
4546 11 3.1422226
4546 18 2.3831558
4546 44 2.933794
4548 1 3.5718741
4548 6 3.1104755
4548 14 3.3382306
4548 18 2.356618
4548 28 3.302587
4551 4 2.7643473
4551 13 2.334778
4551 18 1.8578942
4551 20 3.4192557
4551 54 2.636721
4557 5 1.737242
4557 8 2.7587044
4557 15 2.390438
4557 22 2.1706128
4557 66 2.1765702
4574 1 2.8814821
4574 4 2.8060524
4574 6 2.3948069
4574 26 2.481391
4574 38 3.2117038
4582 6 2.8665352
4582 21 3.1011186
4582 37 2.7264915
4582 46 2.7167692
4582 64 2.7545958
4595 5 3.0078123
4595 8 3.231376
4595 9 3.8397048
4595 16 3.5462763
4595 48 3.6945224
4604 1 3.3591797
4604 12 3.7480524
4604 15 2.8715453
4604 25 2.6579635
4604 52 2.6654363
4613 1 3.61668
4613 7 2.9588604
4613 11 3.4337745
4613 15 3.2380338
4613 46 2.7832923
4618 2 3.4587622
4618 8 3.2346778
4618 13 2.819034
4618 23 3.6139302
4618 41 2.517263
4619 1 2.8497655
4619 6 2.5117896
4619 11 2.7143948
4619 31 2.5592277
4619 76 2.2489924
4620 1 3.0820944
4620 10 2.9801502
4620 16 2.8937204
4620 22 2.6688666
4620 41 1.6064416
4621 2 3.2560532
4621 10 3.731861
4621 12 3.2525003
4621 20 4.057889
4621 47 2.8340359
4626 8 2.2952774
4626 19 1.9132249
4626 22 2.6511328
4626 39 2.351666
4626 73 2.618
4629 1 3.6587863
4629 10 3.3216207
4629 16 2.8345973
4629 19 2.3025384
4629 31 2.4824662
4635 2 3.361403
4635 6 2.776529
4635 12 3.491087
4635 29 2.3802252
4635 44 3.0886278
4638 6 2.3315084
4638 17 1.8012149
4638 21 2.8894114
4638 31 2.208248
4638 67 2.070895
4641 1 3.2375293
4641 7 3.0268676
4641 8 2.870517
4641 24 2.5987656
4641 45 2.6846912
4643 2 2.9504437
4643 5 2.1102993
4643 7 2.5336235
4643 10 3.1465044
4643 24 1.8404751
4647 1 2.8645892
4647 4 2.9118257
4647 7 2.830246
4647 13 2.006217
4647 30 2.0536888
4648 1 2.916418
4648 4 2.5728693
4648 6 2.687822
4648 18 1.6602479
4648 51 2.582701
4650 2 2.5727265
4650 8 2.9582293
4650 16 2.8559647
4650 20 3.2643054
4650 59 2.2111077
4657 3 4.015784
4657 7 3.1788902
4657 8 2.8196473
4657 31 3.8607292
4657 91 1.5540555
4662 2 2.7354658
4662 9 2.5463116
4662 10 2.8787012
4662 21 2.7143905
4662 25 1.5536556
4663 2 2.7274125
4663 8 2.318772
4663 9 2.8467963
4663 19 1.7067639
4663 50 1.0
4666 5 1.0
4666 12 2.3707023
4666 13 1.5393617
4666 28 2.2563434
4666 49 1.7120531
4670 2 2.4057193
4670 10 2.6264975
4670 12 1.988047
4670 25 1.0
4670 46 2.1033213
4673 5 2.097559
4673 16 2.6726575
4673 19 1.9894154
4673 22 2.7565951
4673 61 1.9788073
4676 4 2.9604192
4676 6 2.5398216
4676 9 3.732176
4676 11 3.299271
4676 25 2.4051197
4677 3 2.740147
4677 10 2.806424
4677 26 2.2459707
4677 38 2.8598917
4677 52 1.8043422
4686 4 3.3578002
4686 16 3.093647
4686 19 2.6891096
4686 26 2.696358
4686 49 2.6880689
4699 1 3.1919758
4699 4 3.52336
4699 13 2.921611
4699 16 3.204501
4699 29 2.5545216
4702 3 2.6137865
4702 13 1.5080261
4702 16 2.4986835
4702 28 1.9087318
4702 43 1.4882426
4703 3 3.3347323
4703 11 2.4743013
4703 13 1.6746312
4703 18 1.4937481
4703 48 2.3759358
4708 1 3.4568129
4708 3 4.170361
4708 6 3.6174045
4708 13 3.208167
4708 38 3.715524
4710 1 3.0436635
4710 11 3.2969775
4710 22 2.3991358
4710 26 2.4459226
4710 45 2.4501867
4725 7 2.0652795
4725 16 2.8988798
4725 17 2.0039797
4725 19 2.0738533
4725 47 2.1591976
4733 3 3.2330287
4733 9 3.2054708
4733 13 1.4215114
4733 22 2.6946747
4733 53 1.6700921
4753 5 2.4137695
4753 10 3.1033518
4753 12 2.9311116
4753 15 2.5100276
4753 42 2.9140923
4758 2 3.682582
4758 7 3.2277176
4758 8 3.0127378
4758 11 3.8068433
4758 55 2.9041672
4764 1 2.8195271
4764 7 3.1178594
4764 8 2.7928925
4764 18 1.9862738
4764 36 2.8037395
4767 5 3.0755513
4767 11 3.195832
4767 18 2.590578
4767 27 3.6802995
4767 58 3.0380566
4769 2 3.3181252
4769 8 2.744121
4769 10 3.3029363
4769 19 2.6514196
4769 33 2.5184717
4776 3 3.695306
4776 11 3.3779528
4776 13 3.015497
4776 25 2.1549895
4776 43 2.2445464
4788 14 3.0880878
4788 23 2.919281
4788 25 2.060259
4788 31 1.3279839
4788 72 2.853596
4797 8 2.740779
4797 11 2.768489
4797 12 3.124492
4797 21 2.8544955
4797 71 2.0801747
4807 2 2.6951702
4807 6 2.7058103
4807 13 2.131616
4807 21 2.945573
4807 48 3.2160442
4810 5 3.0413992
4810 16 3.579391
4810 18 2.4399712
4810 24 2.7936714
4810 86 2.71252
4812 1 3.8123786
4812 7 3.0710933
4812 8 2.973069
4812 16 3.4601586
4812 33 2.5990922
4823 4 2.3597934
4823 12 2.7225175
4823 13 2.0874057
4823 24 2.421098
4823 54 2.9943354
4824 3 3.3213544
4824 10 3.3762877
4824 27 3.240171
4824 34 2.16812
4824 75 2.288713
4830 5 2.3558767
4830 10 3.3127975
4830 16 3.0268426
4830 22 2.6694336
4830 37 2.604197
4834 1 3.1335597
4834 3 3.1809857
4834 9 3.3208394
4834 11 2.923293
4834 41 1.4967631
4839 1 3.174001
4839 5 2.5974755
4839 7 3.1285748
4839 31 2.3712957
4839 45 2.6352239
4849 2 3.2361655
4849 7 3.3791056
4849 12 3.122548
4849 15 2.4929714
4849 38 3.624446
4855 1 3.3511338
4855 3 3.5806139
4855 10 3.5744438
4855 16 3.249717
4855 27 3.2990055
4865 2 2.710047
4865 15 1.762894
4865 16 2.8788471
4865 31 2.2089465
4865 54 2.8943326
4866 3 3.2253313
4866 11 2.5728505
4866 12 2.9540153
4866 22 2.2907455
4866 49 1.8582536
4872 3 3.7664368
4872 10 3.9778397
4872 15 3.055071
4872 25 3.116942
4872 43 2.691114
4877 5 2.2615204
4877 8 2.726541
4877 10 2.7693923
4877 17 1.7957919
4877 26 2.65098
4878 2 2.9351194
4878 7 2.159181
4878 9 2.5130877
4878 21 2.9632976
4878 52 2.312669
4885 1 3.159533
4885 3 3.2640254
4885 11 2.5296843
4885 18 1.553962
4885 82 1.856069
4892 2 2.5257049
4892 9 2.9034905
4892 11 2.4514768
4892 15 2.34204
4892 47 1.6539295
4895 3 3.1262226
4895 11 2.6381176
4895 23 3.1280875
4895 39 2.4488113
4895 60 1.427123
4897 5 2.177721
4897 18 1.689964
4897 22 2.8710232
4897 34 1.9295317
4897 60 1.7955228
4899 1 3.3397703
4899 4 3.2943459
4899 6 2.8288124
4899 14 3.1000001
4899 72 2.7548184
4906 1 2.9800644
4906 6 2.5844228
4906 8 2.4049675
4906 19 1.0
4906 65 1.8509116
4918 7 3.0702121
4918 16 3.360134
4918 19 2.4571507
4918 23 3.2991676
4918 48 3.634885
4926 7 3.1610558
4926 12 3.3827434
4926 20 3.0791974
4926 24 2.4533534
4926 55 2.5744588
4932 1 3.1862214
4932 4 2.7024524
4932 9 3.1836267
4932 25 2.3376224
4932 48 3.194623
4933 12 2.4020224
4933 14 2.2770276
4933 18 1.1265435
4933 24 2.0762646
4933 51 2.3784244
4941 1 2.9083729
4941 12 3.1606998
4941 19 2.6643395
4941 27 3.6373007
4941 40 2.376665
4944 1 3.4245296
4944 5 2.9683523
4944 7 3.2072892
4944 40 2.7617838
4944 77 3.1001189
4945 2 2.67962
4945 4 2.3499136
4945 18 1.0
4945 22 2.0184565
4945 70 1.499615
4956 5 2.6921964
4956 18 2.0319612
4956 20 3.450033
4956 26 3.3090968
4956 47 2.4833715
4968 5 2.2191877
4968 9 3.233522
4968 10 2.638017
4968 17 1.5777665
4968 25 1.3238642
4970 4 2.95829
4970 15 2.6209714
4970 26 2.6221824
4970 31 2.1126437
4970 54 2.807174
4974 1 2.9776595
4974 9 3.2239997
4974 20 3.371788
4974 26 2.7446787
4974 67 2.1306453
4979 3 3.6979513
4979 14 3.0449002
4979 23 3.2891057
4979 29 2.2818394
4979 62 3.486968
4987 1 3.4704342
4987 7 3.7117639
4987 15 2.9259734
4987 18 2.274273
4987 40 2.703786
