11 1 3.3410728
11 6 3.4963129
11 7 3.1045835
11 9 3.5183733
11 65 2.2186785
31 10 3.0039585
31 14 2.352635
31 17 1.8045688
31 19 1.0
31 31 1.9550422
34 2 3.584132
34 12 3.5916295
34 22 3.0686116
34 28 3.3033936
34 42 3.3872514
35 2 3.029885
35 9 4.0171485
35 10 3.5524487
35 22 2.6773129
35 32 2.9042702
39 1 3.3751283
39 12 3.600055
39 21 3.826342
39 25 2.5295403
39 52 2.5171778
44 3 3.2570446
44 16 2.793127
44 17 2.1175497
44 20 3.0243897
44 56 2.147039
48 1 2.7116227
48 6 1.9499803
48 8 2.6856813
48 18 1.6084229
48 50 1.7693431
56 3 3.395098
56 15 2.7664607
56 17 2.1321557
56 25 2.3131404
56 33 2.8065233
57 2 3.4173422
57 12 3.4671474
57 17 2.5669093
57 31 3.1857197
57 59 3.6926894
63 6 2.3749628
63 10 3.0430381
63 11 2.7252822
63 21 3.0152018
63 37 2.7126157
64 1 3.4048278
64 9 3.2886715
64 11 2.8830128
64 17 2.3005402
64 52 2.3897858
68 1 3.4079988
68 6 2.9721143
68 7 3.1697571
68 13 2.899653
68 46 2.9277449
70 3 3.539667
70 9 3.8934326
70 13 2.5793195
70 17 2.593056
70 39 2.9725366
71 2 3.1301057
71 11 3.0907793
71 13 2.5997176
71 17 2.666036
71 48 3.5836897
81 1 3.3636055
81 7 2.8934648
81 9 3.0949223
81 23 3.272808
81 50 2.7470162
94 1 3.3219845
94 7 3.18526
94 8 2.8803997
94 25 2.604025
94 45 3.415028
100 4 2.4597487
100 12 2.6630325
100 17 2.1984437
100 21 2.6736867
100 32 2.6172757
117 1 3.1415067
117 6 2.7901754
117 7 2.8702219
117 20 3.2192528
117 82 2.032642
119 1 3.2056758
119 6 2.8531272
119 12 3.4141948
119 25 2.159486
119 47 2.6177711
129 5 2.0650408
129 7 2.8071096
129 11 3.0984857
129 19 2.2160358
129 45 2.5617747
131 1 3.2566884
131 11 3.3433018
131 12 3.1946535
131 19 2.5008597
131 49 2.529724
133 6 2.9839919
133 13 2.7857683
133 16 3.261993
133 19 2.505897
133 40 2.8017998
136 1 3.512276
136 15 2.957163
136 20 3.6566327
136 46 2.9172435
136 83 2.7909796
148 4 2.8725867
148 7 2.4439538
148 8 2.2024674
148 29 1.7597182
148 75 2.379739
150 1 3.1645482
150 5 2.8248794
150 7 2.9176064
150 22 3.2792292
150 78 2.7623653
156 1 2.6145084
156 7 2.3932796
156 10 2.721574
156 39 2.0391655
156 56 1.7580903
159 6 2.3068247
159 11 1.777632
159 12 2.7665563
159 19 1.7437636
159 40 2.0306168
161 2 3.0489006
161 9 3.627213
161 10 3.226865
161 22 2.910518
161 31 2.4150193
172 1 3.3885279
172 13 2.527783
172 18 2.059662
172 22 3.515833
172 53 2.338203
174 2 2.6469867
174 7 2.9362772
174 11 2.856363
174 22 2.7367775
174 59 2.3041177
176 1 2.9564192
176 17 2.0371344
176 20 3.1996377
176 28 2.687197
176 69 2.0834844
181 1 3.1375413
181 9 3.48495
181 12 3.0787427
181 16 3.0421395
181 39 2.271482
184 6 3.1265903
184 10 3.9895613
184 11 3.467516
184 21 3.4453075
184 61 2.7160766
185 2 3.599196
185 9 3.8961334
185 22 3.128729
185 27 3.3873057
185 52 2.4526727
194 5 2.279523
194 21 2.6564395
194 25 1.4295492
194 34 2.04619
194 50 1.9271798
196 6 2.5328481
196 11 2.812203
196 12 2.7136385
196 21 2.8868997
196 48 2.9269245
199 4 2.8109028
199 17 2.0144649
199 19 2.1187
199 24 2.2203085
199 53 2.0093482
204 4 3.1826954
204 12 3.1751003
204 13 2.3198225
204 28 2.7661393
204 49 2.7018685
207 4 3.441548
207 7 3.1230724
207 11 3.079345
207 31 2.4785676
207 79 2.8678346
208 1 3.5906606
208 7 2.7600694
208 9 3.330729
208 15 2.9019883
208 49 2.6114955
210 9 3.1396754
210 12 2.5786493
210 20 2.9607177
210 23 2.8133862
210 46 2.37014
211 2 3.3388739
211 19 3.0451832
211 21 3.445035
211 32 3.1153355
211 65 2.7073495
216 1 3.234424
216 19 2.0702498
216 22 2.1688929
216 35 2.2944198
216 69 2.2036965
220 3 3.3530207
220 11 3.039057
220 16 2.8490138
220 22 2.6405807
220 47 1.0
225 1 3.1083186
225 6 3.0297835
225 14 2.8353946
225 26 2.994108
225 37 2.8174837
230 1 3.0462437
230 17 1.5419655
230 20 2.4849243
230 29 1.8304359
230 55 2.1239698
231 1 3.3907883
231 6 3.0645852
231 8 3.2955801
231 17 2.7107499
231 88 4.6638927
232 1 3.3306682
232 11 3.2560437
232 12 3.3146317
232 26 3.1168299
232 48 3.3405623
241 4 3.2170174
241 8 3.0875065
241 10 3.3429453
241 16 3.343645
241 49 2.755022
243 1 3.0564797
243 8 2.6515074
243 11 2.9027922
243 23 3.0069356
243 80 3.819859
246 1 2.6494298
246 11 2.8645582
246 14 2.7967575
246 26 2.7499056
246 32 2.5345647
253 1 3.4626043
253 6 2.9295912
253 16 3.5675058
253 26 3.1462567
253 42 3.2664855
254 6 2.347765
254 12 2.874003
254 14 2.7174466
254 24 1.7136465
254 55 2.2324
258 4 3.2209482
258 11 3.2731452
258 17 2.5953102
258 20 3.4745493
258 52 2.3242621
270 2 1.3737259
270 6 2.267155
270 7 1.2805153
270 13 1.692039
270 42 2.473
288 3 3.2057517
288 16 3.2311103
288 18 1.264067
288 26 2.7082381
288 72 2.0513573
296 2 2.6289456
296 7 2.172634
296 12 2.6288078
296 26 2.2761629
296 94 1.1544731
304 1 3.3492327
304 8 2.6158705
304 11 3.1543994
304 21 3.2353547
304 41 2.31595
308 5 2.4827852
308 10 3.5593975
308 12 3.1903453
308 29 2.0288885
308 41 2.4916265
309 7 3.1342707
309 11 3.28487
309 19 3.0427456
309 50 2.2940402
309 65 2.7192907
313 3 3.615198
313 15 2.7193727
313 25 2.4482167
313 27 3.1069036
313 59 2.5475385
314 1 2.49954
314 4 2.70148
314 6 2.5021753
314 20 3.2816243
314 46 2.3694599
323 5 2.4246063
323 11 3.1935215
323 12 3.1514633
323 23 3.1570866
323 55 2.6971815
330 1 3.1502256
330 5 2.3876631
330 10 2.9953046
330 18 1.9105401
330 36 1.9609468
331 3 3.3885293
331 7 2.7211566
331 12 2.8440948
331 23 2.8698113
331 56 1.5373232
334 1 3.2641737
334 6 2.7377815
334 7 3.0386288
334 36 2.155835
334 63 2.5404348
336 1 3.47498
336 7 3.4316294
336 11 3.57504
336 22 3.427397
336 51 3.1269317
338 2 2.9845407
338 11 2.884937
338 12 2.8987784
338 22 2.7939508
338 79 2.275744
339 4 3.3202412
339 15 2.9351523
339 21 3.6872206
339 34 2.494362
339 55 2.88697
350 4 3.0781775
350 11 3.0231476
350 12 2.949196
350 17 2.162026
350 34 2.1594882
353 2 3.5226028
353 15 3.171192
353 24 2.8275301
353 38 3.8368387
353 51 3.096775
355 1 3.2607298
355 5 2.850234
355 6 2.7637208
355 22 3.0013018
355 52 2.354554
356 1 3.3028126
356 13 2.8316057
356 14 3.681084
356 32 2.881464
356 75 2.443701
365 3 3.2351115
365 12 2.960515
365 13 2.7817514
365 24 2.3846707
365 41 2.0184286
366 1 3.3058748
366 6 2.6179085
366 8 2.7224665
366 16 3.1900806
366 73 5.0
368 6 2.5857096
368 15 2.4613876
368 16 3.2940485
368 35 2.5268366
368 69 4.2823257
387 2 2.7983396
387 14 2.6234019
387 16 2.7863376
387 20 3.3075051
387 33 2.1128788
388 1 2.9695425
388 4 2.6911297
388 5 2.3553452
388 13 2.1630852
388 34 2.0007427
392 3 3.555194
392 21 3.4420042
392 30 2.6879697
392 33 3.5730033
392 90 3.0132189
404 2 3.2838964
404 7 3.011313
404 12 3.1879056
404 18 2.0712297
404 65 2.8779368
407 2 2.809952
407 4 2.907255
407 12 3.0924294
407 21 2.9185474
407 52 2.0197332
408 3 3.2818964
408 8 1.8850825
408 12 2.9435527
408 18 1.1995053
408 55 2.348444
417 1 3.51882
417 4 3.2404072
417 12 3.4221776
417 18 2.3037848
417 35 2.9410324
420 5 1.7170445
420 18 1.1162066
420 23 2.320024
420 29 1.2477921
420 43 1.2498668
421 2 3.2066073
421 4 2.7255507
421 5 2.6242185
421 8 3.099891
421 38 3.7752228
424 3 2.93521
424 17 2.2265124
424 19 2.4350035
424 35 2.6068375
424 80 3.0019805
425 2 3.3566055
425 6 3.0229938
425 7 3.6097493
425 12 3.3381908
425 28 3.3432794
442 6 2.7498798
442 9 3.4673874
442 26 2.9996564
442 54 3.2091665
442 81 1.8868046
444 1 3.4319024
444 10 3.5406764
444 12 3.2938116
444 25 2.383883
444 53 2.365226
445 7 1.8791041
445 11 2.4836667
445 12 2.5217001
445 16 2.0474777
445 78 1.0
451 10 3.4519825
451 19 2.445326
451 22 2.9525156
451 30 2.5087996
451 59 2.4297128
460 3 3.7499678
460 13 2.8101752
460 14 3.3831425
460 22 3.238157
460 49 2.9223993
463 4 3.303254
463 9 4.1433597
463 11 3.4096377
463 14 3.3129983
463 30 2.404365
464 1 3.3112853
464 4 3.27863
464 9 3.574362
464 28 2.9846704
464 34 2.7962043
465 5 2.9724052
465 12 3.842627
465 14 3.4797184
465 26 3.0271933
465 46 3.0092976
466 1 3.459488
466 5 2.629519
466 9 3.702441
466 13 2.5280752
466 24 2.430806
476 4 3.038241
476 13 2.6284368
476 16 3.578474
476 21 3.1867127
476 46 2.8625705
478 6 2.6058886
478 10 3.387733
478 21 3.202819
478 43 2.1294382
478 70 2.1621947
482 5 2.8875914
482 9 3.5214632
482 10 3.3553596
482 15 3.0006933
482 31 2.6494539
485 9 3.5372503
485 12 3.3020346
485 13 2.518741
485 18 2.468354
485 60 2.0867393
487 2 2.6863604
487 9 3.0041108
487 14 2.584228
487 22 2.2581036
487 42 2.7362967
490 3 2.9283893
490 13 1.0
490 17 1.0
490 33 1.8437877
490 50 1.2748252
494 3 3.5305214
494 7 3.001267
494 9 3.8669612
494 19 2.264622
494 64 1.8417429
496 4 2.7982428
496 17 1.6612154
496 18 1.8280802
496 26 2.151144
496 44 2.811082
499 1 3.436962
499 9 3.2354565
499 11 2.6070566
499 18 1.6127878
499 25 1.7941676
507 5 2.5916076
507 16 3.3495421
507 17 2.5428998
507 27 3.7463305
507 61 5.0
508 1 3.5653458
508 4 3.4586363
508 13 2.5900037
508 17 2.5078359
508 48 3.4386435
510 2 3.023876
510 9 3.07508
510 10 3.3138459
510 18 1.3251784
510 35 2.5342758
514 1 3.4120047
514 4 3.331974
514 5 3.19128
514 21 3.2885325
514 50 2.2795038
519 4 2.553445
519 8 1.8681526
519 11 2.14114
519 16 2.9287584
519 45 2.1648583
530 8 2.3047016
530 12 2.990906
530 14 2.476423
530 22 2.8025925
530 63 2.5120883
534 1 3.778303
534 13 2.4507792
534 14 2.881995
534 25 2.442053
534 49 2.7838302
550 4 3.7497287
550 8 4.1263576
550 15 3.6521652
550 22 3.081507
550 51 2.8539927
555 4 3.681556
555 10 3.4976933
555 17 2.4350247
555 24 2.3193972
555 41 2.3865194
564 2 2.9962628
564 8 2.5291708
564 9 3.9464173
564 28 3.0161548
564 93 3.0468736
565 9 2.872452
565 16 1.7090387
565 18 1.0
565 31 1.8589177
565 45 1.9789753
568 2 3.3673573
568 6 2.9896386
568 9 3.6852272
568 27 3.2952542
568 37 2.929998
581 8 3.2467983
581 17 2.7181098
581 22 3.2589192
581 30 2.8678749
581 46 3.1359742
587 3 3.1843584
587 11 2.7880664
587 19 1.991023
587 28 2.3105924
587 38 3.1282356
595 2 2.664429
595 5 2.418696
595 7 3.054362
595 11 2.898643
595 35 2.4365795
603 10 3.8696585
603 24 2.7981353
603 31 2.6109164
603 39 2.6590803
603 50 2.5696003
607 4 3.3831403
607 10 3.5767124
607 12 3.281026
607 38 3.6989577
607 75 2.7553372
610 4 2.8077443
610 10 3.1094692
610 11 2.898928
610 17 2.0492404
610 41 1.791087
619 1 3.2453117
619 8 2.883352
619 11 3.072106
619 15 3.0590074
619 43 2.2619236
622 1 3.5793643
622 13 2.5328603
622 27 3.3060455
622 40 2.82899
622 74 2.8861032
625 2 3.307156
625 4 3.2820227
625 9 3.7472367
625 16 3.7440734
625 27 3.713159
626 6 2.5391755
626 17 2.2477503
626 18 1.2241647
626 34 1.37587
626 72 2.5983555
637 7 3.1194925
637 10 3.4071293
637 13 2.3593402
637 17 2.487767
637 40 2.7832456
638 5 2.7873654
638 10 4.0448427
638 15 3.3108988
638 25 3.0446107
638 47 2.9713259
640 1 3.3046613
640 4 3.0167615
640 6 2.919914
640 16 3.1224449
640 31 2.5063586
648 2 3.1349745
648 7 3.1118543
648 9 3.537273
648 26 3.081759
648 29 2.17559
660 2 2.8054044
660 17 2.297501
660 18 1.2329686
660 30 2.7587855
660 42 2.7600248
661 4 3.0771406
661 11 3.2529259
661 15 2.891882
661 30 2.7008781
661 60 1.889332
663 1 2.9302611
663 10 3.0399246
663 11 3.1015651
663 13 2.5850365
663 36 1.9948797
668 12 3.4512508
668 19 2.597226
668 20 3.5753565
668 24 2.5576315
668 49 2.7598453
685 5 2.8049402
685 7 3.3818805
685 10 3.519479
685 17 2.510559
685 51 2.8247483
690 1 3.4122632
690 10 3.330811
690 14 1.0
690 28 1.116596
690 84 1.0
691 1 3.5286293
691 8 2.9119272
691 11 3.2221663
691 27 3.551236
691 50 2.2469776
694 1 2.8723364
694 8 2.6133404
694 9 3.1679482
694 31 2.1111
694 54 1.5584562
701 6 2.5523677
701 22 1.7945333
701 24 1.9102641
701 31 1.7301047
701 41 1.7704867
703 1 3.803595
703 5 3.2257633
703 10 3.5931585
703 18 2.2321768
703 63 2.7588224
706 2 2.6637561
706 5 1.3175521
706 11 1.8503816
706 17 1.9016876
706 31 1.9741999
730 1 3.514513
730 7 3.0760152
730 14 2.9965076
730 26 2.8038168
730 45 2.7079906
731 2 3.4498878
731 5 2.5160034
731 16 3.533537
731 28 3.156561
731 63 2.500703
732 3 3.1190636
732 14 2.718
732 16 2.9655046
732 22 2.551779
732 74 2.6643996
734 6 2.593866
734 13 1.8518149
734 17 1.8187526
734 22 2.1835673
734 79 1.8385111
736 2 3.3592556
736 10 4.1003227
736 16 3.4881496
736 29 2.480941
736 58 3.1439416
744 3 2.936171
744 7 2.569282
744 12 2.8831844
744 25 1.8364223
744 68 2.2053835
745 5 2.8982115
745 8 3.2419093
745 10 3.5654354
745 16 3.5899355
745 33 2.8648112
746 2 3.163188
746 11 2.9542181
746 13 2.2699366
746 35 2.4715452
746 45 2.5148773
751 5 3.2559671
751 15 3.2923265
751 18 2.2908022
751 23 3.3298686
751 40 2.7641962
757 12 3.1685276
757 19 2.7389336
757 25 3.2766871
757 29 3.077563
757 68 2.4155724
758 3 2.6328106
758 10 2.6497483
758 12 2.5721936
758 14 2.1254575
758 70 1.3162652
761 3 3.2641191
761 8 3.3209715
761 12 3.2010398
761 15 2.7465382
761 65 2.24345
763 3 3.512077
763 9 3.4670413
763 13 2.5510025
763 22 3.2601943
763 46 2.98824
766 6 2.4928544
766 10 3.0713177
766 18 1.8071091
766 25 1.7855315
766 52 1.8787285
773 1 3.28187
773 3 3.6568038
773 10 3.5809386
773 31 2.689956
773 42 3.250782
776 1 3.3906934
776 6 3.3294296
776 8 2.7644129
776 13 2.562899
776 55 2.722476
777 1 3.7963662
777 4 3.2338305
777 8 3.0077972
777 16 3.2825809
777 29 2.280535
785 8 2.6664438
785 15 2.3181474
785 18 1.7147635
785 26 2.1919057
785 45 2.5325627
790 10 3.3743916
790 13 2.4411802
790 16 3.429267
790 25 2.4246104
790 35 2.7652
800 4 2.9046097
800 6 2.7288556
800 10 3.2993584
800 16 3.093779
800 38 3.4135516
807 1 2.8385737
807 4 2.2261846
807 5 2.1294174
807 24 1.6126978
807 35 1.0
808 2 3.340501
808 11 3.178829
808 12 3.1328707
808 19 2.5589936
808 28 2.9825835
814 1 2.841264
814 9 2.9897275
814 15 2.43047
814 21 2.829436
814 33 1.6460681
818 6 2.4221396
818 12 2.8688219
818 13 2.1175256
818 17 1.8330407
818 53 1.8482463
822 3 2.6183007
822 12 3.0089524
822 13 2.388595
822 26 1.9386736
822 45 2.5717359
823 3 3.331279
823 6 2.8186815
823 7 3.3712482
823 10 3.8180196
823 18 2.156479
829 16 3.426267
829 19 2.664063
829 22 2.8617127
829 24 2.7333312
829 33 2.5253441
833 2 3.390322
833 19 2.7243197
833 24 2.6952493
833 29 2.4735258
833 54 3.4435174
843 7 3.54324
843 14 3.2469811
843 15 2.8901625
843 22 3.1214523
843 76 3.474594
845 5 1.9693813
845 12 2.599237
845 14 3.265637
845 17 2.0960405
845 30 2.212238
852 2 3.5600224
852 8 3.4756947
852 10 3.6453032
852 15 2.9085763
852 46 3.0416162
853 3 2.6330876
853 9 3.4422102
853 17 2.1762495
853 28 2.5169103
853 47 2.2991884
859 2 3.032253
859 5 2.6861567
859 10 3.6144905
859 38 3.4518497
859 67 2.4221063
862 4 2.5396438
862 15 2.1004937
862 19 1.7746328
862 28 2.4802368
862 47 1.7596984
866 2 3.022851
866 6 3.087749
866 11 2.5067673
866 24 2.4107451
866 42 3.120813
868 2 3.1727064
868 9 3.7800233
868 12 3.4110706
868 23 3.3709857
868 46 2.7636075
873 18 2.0070379
873 20 3.4244711
873 27 3.053525
873 31 2.321832
873 43 2.1544504
879 1 2.9977102
879 9 3.7930207
879 10 3.3138173
879 18 2.2011585
879 92 2.9871566
880 5 2.8983822
880 11 3.4078953
880 14 3.3044477
880 25 3.0874372
880 44 3.3057253
886 3 3.3031714
886 6 2.8904364
886 9 3.6308172
886 17 2.0853105
886 40 2.525187
889 2 1.8118064
889 12 2.5430317
889 18 1.0
889 24 1.7753865
889 88 1.1152542
893 7 2.2945087
893 12 2.5900655
893 15 2.187517
893 40 1.4487274
893 62 2.6707458
898 3 3.3113606
898 7 3.1598442
898 16 3.3823025
898 21 3.267964
898 28 3.3839798
903 5 1.759536
903 16 2.6648831
903 19 1.7822087
903 22 2.426927
903 43 1.6649137
904 7 2.791404
904 12 3.2519019
904 19 2.4574342
904 31 2.4033272
904 48 3.1789865
908 4 2.4412475
908 11 2.7726815
908 12 2.7846754
908 27 2.834131
908 54 2.8095853
910 1 2.9216902
910 5 2.320618
910 14 2.1114843
910 19 1.9830678
910 47 2.1346152
922 7 2.8691509
922 15 2.6660073
922 24 2.3086607
922 31 2.4112623
922 64 2.327616
925 2 2.4813175
925 4 2.7008202
925 8 2.594742
925 11 2.9751492
925 34 1.6627011
926 6 2.7338328
926 17 2.2974093
926 18 1.8029572
926 25 2.1570754
926 48 3.1791363
932 4 2.7070494
932 10 3.1576576
932 16 2.5026462
932 20 3.279766
932 53 1.0341375
946 5 2.9088895
946 9 3.6683412
946 29 2.052433
946 48 3.1819608
946 74 3.3437657
947 7 3.2748888
947 9 3.699337
947 17 2.450168
947 20 3.8513017
947 47 2.691215
950 2 3.407379
950 14 3.2815137
950 18 2.3105233
950 30 2.8006346
950 51 3.1565082
961 3 2.7821221
961 8 2.6606464
961 12 2.411456
961 20 3.2835853
961 28 2.2096262
965 3 3.467419
965 11 2.76546
965 18 1.8915534
965 34 2.1164582
965 61 1.7369522
969 2 2.927164
969 6 2.1073399
969 8 2.4952054
969 12 2.8410468
969 30 1.8904824
970 8 2.7829075
970 11 2.741547
970 13 2.6911514
970 16 3.5475745
970 53 2.8040986
971 3 3.5467668
971 15 2.6503997
971 25 1.9272544
971 27 3.1588023
971 48 3.097496
973 6 2.9532404
973 12 3.448256
973 14 2.782731
973 19 2.3867247
973 58 2.9866946
985 2 3.230701
985 4 2.9849455
985 11 3.1625328
985 28 2.9354985
985 48 3.338568
986 3 3.636631
986 13 2.4656866
986 17 2.829924
986 28 3.2588608
986 70 2.5033376
988 3 2.4161625
988 12 2.736035
988 15 2.129737
988 18 1.6104585
988 53 1.7958175
992 1 2.8198764
992 7 2.5889852
992 14 2.7002373
992 33 2.1700983
992 41 1.0
994 2 3.3788018
994 12 3.3839278
994 18 2.2232935
994 24 2.5675304
994 36 2.4690657
998 1 3.039479
998 6 2.8104951
998 13 2.2105608
998 43 2.0769634
998 75 2.282038
999 1 3.3872077
999 6 3.0148368
999 7 2.9955542
999 14 3.6021745
999 72 5.0
1001 2 2.8420327
1001 8 2.8641229
1001 9 3.30896
1001 18 1.1094902
1001 52 1.0
1002 2 2.6797552
1002 7 2.6960914
1002 21 2.8721852
1002 24 2.0064967
1002 57 1.9250108
1012 7 2.6519434
1012 11 2.4628994
1012 12 2.5300186
1012 20 3.1281443
1012 43 1.7193755
1016 1 3.4238222
1016 6 3.1821692
1016 7 2.3539925
1016 15 2.266489
1016 76 2.2526493
1018 3 3.4664986
1018 7 3.070813
1018 8 2.878489
1018 18 2.1284592
1018 32 2.8752835
1024 5 1.6803908
1024 8 1.0
1024 11 2.2202191
1024 19 1.6321809
1024 61 1.4391035
1029 7 2.924238
1029 16 3.060729
1029 19 2.6471758
1029 32 2.9477317
1029 55 2.5084386
1035 2 2.5682285
1035 6 2.4544425
1035 8 2.6366556
1035 16 2.918462
1035 42 2.8196547
1046 2 3.1178749
1046 4 3.000416
1046 18 1.7192159
1046 40 2.0730634
1046 76 3.6226811
1047 3 3.6727881
1047 10 3.697151
1047 11 3.0817952
1047 22 2.848999
1047 62 3.2299335
1050 7 3.2840068
1050 11 3.1788626
1050 19 2.3800707
1050 21 3.6445096
1050 56 2.4203682
1051 9 3.500812
1051 20 3.6977866
1051 22 3.1558938
1051 29 2.6894383
1051 35 3.3026836
1052 1 3.516472
1052 6 2.879299
1052 9 3.8501363
1052 20 3.6284673
1052 33 2.8973966
1053 2 2.9376578
1053 8 2.7065556
1053 10 2.4835246
1053 26 2.5532534
1053 40 2.3375497
1061 1 3.029637
1061 13 2.0265312
1061 23 2.647262
1061 33 2.333952
1061 63 2.388992
1062 1 2.9945962
1062 19 2.5337558
1062 20 4.018214
1062 42 1.9189166
1062 70 1.5764222
1065 5 2.7791595
1065 19 2.6727445
1065 21 3.0802658
1065 25 2.2737727
1065 37 2.7302904
1068 3 4.0755672
1068 11 3.2873645
1068 12 3.4185348
1068 19 2.7397337
1068 47 3.2627075
1069 1 3.235853
1069 6 2.8228965
1069 9 3.7794664
1069 23 3.2874286
1069 50 2.195232
1073 1 3.5249918
1073 7 3.0764961
1073 20 3.284661
1073 32 2.7223568
1073 65 2.1480875
1074 4 2.8941324
1074 12 3.0225785
1074 13 2.3889844
1074 30 2.1616154
1074 41 2.046539
1077 1 3.2356048
1077 7 2.947856
1077 15 2.5039015
1077 19 1.6317728
1077 34 2.1531405
1081 4 2.9877167
1081 15 2.7465239
1081 16 3.5622382
1081 25 2.4034104
1081 78 2.3985205
1098 1 3.5196185
1098 4 3.2412057
1098 5 2.9054213
1098 11 3.3595796
1098 42 3.4057655
1104 2 3.165522
1104 10 3.46647
1104 16 3.2467618
1104 23 3.1815758
1104 46 2.7525756
1105 2 1.9285185
1105 7 2.2730682
1105 16 2.6244764
1105 23 2.7655966
1105 49 1.9566188
1115 4 2.599434
1115 7 2.049193
1115 9 3.2354133
1115 16 2.4456704
1115 40 2.1063287
1118 2 2.8534875
1118 5 2.8770778
1118 7 3.4332585
1118 14 3.2831864
1118 36 2.3978035
1119 3 3.5081954
1119 29 1.9837613
1119 33 3.1221187
1119 41 1.9723755
1119 93 2.1405766
1122 6 2.4274485
1122 10 2.8826284
1122 12 2.4878592
1122 18 1.271394
1122 38 3.1811604
1123 2 2.5213277
1123 9 3.117843
1123 11 2.5739756
1123 25 2.0430434
1123 59 1.0
1127 1 3.4571118
1127 8 2.8490977
1127 9 3.803667
1127 18 2.031712
1127 40 2.4499848
1134 2 3.1412485
1134 6 2.5574405
1134 8 2.2452343
1134 24 2.3472445
1134 29 1.7622888
1138 2 3.4682083
1138 10 3.8371575
1138 11 3.4562702
1138 17 2.8577867
1138 41 2.0513895
1139 2 2.7217617
1139 11 2.0653844
1139 14 2.468109
1139 28 2.581933
1139 41 1.9160292
1140 9 3.7677577
1140 15 2.822939
1140 20 3.8348498
1140 23 3.398471
1140 28 3.1479425
1142 2 3.0622776
1142 9 3.2989926
1142 10 3.2830834
1142 16 3.0609374
1142 62 3.3431263
1148 3 4.327689
1148 7 3.2200778
1148 8 3.6259913
1148 31 2.7675014
1148 72 5.0
1152 3 3.4199092
1152 10 3.198134
1152 18 1.994192
1152 24 2.5365348
1152 55 2.0674567
1153 1 3.4326715
1153 6 2.958051
1153 8 2.4129462
1153 21 3.2720952
1153 46 2.7595966
1159 6 2.7468927
1159 18 1.7104598
1159 20 3.424174
1159 24 2.287928
1159 47 2.4444954
1160 3 3.1988506
1160 5 2.265453
1160 9 3.1819773
1160 19 2.0299952
1160 57 1.0
1168 3 3.3711462
1168 18 2.2598956
1168 20 3.7701876
1168 29 2.41304
1168 60 2.0751517
1169 2 1.6927818
1169 7 2.5652697
1169 13 1.799421
1169 18 1.5924208
1169 66 1.8669721
1170 3 4.0839996
1170 7 3.3616052
1170 8 3.925826
1170 26 3.111105
1170 54 3.4105048
1171 3 2.8353624
1171 7 2.6974218
1171 9 3.1462371
1171 25 1.5306957
1171 43 1.9106504
1181 1 2.9313257
1181 6 2.2696936
1181 9 3.1679826
1181 14 3.0934772
1181 44 2.8440938
1183 6 2.652711
1183 13 2.379315
1183 14 3.1264071
1183 18 1.8206697
1183 45 2.7190337
1184 5 2.2684324
1184 8 2.4304023
1184 10 3.1908052
1184 30 2.319351
1184 60 1.68275
1187 1 3.193964
1187 14 2.9148412
1187 15 2.711235
1187 22 2.8751106
1187 83 2.2831318
1190 2 3.1746852
1190 16 3.333276
1190 18 2.7236485
1190 22 3.355117
1190 43 2.242876
1192 5 2.45553
1192 14 2.971704
1192 16 3.1386442
1192 26 2.7373924
1192 74 2.5300395
1201 2 2.6172285
1201 5 2.117575
1201 8 2.2129567
1201 13 1.7501857
1201 22 1.6309625
1208 3 3.5623949
1208 8 3.5054724
1208 9 3.8450332
1208 16 3.3086271
1208 33 2.4701328
1210 1 3.2213385
1210 15 2.5948243
1210 20 2.8488696
1210 41 1.9844168
1210 63 1.8196931
1222 9 3.201261
1222 14 2.3043282
1222 15 2.4899476
1222 22 2.2373827
1222 50 1.0
1227 2 2.6621273
1227 8 3.0220077
1227 9 3.1457813
1227 27 3.0046263
1227 51 2.4343889
1228 2 2.705578
1228 10 2.9842353
1228 11 2.2210512
1228 20 3.1881688
1228 40 2.1153398
1230 4 3.539119
1230 9 4.338509
1230 10 3.4636552
1230 27 3.2984672
1230 43 2.29581
1231 4 3.1215901
1231 6 2.7409992
1231 8 2.6757684
1231 11 3.3446836
1231 32 2.8265307
1239 1 3.5157762
1239 11 3.3557372
1239 12 3.4191337
1239 18 2.300741
1239 26 3.1288435
1244 1 3.5596538
1244 7 3.3176904
1244 18 2.3446186
1244 27 3.4785104
1244 54 3.4461956
1248 5 3.0307314
1248 10 3.7203555
1248 11 3.4848897
1248 14 3.4114387
1248 66 3.141027
1250 2 2.1770406
1250 7 2.4394343
1250 16 2.6788468
1250 30 1.7440375
1250 79 1.0
1260 2 3.5723867
1260 9 3.6896822
1260 10 3.918963
1260 24 2.6033573
1260 64 2.6408842
1261 8 3.1097066
1261 11 3.1177719
1261 13 2.5857933
1261 27 3.5758862
1261 59 3.0120316
1265 1 2.8155277
1265 5 2.21795
1265 9 2.8181796
1265 12 2.898412
1265 67 2.3640199
1272 2 3.8290577
1272 4 3.0617
1272 5 2.8663948
1272 20 3.7158232
1272 57 2.7768443
1283 1 3.1489038
1283 5 2.4827807
1283 11 2.8473186
1283 26 2.821004
1283 62 3.0048733
1310 6 2.3506422
1310 13 2.474612
1310 16 3.0485349
1310 30 2.184726
1310 65 2.0933623
1315 7 2.9153063
1315 12 3.0205848
1315 15 2.91162
1315 21 3.0449574
1315 41 1.8559607
1319 4 3.2541177
1319 11 3.3448844
1319 17 2.7043972
1319 27 3.3189876
1319 71 5.0
1320 9 3.4891775
1320 12 3.0910401
1320 13 2.436222
1320 28 3.0709696
1320 63 2.5866475
1322 2 3.3522346
1322 4 3.116126
1322 7 3.0951507
1322 13 2.9926572
1322 92 2.4395018
1326 7 2.3018255
1326 13 2.1544964
1326 14 1.4858246
1326 36 1.78837
1326 55 1.1194804
1334 7 3.03787
1334 14 3.6902344
1334 15 2.3257258
1334 23 3.1473541
1334 50 1.9829367
1338 2 3.4189062
1338 6 3.1242666
1338 18 2.3705244
1338 30 2.8160396
1338 67 2.7595963
1355 2 3.0603378
1355 10 2.621308
1355 11 2.9658594
1355 31 2.2822828
1355 47 3.170224
1371 2 2.897309
1371 8 2.5072455
1371 10 2.5149007
1371 17 2.0412428
1371 53 1.9663149
1379 4 3.8338988
1379 11 3.0202017
1379 17 2.8712025
1379 35 2.880044
1379 52 2.385962
1380 5 2.2831717
1380 12 2.8898335
1380 26 2.4100668
1380 30 2.0134797
1380 40 2.2792397
1389 1 3.4498146
1389 13 2.9728591
1389 14 3.87011
1389 19 2.7533011
1389 76 2.7538807
1392 6 2.6147015
1392 15 2.8562982
1392 16 3.3494637
1392 21 3.182213
1392 50 2.108719
1397 5 2.9109285
1397 15 2.7214594
1397 19 2.8740783
1397 27 3.0585134
1397 48 3.1314366
1398 2 2.94626
1398 16 3.1801944
1398 23 3.348468
1398 28 2.6860714
1398 40 2.6899717
1399 1 3.6540506
1399 8 3.2634542
1399 10 3.7294774
1399 20 3.897269
1399 58 3.273407
1404 1 3.2708282
1404 5 2.6586869
1404 10 3.2468643
1404 22 2.8893902
1404 44 4.5705075
1407 3 3.4742656
1407 16 3.4823387
1407 22 3.207741
1407 28 3.0884097
1407 59 5.0
1408 1 3.7556622
1408 6 3.2588358
1408 10 3.583278
1408 22 3.1529355
1408 87 2.3512044
1423 1 2.7542791
1423 6 2.4353948
1423 8 2.6493337
1423 16 2.2547266
1423 59 2.1322875
1426 1 3.239865
1426 4 2.4616325
1426 8 2.6532683
1426 17 2.220591
1426 56 2.101556
1443 2 2.9329379
1443 8 2.8631337
1443 12 3.0797129
1443 22 2.8130758
1443 64 2.1339421
1444 1 2.7886012
1444 8 2.5988908
1444 11 2.901517
1444 20 3.276783
1444 52 2.2968202
1446 9 3.4812105
1446 14 3.1122813
1446 15 3.0903366
1446 23 3.3472874
1446 42 3.3279936
1447 1 3.169386
1447 5 2.578314
1447 6 2.654086
1447 12 3.051994
1447 43 2.1698508
1449 1 3.0628192
1449 6 2.577225
1449 7 2.8700368
1449 19 2.2624211
1449 26 1.7555175
1451 1 3.5685618
1451 7 3.3265986
1451 16 3.4928098
1451 27 3.4874184
1451 69 2.695627
1456 2 2.623812
1456 6 2.3669484
1456 14 2.2909918
1456 26 2.5885403
1456 52 1.8703344
1458 6 1.8708415
1458 16 3.057269
1458 17 2.206633
1458 19 1.7253069
1458 75 2.2730482
1481 5 3.0386667
1481 14 3.388172
1481 18 2.3730755
1481 26 3.4486198
1481 53 2.4044116
1486 3 3.4901388
1486 8 2.9107609
1486 10 3.5356293
1486 15 3.313035
1486 28 3.0610461
1491 11 2.8716607
1491 16 3.081069
1491 21 2.92324
1491 28 3.039847
1491 50 1.9220203
1496 1 2.603768
1496 10 3.0500524
1496 13 2.093337
1496 16 2.8539486
1496 34 1.7697697
1498 1 3.0417614
1498 3 3.0299828
1498 7 2.6337073
1498 13 1.5034553
1498 28 2.5759354
1500 1 3.148735
1500 5 2.461665
1500 7 2.9393146
1500 10 3.3271866
1500 22 2.5916126
1512 4 1.8365345
1512 8 2.5932105
1512 10 3.0523577
1512 16 3.233555
1512 24 2.1668904
1518 4 2.8713615
1518 12 2.9701447
1518 13 2.5030794
1518 30 2.281775
1518 43 1.9505668
1521 3 2.8800387
1521 11 2.5955896
1521 12 2.5331688
1521 37 2.3095808
1521 64 1.155917
1528 4 2.602467
1528 9 3.1227856
1528 11 2.793894
1528 24 2.1646192
1528 56 1.9537113
1535 1 3.4725046
1535 5 2.9252305
1535 8 2.9785388
1535 13 2.4567733
1535 30 2.5396829
1539 3 1.8454273
1539 8 2.5037441
1539 9 3.2071714
1539 16 2.755553
1539 29 1.8252939
1540 1 3.272609
1540 5 2.751324
1540 17 2.4015613
1540 21 3.4203503
1540 33 2.5104234
1546 4 2.9997106
1546 26 3.285687
1546 27 3.2795122
1546 47 3.1990082
1546 75 2.4849257
1556 6 2.7651803
1556 17 2.2251885
1556 21 3.1484282
1556 24 2.349479
1556 43 2.125524
1562 1 2.8890975
1562 9 3.0168185
1562 10 2.9865894
1562 15 2.390704
1562 30 2.2002966
1571 1 3.6494615
1571 3 3.7827969
1571 4 3.3710487
1571 27 3.5683181
1571 48 3.7219434
1575 3 3.3106766
1575 5 2.0064015
1575 14 2.5624585
1575 20 3.0793946
1575 42 2.918243
1577 1 3.4902453
1577 10 3.890578
1577 19 2.8699467
1577 22 3.1518054
1577 56 2.6722846
1586 2 2.8660028
1586 12 2.9664013
1586 21 2.8862286
1586 24 2.3320088
1586 65 2.2786055
1593 4 3.292806
1593 6 3.0217085
1593 9 4.290737
1593 13 3.1984625
1593 56 3.4718924
1594 2 3.2325845
1594 8 2.805398
1594 12 3.1342769
1594 17 2.2643242
1594 29 2.433051
1599 3 3.1355455
1599 19 2.1695545
1599 20 3.2454286
1599 33 2.1733253
1599 65 1.9883761
1605 5 2.5459306
1605 15 2.6231482
1605 23 3.0175493
1605 36 2.1292162
1605 65 2.0430822
1611 1 3.1071901
1611 6 2.6173084
1611 9 2.9019759
1611 26 2.4807746
1611 68 2.2276795
1619 1 3.258228
1619 8 2.983606
1619 23 3.353051
1619 30 2.3126392
1619 63 2.5767357
1623 1 2.7575881
1623 5 2.419645
1623 10 3.1285298
1623 15 2.1660554
1623 58 2.6772957
1625 2 2.1748934
1625 11 2.8952386
1625 13 1.6421704
1625 23 2.9204617
1625 53 1.489494
1629 1 3.697308
1629 12 3.3792722
1629 13 2.64228
1629 17 2.73187
1629 33 2.7178898
1630 1 2.8919585
1630 12 3.0090775
1630 16 2.824618
1630 22 2.7039125
1630 34 2.1485875
1631 2 3.2458491
1631 12 3.684196
1631 17 2.4701347
1631 28 3.142901
1631 42 3.2559538
1636 3 3.2845435
1636 10 3.3002965
1636 12 3.0364032
1636 16 2.7965765
1636 42 3.1150093
1653 1 2.4576154
1653 6 2.0755205
1653 13 1.5634545
1653 15 1.1721432
1653 43 1.0
1657 1 2.9807744
1657 14 2.9812286
1657 16 3.0998933
1657 24 2.616169
1657 42 3.1062393
1659 1 2.9216242
1659 7 1.2356232
1659 8 2.2881072
1659 13 1.7204863
1659 48 2.8200657
1662 1 3.701356
1662 6 3.2400627
1662 9 3.919137
1662 14 3.467866
1662 47 3.0915184
1664 1 2.8190765
1664 9 3.251984
1664 11 2.911714
1664 23 3.0266833
1664 35 2.3306072
1666 1 3.3366048
1666 8 2.723743
1666 12 3.471566
1666 19 2.662758
1666 54 3.0783763
1668 1 3.6024287
1668 23 3.591211
1668 25 2.5930405
1668 34 2.6336288
1668 41 2.4943864
1681 1 3.4805017
1681 12 3.4421916
1681 18 2.211036
1681 24 2.5614088
1681 49 2.9191778
1684 4 3.9855762
1684 8 3.0526068
1684 9 3.8682609
1684 19 3.347109
1684 41 2.4510546
1686 9 3.9116619
1686 12 3.1842146
1686 15 2.8270216
1686 29 2.2496607
1686 53 2.2479374
1688 3 3.7423127
1688 7 3.1238515
1688 12 3.9240558
1688 17 2.6837811
1688 34 2.7815409
1689 3 3.5471976
1689 16 3.4213233
1689 17 2.9761226
1689 25 2.937108
1689 54 3.3077662
1696 4 2.8375492
1696 17 2.1550167
1696 27 3.2602668
1696 41 1.9787912
1696 95 1.986661
1701 9 2.5817113
1701 15 2.8641148
1701 20 3.292198
1701 35 2.043846
1701 49 2.410969
1715 6 2.825436
1715 16 3.1789222
1715 17 2.4138234
1715 33 2.5153284
1715 73 2.7257986
1729 1 2.7491028
1729 16 2.9021597
1729 18 1.8272972
1729 24 2.2980447
1729 32 2.8452702
1735 1 3.7684364
1735 8 2.993524
1735 15 2.871591
1735 25 2.2552295
1735 38 3.5352063
1748 4 2.9785316
1748 6 2.535494
1748 7 2.862568
1748 17 2.0925555
1748 57 1.6219469
1758 3 2.9765143
1758 11 2.3855429
1758 18 1.6715755
1758 28 2.750405
1758 67 1.8191168
1762 5 2.9958465
1762 7 3.3354487
1762 12 3.9171383
1762 24 3.0710783
1762 39 2.8287442
1767 15 2.8616507
1767 21 3.262536
1767 24 2.517989
1767 38 3.5272975
1767 66 2.8758132
1769 8 3.000394
1769 16 3.1824598
1769 20 3.9602396
1769 29 2.2446556
1769 39 2.6063313
1778 12 2.6819913
1778 23 3.0616663
1778 25 1.8592888
1778 40 2.3661098
1778 53 2.112882
1785 2 3.352639
1785 5 3.5533288
1785 12 3.9694455
1785 16 3.4875896
1785 39 4.944077
1786 1 3.4367948
1786 14 2.8102646
1786 15 2.9766707
1786 18 2.4510343
1786 30 2.6025498
1789 9 3.8323765
1789 18 2.39956
1789 19 2.7819395
1789 32 3.210801
1789 67 2.788632
1793 1 2.803567
1793 10 3.068972
1793 20 3.19754
1793 44 5.0
1793 53 1.5183576
1795 3 3.1161828
1795 5 2.1589966
1795 7 2.728922
1795 13 1.8038988
1795 35 1.7690871
1797 2 2.7156963
1797 10 2.8523858
1797 11 2.399701
1797 15 1.903199
1797 32 2.0647652
1799 1 2.984188
1799 6 2.1624358
1799 13 2.0231936
1799 27 2.8540595
1799 63 1.4722517
1800 3 3.7019782
1800 9 3.5962546
1800 11 2.919325
1800 15 2.8592546
1800 41 2.2481782
1805 1 3.1240492
1805 4 3.0604367
1805 9 3.721329
1805 16 3.2184782
1805 42 3.2450395
1811 2 2.4508817
1811 6 1.8248188
1811 7 2.3324041
1811 13 1.5479112
1811 24 1.0
1827 8 1.8937864
1827 10 3.176088
1827 15 2.1366293
1827 22 2.5981996
1827 41 1.9607003
1832 2 3.5161037
1832 18 2.5056634
1832 21 3.3711143
1832 26 3.3513613
1832 42 3.3400273
1839 1 2.989883
1839 10 3.5684104
1839 22 2.9883542
1839 30 2.1554158
1839 88 3.9171808
1843 1 3.2777019
1843 5 3.1506958
1843 14 3.2038774
1843 23 3.6406362
1843 35 2.760205
1844 1 3.6590953
1844 7 3.1061885
1844 16 3.4404562
1844 29 2.2436981
1844 57 2.3866868
1848 1 3.0416775
1848 11 3.237711
1848 13 2.9507473
1848 23 3.4515855
1848 31 2.449895
1849 4 2.9542818
1849 6 2.6778474
1849 7 2.8550358
1849 21 3.2588837
1849 28 2.9954007
1851 8 3.8522937
1851 12 3.2794642
1851 13 2.8896995
1851 22 3.1111157
1851 69 1.0
1853 1 3.379927
1853 6 2.655376
1853 10 3.4348354
1853 12 2.950702
1853 30 2.3006034
1854 1 3.592207
1854 4 3.1056216
1854 9 3.670545
1854 32 3.2493742
1854 43 2.4397242
1855 4 2.9105432
1855 14 3.6011755
1855 16 3.753545
1855 23 3.215621
1855 88 2.294652
1862 3 3.8101664
1862 7 3.4348679
1862 12 3.5801885
1862 23 3.6656134
1862 40 2.892397
1863 6 2.920795
1863 20 3.48991
1863 31 2.395768
1863 50 2.8119795
1863 59 5.0
1865 3 3.2253835
1865 12 2.947658
1865 14 2.6866956
1865 27 2.9316883
1865 55 2.2837377
1869 2 2.750944
1869 10 3.0033686
1869 18 1.5351558
1869 27 3.200807
1869 47 2.323731
1871 4 2.7395523
1871 16 2.998493
1871 27 2.8040054
1871 34 1.935003
1871 70 1.8555902
1883 3 3.4326296
1883 6 2.6037447
1883 8 2.8495233
1883 11 2.7157855
1883 52 1.7682483
1894 2 3.383904
1894 6 3.67718
1894 21 3.564029
1894 31 3.2880824
1894 52 3.1460183
1900 3 3.4430299
1900 11 3.2708144
1900 22 3.1694598
1900 28 3.2746966
1900 74 2.7195814
1902 1 2.867638
1902 9 2.943426
1902 10 2.9459286
1902 16 2.8293817
1902 52 1.2014596
1915 5 3.174078
1915 11 3.2888043
1915 16 3.7962136
1915 27 3.5778656
1915 38 3.545382
1919 8 2.9494894
1919 19 2.887104
1919 20 3.9529266
1919 31 2.5901148
1919 47 2.7015202
1922 4 2.8926105
1922 11 2.9869146
1922 12 3.3028553
1922 31 2.5528862
1922 73 2.6331062
1926 1 3.383433
1926 5 2.7493548
1926 7 2.8615484
1926 11 3.3053868
1926 37 2.8421094
1933 2 2.956507
1933 9 3.3391352
1933 12 2.6478863
1933 28 2.4651635
1933 53 2.0686028
1964 5 2.4553585
1964 8 2.7797365
1964 16 3.0711699
1964 23 2.722288
1964 54 3.0698688
1968 1 3.156367
1968 5 2.7117112
1968 9 3.4873621
1968 23 3.4237332
1968 67 2.7098503
1971 2 2.5107105
1971 11 2.8022988
1971 12 2.8594007
1971 25 2.0949557
1971 45 2.4404588
1974 2 2.631983
1974 7 2.6550424
1974 9 2.4279447
1974 22 2.4912744
1974 45 2.3342142
1977 1 3.2002928
1977 11 2.9798415
1977 15 2.870602
1977 22 2.9527628
1977 29 2.2235255
1979 3 3.1282806
1979 17 2.0756605
1979 21 2.8777664
1979 30 2.2254255
1979 36 2.0723617
1981 3 2.8802888
1981 10 2.5358508
1981 11 1.4226567
1981 13 1.0
1981 38 2.7496862
1985 2 3.144004
1985 5 2.8880153
1985 6 2.7985635
1985 12 3.0787175
1985 28 3.0376523
1988 2 2.7442625
1988 5 3.0822403
1988 6 3.4925222
1988 10 3.593597
1988 32 2.7328434
1990 9 3.3387172
1990 19 2.3448973
1990 22 2.9191153
1990 34 2.2205524
1990 58 2.8041894
1991 1 2.8839197
1991 5 2.2892191
1991 32 2.1852088
1991 37 2.410047
1991 65 1.8200351
1992 1 3.0065875
1992 14 2.5109236
1992 19 2.0034022
1992 25 1.839707
1992 52 2.017828
1998 3 4.020024
1998 10 3.49405
1998 20 3.8791554
1998 25 2.3985333
1998 77 3.7115169
1999 1 3.952339
1999 5 2.8902886
1999 7 2.901487
1999 17 2.1160328
1999 24 2.4230955
2039 3 3.3904586
2039 7 3.075392
2039 18 2.0074685
2039 26 3.190115
2039 49 2.5408468
2040 2 3.515612
2040 9 3.855094
2040 15 3.2327547
2040 25 2.494026
2040 39 2.62094
2041 5 2.2145076
2041 12 2.5538774
2041 16 3.0392141
2041 19 2.0441191
2041 37 2.4336731
2043 3 3.5959806
2043 12 3.0337646
2043 14 2.9018104
2043 30 2.4606068
2043 47 2.512185
2045 3 3.2123
2045 9 3.3648105
2045 19 2.3481283
2045 21 3.1557686
2045 34 2.1103723
2048 5 2.8288615
2048 11 3.1578045
2048 17 2.4070568
2048 29 2.2968311
2048 52 2.4672034
2061 2 3.0032315
2061 5 2.4814513
2061 8 3.1004033
2061 18 2.107646
2061 45 2.8398821
2064 2 3.427982
2064 10 3.7565372
2064 25 2.988382
2064 27 3.7877119
2064 64 2.8970528
2075 3 3.4441164
2075 10 3.35335
2075 12 3.5099359
2075 39 2.7076936
2075 63 2.6145203
2077 9 3.3659678
2077 14 2.8648336
2077 16 3.0776925
2077 21 2.9991267
2077 40 2.270644
2090 3 2.6613407
2090 8 2.1698334
2090 9 2.7322023
2090 12 2.5440357
2090 45 2.0777502
2095 1 3.4817064
2095 7 2.789868
2095 10 3.0743725
2095 16 3.1569984
2095 36 2.136113
2097 1 3.1100574
2097 5 2.4738812
2097 11 3.140561
2097 21 2.9744282
2097 60 1.7663015
2107 1 2.8882546
2107 8 2.4888663
2107 9 2.8303516
2107 11 2.7309039
2107 38 2.8567376
2121 7 3.3620858
2121 17 2.6847641
2121 22 3.2255735
2121 29 2.5205994
2121 51 3.0115678
2123 3 3.3967826
2123 10 3.3123307
2123 18 1.94394
2123 24 2.454202
2123 46 2.5376875
2130 1 3.5734782
2130 16 3.4977264
2130 19 2.7408228
2130 26 3.1865458
2130 41 2.465436
2145 4 2.7803473
2145 17 1.975305
2145 20 3.629462
2145 36 2.1761863
2145 57 2.1392922
2153 1 3.3603246
2153 10 3.4579337
2153 12 3.3434927
2153 16 3.2933683
2153 34 2.356471
2156 1 3.380439
2156 4 2.9890032
2156 5 2.6773949
2156 10 3.3231401
2156 22 2.9245956
2164 7 2.7105184
2164 16 2.5150506
2164 24 2.0815916
2164 30 2.1829352
2164 48 3.0524852
2165 13 2.3879132
2165 26 2.3760161
2165 30 2.4100149
2165 49 2.1662748
2165 61 2.2756667
2166 3 3.8501716
2166 9 3.9346175
2166 11 3.556797
2166 18 2.501801
2166 30 2.9473162
2169 8 2.6413019
2169 10 2.976685
2169 11 2.4015176
2169 20 3.5594084
2169 51 2.167591
2172 5 2.0594356
2172 10 3.218386
2172 15 2.588078
2172 23 3.0034068
2172 42 2.7289112
2177 1 3.25667
2177 15 3.0303044
2177 21 3.1931796
2177 26 3.0079803
2177 37 2.7633953
2183 3 3.250516
2183 16 3.2144172
2183 22 2.7938628
2183 31 2.4752533
2183 67 1.9423314
2190 1 3.2196474
2190 9 3.363138
2190 12 3.0187132
2190 22 2.760204
2190 48 3.2058086
2195 5 1.9841403
2195 8 2.7283227
2195 9 3.4173899
2195 17 2.0416899
2195 39 2.107736
2202 9 3.1768053
2202 16 2.9131663
2202 18 1.6565449
2202 30 2.295902
2202 70 4.89213
2211 7 3.3843405
2211 12 3.2911048
2211 15 2.6360595
2211 25 2.4496949
2211 37 3.0947177
2215 1 3.5035033
2215 7 3.8506808
2215 10 3.6672506
2215 13 2.8223488
2215 26 3.2378376
2216 4 3.3982182
2216 7 3.4346678
2216 8 3.2860346
2216 52 2.764494
2216 74 3.2483292
2223 1 3.5712976
2223 18 2.1125937
2223 19 2.6240137
2223 32 3.0665207
2223 54 3.197994
2229 1 2.8713887
2229 6 2.0282972
2229 7 2.6227953
2229 30 2.182211
2229 49 2.157156
2236 3 3.430946
2236 7 3.31494
2236 11 3.1079707
2236 13 2.4993944
2236 43 2.3398662
2241 4 3.4629183
2241 13 3.1974678
2241 15 3.0305235
2241 19 3.2675776
2241 34 2.5544338
2245 1 2.8848755
2245 7 2.2805328
2245 13 1.9154621
2245 23 3.0261576
2245 71 2.6864483
2260 1 3.603343
2260 6 3.2447252
2260 7 3.115043
2260 13 2.641916
2260 26 2.941022
2262 4 2.4883428
2262 18 1.7098252
2262 32 2.583447
2262 40 2.0828393
2262 58 2.5001864
2267 2 2.3359663
2267 5 1.9508108
2267 10 2.6883702
2267 40 1.7682772
2267 55 1.9609542
2273 1 3.5927746
2273 4 3.153309
2273 6 3.364356
2273 10 3.79759
2273 45 2.8481965
2284 6 2.9539297
2284 9 3.451287
2284 10 3.2505906
2284 21 3.2059588
2284 47 2.7093787
2285 2 3.287163
2285 5 3.1176093
2285 7 3.1969295
2285 10 3.6629565
2285 67 2.9516635
2287 1 2.6495814
2287 9 3.132629
2287 12 2.5869331
2287 14 2.5368884
2287 44 5.0
2298 1 3.4172318
2298 4 3.1357625
2298 12 3.4258933
2298 20 3.6293495
2298 32 3.0071752
2301 5 2.9403539
2301 9 3.5154235
2301 11 3.100285
2301 28 3.301988
2301 32 3.0911517
2309 10 3.2350428
2309 14 3.173532
2309 17 2.1509545
2309 26 2.780928
2309 31 2.313613
2311 6 2.4213905
2311 11 2.8746133
2311 15 2.5139747
2311 26 2.6857088
2311 67 2.008186
2312 1 2.3481042
2312 12 2.6279066
2312 16 2.0450597
2312 30 2.1080568
2312 38 2.8881931
2313 6 2.9627106
2313 11 3.3667648
2313 13 2.2700837
2313 43 2.486133
2313 50 2.016093
2344 2 3.0741303
2344 10 3.675078
2344 23 3.397084
2344 27 3.1735237
2344 47 2.0488052
2345 2 2.6049128
2345 7 2.6303897
2345 10 2.940646
2345 13 2.2965503
2345 60 1.5422776
2346 2 3.4038022
2346 5 2.6983433
2346 13 2.557974
2346 20 3.8015652
2346 46 2.8036103
2352 4 3.927061
2352 15 3.096214
2352 23 3.6014152
2352 38 3.7128625
2352 67 3.5141687
2353 3 3.863388
2353 7 3.0943944
2353 11 3.2220435
2353 17 2.5191236
2353 35 2.6968536
2356 2 2.2190628
2356 8 2.1807477
2356 12 2.4023783
2356 18 1.0
2356 45 1.8473822
2357 2 2.6610668
2357 10 3.2352545
2357 12 2.9996548
2357 17 1.8458152
2357 40 2.3692925
2358 1 3.0511863
2358 5 2.5905416
2358 8 2.3747668
2358 34 2.2968423
2358 78 1.6498854
2359 1 3.3494215
2359 7 3.200132
2359 23 3.4809296
2359 31 2.7406037
2359 75 1.0
2364 2 2.66509
2364 5 2.1525464
2364 18 1.5070478
2364 22 2.86953
2364 73 2.6323204
2368 3 3.0822732
2368 15 2.0848985
2368 21 2.5023513
2368 28 2.6285303
2368 45 2.1489232
2372 1 3.49469
2372 4 3.2162771
2372 7 3.252727
2372 10 3.570117
2372 37 3.071845
2373 2 3.4862814
2373 4 3.6061578
2373 14 3.389792
2373 21 3.1816351
2373 50 2.268495
2393 1 3.5884638
2393 7 3.5396528
2393 11 3.3916345
2393 18 2.216268
2393 32 2.9327967
2395 3 3.7530587
2395 5 3.0404954
2395 7 3.710989
2395 34 2.928343
2395 80 3.5745416
2406 4 3.1628866
2406 8 2.9742098
2406 19 2.5501778
2406 23 3.399877
2406 76 2.708512
2416 3 3.8531148
2416 6 2.8940415
2416 7 3.0758424
2416 11 3.1149812
2416 27 3.1596189
2418 6 2.8728213
2418 8 4.0242467
2418 12 3.2619598
2418 14 3.8469126
2418 26 3.1200953
2420 8 2.2698867
2420 20 2.936732
2420 24 1.7984741
2420 39 1.9345686
2420 50 1.8460803
2431 2 3.1650949
2431 4 2.8070943
2431 9 3.6398132
2431 11 2.8501296
2431 26 3.0025325
2441 2 2.9908063
2441 10 2.6890752
2441 15 2.4647095
2441 32 2.4598196
2441 37 2.737849
2444 2 3.5786564
2444 11 3.585271
2444 12 3.6486673
2444 22 3.3668344
2444 49 3.0510767
2447 3 3.4866714
2447 13 2.7351518
2447 15 2.662041
2447 35 2.744515
2447 96 2.7688572
2448 7 3.1594436
2448 15 2.7640114
2448 21 3.1611598
2448 29 2.077604
2448 42 3.230963
2463 1 3.329236
2463 15 2.6827211
2463 18 2.0320544
2463 22 2.6150756
2463 47 2.34633
2464 3 2.6934528
2464 10 2.8156524
2464 16 3.2719026
2464 18 1.002856
2464 50 1.7210308
2472 1 2.2367954
2472 6 2.5434346
2472 15 2.2537255
2472 21 2.9166777
2472 47 2.3622386
2480 5 3.2565012
2480 11 3.638557
2480 13 2.6152284
2480 21 3.5133862
2480 32 3.0414135
2489 1 2.6904483
2489 13 2.2110271
2489 14 2.3736641
2489 24 2.0006936
2489 54 2.9782863
2492 5 3.219472
2492 8 3.4451804
2492 9 3.6848712
2492 17 2.8789177
2492 55 2.8272161
2501 2 2.6870387
2501 21 2.8002534
2501 24 1.853811
2501 29 1.1821408
2501 58 2.5418956
2502 2 2.7185838
2502 8 2.7500784
2502 10 2.9793947
2502 26 2.6289566
2502 57 1.4684763
2512 1 2.9220898
2512 6 2.6021433
2512 8 2.7091026
2512 16 3.067333
2512 28 2.6571593
2515 2 3.5015247
2515 7 3.426215
2515 15 3.1501138
2515 22 3.2897027
2515 63 2.9706464
2517 1 3.3924568
2517 7 3.0796075
2517 13 2.9680355
2517 21 3.2281928
2517 66 3.065938
2520 4 3.9213622
2520 9 3.8662724
2520 30 2.5189111
2520 34 2.8069782
2520 55 3.0369139
2531 2 2.9646468
2531 7 2.72762
2531 8 2.8352199
2531 10 3.4488492
2531 33 2.3455803
2543 2 3.264696
2543 9 4.2063427
2543 11 3.7714188
2543 22 3.0725956
2543 39 2.5251236
2544 5 2.9280457
2544 9 3.450664
2544 11 3.3503642
2544 14 3.1685925
2544 20 3.5695775
2550 1 2.9396865
2550 19 2.1325505
2550 25 1.8888648
2550 31 2.234799
2550 65 1.9246233
2552 1 3.5765915
2552 5 2.7880158
2552 6 2.7113547
2552 25 2.4159873
2552 55 2.667788
2554 1 3.2411463
2554 5 2.6374104
2554 15 2.434329
2554 27 3.3079064
2554 45 2.461523
2558 9 3.9581218
2558 22 3.1068232
2558 24 2.797041
2558 38 3.722005
2558 75 2.731232
2561 6 2.8865364
2561 13 2.5393214
2561 15 2.9922438
2561 22 2.8615649
2561 39 2.34816
2570 2 2.5792332
2570 10 3.0301487
2570 23 2.8284185
2570 32 2.1459296
2570 62 2.9183333
2576 1 3.1790187
2576 11 2.660169
2576 12 3.1200273
2576 23 2.9276004
2576 76 2.3325648
2582 2 3.2361703
2582 9 3.8696983
2582 11 3.4224606
2582 19 2.746682
2582 29 2.3315248
2589 1 3.2896626
2589 13 2.6064804
2589 15 2.9533522
2589 19 2.367603
2589 65 2.2567143
2591 1 2.7673311
2591 11 2.6229177
2591 14 2.836268
2591 35 2.3153973
2591 51 3.0087965
2593 9 3.5515375
2593 15 3.1508873
2593 21 3.6317449
2593 28 3.3746884
2593 56 2.7089512
2594 2 2.9271033
2594 9 3.196678
2594 17 1.521307
2594 37 2.6779907
2594 83 1.3113012
2602 4 2.6572595
2602 10 2.6916323
2602 16 2.5512166
2602 44 2.7618773
2602 77 1.0
2614 3 2.8475552
2614 8 2.1623838
2614 16 2.782817
2614 25 2.121069
2614 49 2.2953644
2619 1 3.1697168
2619 11 3.008601
2619 23 3.249339
2619 25 2.2397592
2619 51 2.7038102
2620 2 3.3769376
2620 14 3.148518
2620 16 3.3736284
2620 24 2.6770253
2620 30 2.748655
2626 1 3.50967
2626 6 3.0733886
2626 7 3.0931368
2626 33 2.7706027
2626 50 2.2755253
2629 5 3.0214336
2629 9 3.7627485
2629 10 3.4070847
2629 15 2.6546786
2629 49 2.597918
2631 1 2.959058
2631 4 2.8597348
2631 7 2.5844145
2631 15 2.1868172
2631 40 2.3160176
2644 4 3.2540138
2644 10 3.911388
2644 12 3.2862866
2644 18 2.2045946
2644 41 2.5713396
2647 1 3.0993114
2647 24 2.4841828
2647 29 2.51453
2647 31 2.539636
2647 46 2.3769155
2657 6 2.6240578
2657 12 2.6491244
2657 13 1.749154
2657 24 2.2356005
2657 57 1.7899725
2658 1 3.3329263
2658 8 3.0930562
2658 13 2.7346697
2658 29 2.0650113
2658 34 2.7673144
2659 2 2.894726
2659 5 2.541355
2659 15 2.4212458
2659 29 2.057852
2659 57 1.0
2676 1 2.7076445
2676 3 3.198654
2676 4 2.704966
2676 13 2.312213
2676 32 2.5706937
2681 6 2.6668222
2681 9 3.4737935
2681 16 3.0758605
2681 24 1.7969909
2681 37 2.809331
2686 1 3.1499348
2686 6 2.386631
2686 7 2.8732176
2686 13 2.3516586
2686 32 2.707339
2690 3 3.6611092
2690 8 3.5767713
2690 17 2.8327265
2690 21 3.3857982
2690 50 2.1043384
2697 1 3.459712
2697 6 2.887733
2697 11 3.6067233
2697 16 3.563023
2697 59 5.0
2713 4 3.5333776
2713 6 2.9355159
2713 9 3.3943274
2713 12 3.1718044
2713 30 2.3263528
2718 2 2.811916
2718 11 3.5848918
2718 15 2.7430432
2718 21 3.5574203
2718 43 2.2125278
2720 8 4.1267695
2720 15 3.77208
2720 23 3.849979
2720 34 2.6315396
2720 61 2.246338
2723 1 3.1737542
2723 6 2.8012402
2723 13 2.309071
2723 18 1.9462576
2723 47 2.73822
2728 2 2.326086
2728 8 2.449656
2728 14 2.8638866
2728 24 1.789541
2728 40 2.195773
2729 2 3.5400028
2729 6 3.2453632
2729 11 3.5466175
2729 19 2.8740005
2729 61 2.7249527
2731 5 2.5289598
2731 9 3.4262416
2731 13 2.2679749
2731 16 3.0653727
2731 37 2.6012535
2736 1 2.8103378
2736 20 2.8801644
2736 24 2.1590548
2736 40 1.9668422
2736 60 1.3754469
2741 7 2.6255798
2741 14 2.8610222
2741 15 2.3264275
2741 31 2.2532234
2741 47 2.531757
2754 2 2.7501225
2754 5 2.6286032
2754 11 3.0749202
2754 16 2.6486073
2754 60 1.9623282
2763 7 3.1075313
2763 22 2.870401
2763 27 3.1125445
2763 37 2.9574828
2763 48 3.338725
2767 1 3.0275042
2767 7 2.5474446
2767 8 2.6861262
2767 14 2.5829618
2767 32 2.612552
2771 2 2.78467
2771 10 2.9869504
2771 21 2.734844
2771 30 2.3643975
2771 49 1.5279139
2775 5 2.837124
2775 10 3.5050137
2775 11 3.3250926
2775 29 2.3316727
2775 40 2.9897778
2776 6 2.6837254
2776 16 3.0239503
2776 22 2.857475
2776 28 2.9438791
2776 48 3.453444
2781 4 2.5083144
2781 8 2.7759633
2781 9 3.144852
2781 11 2.689009
2781 49 2.2141693
2788 4 3.5012817
2788 7 3.6781485
2788 8 3.1016514
2788 17 2.5298438
2788 24 3.08488
2799 2 3.507097
2799 8 2.991196
2799 11 3.5219684
2799 27 3.5514739
2799 51 2.8357208
2809 1 3.30825
2809 3 3.4351583
2809 4 3.0205626
2809 10 3.5166447
2809 61 2.3247104
2811 1 3.5471694
2811 8 2.879842
2811 13 2.708356
2811 26 2.761994
2811 53 2.5041158
2824 1 3.396237
2824 9 3.5282931
2824 11 3.178525
2824 16 3.382136
2824 65 2.606383
2829 1 3.1938152
2829 5 2.678975
2829 7 2.8773708
2829 22 2.4409552
2829 41 1.9910033
2839 2 2.9647768
2839 10 3.1306062
2839 12 3.0783436
2839 18 1.7132449
2839 39 2.325785
2846 7 3.535774
2846 13 2.7245972
2846 14 3.2750154
2846 22 3.597517
2846 48 3.7206535
2850 1 3.1613252
2850 13 2.6111283
2850 17 2.944001
2850 24 3.2820654
2850 52 2.5715933
2851 2 2.6820266
2851 4 2.6192553
2851 9 3.2150884
2851 17 2.0288897
2851 53 1.9597799
2852 4 2.140038
2852 11 1.6214252
2852 17 1.0
2852 20 2.668747
2852 24 1.0
2856 7 2.5797038
2856 17 1.9025886
2856 33 2.0777128
2856 37 2.6493163
2856 55 2.4333262
2861 2 2.5160017
2861 8 2.565399
2861 10 3.0532851
2861 26 2.697067
2861 64 1.0
2864 3 3.823304
2864 6 3.2053409
2864 17 2.7255814
2864 22 3.1713974
2864 40 2.4856994
2870 8 3.025269
2870 17 2.8683832
2870 18 2.2973065
2870 23 3.4590309
2870 56 2.9211767
2873 3 3.209038
2873 9 2.9049542
2873 10 3.2828367
2873 15 2.5472677
2873 49 2.458939
2876 1 3.8489792
2876 7 2.5667152
2876 8 2.5657997
2876 27 2.9502907
2876 55 1.6034677
2877 4 2.996683
2877 7 3.0323718
2877 10 3.5675485
2877 14 3.0649567
2877 35 2.850696
2883 1 3.391612
2883 5 2.9217794
2883 8 3.4326057
2883 10 3.4273958
2883 49 2.9768336
2886 3 3.612108
2886 11 3.5219364
2886 12 3.201803
2886 27 3.5759225
2886 48 3.4285326
2887 2 3.4087179
2887 8 3.0094712
2887 9 3.7060592
2887 11 3.9355903
2887 54 3.5335095
2889 4 3.0375185
2889 7 2.5421922
2889 13 2.2743397
2889 18 2.1592798
2889 31 2.820361
2892 11 3.338498
2892 21 3.3506808
2892 26 3.361333
2892 33 2.9133544
2892 49 2.8219109
2893 2 3.2730963
2893 4 3.1225739
2893 8 2.9775434
2893 12 3.2657387
2893 37 2.7582364
2905 1 3.0354512
2905 15 2.6251101
2905 17 2.2997427
2905 34 2.1118605
2905 60 1.8590145
2906 4 2.9235823
2906 10 3.3620536
2906 12 3.22765
2906 33 2.4586535
2906 54 5.0
2915 2 2.884832
2915 8 2.7824082
2915 9 3.5398223
2915 16 3.460695
2915 50 1.9024184
2919 2 1.8892974
2919 9 3.1962802
2919 13 1.8656079
2919 38 2.8494558
2919 62 2.9289465
2921 2 2.9431655
2921 8 3.1633794
2921 15 2.5754647
2921 25 1.7734138
2921 77 2.9179103
2924 5 2.851981
2924 16 3.1422932
2924 17 2.1197693
2924 20 3.5004911
2924 36 2.2109034
2929 1 3.3482773
2929 5 2.4687004
2929 6 2.8884861
2929 23 2.823339
2929 52 2.3534253
2931 1 3.3408566
2931 5 2.983355
2931 7 3.1606362
2931 52 2.590216
2931 62 3.4378488
2933 3 3.3431888
2933 9 3.7899394
2933 11 2.999735
2933 30 2.534548
2933 61 1.3082366
2935 3 3.2712736
2935 10 3.1415567
2935 12 3.401842
2935 25 1.9782782
2935 74 2.69934
2937 1 3.4228752
2937 3 3.4766073
2937 6 3.1404905
2937 17 2.538169
2937 68 2.5428946
2940 3 3.4299066
2940 18 2.4853916
2940 29 2.7318072
2940 33 2.775567
2940 50 2.4518766
2941 1 3.4716372
2941 16 3.5883868
2941 17 2.9458518
2941 34 2.876008
2941 42 3.357697
2945 1 3.9307694
2945 8 2.9089396
2945 9 3.5839682
2945 27 3.2959285
2945 52 3.1395035
2950 4 2.5601623
2950 13 2.0963528
2950 14 2.6783063
2950 21 2.7436764
2950 65 1.6376141
2958 1 3.2472446
2958 5 1.5124549
2958 6 2.4780495
2958 10 3.0840743
2958 36 1.2157593
2966 2 3.2077131
2966 7 3.1324034
2966 9 3.5921478
2966 26 2.987434
2966 56 2.4392807
2973 7 3.2206368
2973 15 2.9280365
2973 17 2.8938649
2973 28 3.6235926
2973 49 2.821438
2979 1 3.3612022
2979 18 2.4204931
2979 26 3.0142763
2979 40 2.5460947
2979 72 2.8841991
2989 1 3.4722295
2989 8 3.116
2989 18 2.0029855
2989 23 3.0177593
2989 51 2.790531
2991 2 3.26995
2991 6 3.4922833
2991 11 3.7386599
2991 14 3.218543
2991 30 2.684477
2993 1 2.4454296
2993 14 2.2876384
2993 20 2.387881
2993 36 1.0
2993 62 2.4859552
2998 2 3.0036333
2998 8 2.8756826
2998 14 2.251996
2998 28 2.7533047
2998 63 1.0
3002 4 3.4639063
3002 8 3.3517227
3002 10 3.8177457
3002 19 2.9096632
3002 50 2.6066456
3005 1 3.3986087
3005 8 2.9683883
3005 10 3.3023274
3005 22 2.881054
3005 51 2.6329653
3012 2 2.9645574
3012 10 3.0234196
3012 16 3.026406
3012 28 2.68509
3012 65 1.9749452
3019 3 3.221087
3019 5 2.3841171
3019 7 2.777562
3019 14 2.482506
3019 53 1.3828218
3022 3 3.363697
3022 10 3.2915266
3022 16 3.0879366
3022 28 2.716084
3022 84 1.3218973
3029 2 3.3011389
3029 10 3.4481938
3029 19 2.8808331
3029 25 2.3855274
3029 50 2.059474
3036 1 3.0707347
3036 7 2.9053986
3036 8 2.9657037
3036 19 2.393573
3036 50 1.7319005
3038 9 3.7641408
3038 15 2.877893
3038 16 3.7541761
3038 23 3.817883
3038 35 3.2310853
3039 4 3.181651
3039 7 3.2369938
3039 9 3.5395916
3039 11 3.3067758
3039 80 3.1943383
3040 2 3.1450603
3040 10 3.3798
3040 12 3.4212894
3040 23 3.3374739
3040 29 2.4036913
3044 5 2.8170238
3044 9 3.3955064
3044 17 2.1903198
3044 26 2.539834
3044 58 3.1178868
3046 1 3.329688
3046 7 3.1927757
3046 11 3.298158
3046 26 3.0147924
3046 42 3.3360496
3047 1 3.3789072
3047 6 2.7067943
3047 9 3.5172389
3047 35 2.786894
3047 63 2.3403213
3050 1 3.1550326
3050 9 3.881326
3050 19 2.4117885
3050 21 3.2667117
3050 31 2.4330409
3054 4 2.4244056
3054 8 2.7476282
3054 16 2.9317708
3054 21 2.9311204
3054 70 1.961955
3057 3 3.0841513
3057 15 1.2861111
3057 18 1.5913825
3057 25 1.831721
3057 69 1.2340652
3067 1 2.7464495
3067 4 2.7632246
3067 5 2.1343193
3067 21 3.0075696
3067 60 1.3609414
3069 1 3.2498837
3069 6 2.8273623
3069 11 3.0523508
3069 29 2.144817
3069 60 1.8551863
3074 2 3.4292397
3074 11 3.3038468
3074 14 3.0194182
3074 26 3.155257
3074 75 2.8765082
3077 4 3.2027566
3077 9 4.009155
3077 13 2.9593756
3077 16 3.4157183
3077 47 2.8473077
3086 2 3.170321
3086 15 2.727452
3086 22 2.9340253
3086 29 2.1685238
3086 45 2.7312567
3093 6 2.38227
3093 14 3.3975465
3093 21 3.0546758
3093 24 2.737715
3093 52 2.2187316
3103 1 3.5934377
3103 6 3.1321447
3103 8 3.2028413
3103 17 2.6741529
3103 24 2.7317116
3104 6 1.7284639
3104 9 2.9168797
3104 10 2.837589
3104 25 1.5078588
3104 61 1.6231581
3106 10 3.3371112
3106 16 3.139908
3106 23 3.1111197
3106 34 2.4176695
3106 65 2.4977956
3117 5 2.250097
3117 13 1.7257824
3117 18 1.6723903
3117 23 2.8912363
3117 95 1.7831185
3127 5 1.0
3127 11 2.0663872
3127 16 1.9955325
3127 18 1.2324386
3127 52 1.480337
3154 1 3.323604
3154 4 2.905245
3154 8 2.9280427
3154 15 2.7137816
3154 43 2.28253
3161 1 3.0599983
3161 12 2.7327163
3161 15 2.3439183
3161 19 2.195437
3161 87 2.142051
3162 1 3.2564974
3162 8 2.9718435
3162 9 3.5842543
3162 16 2.9863536
3162 54 3.1007102
3166 6 2.0946813
3166 12 2.9978118
3166 31 2.1245291
3166 35 2.422987
3166 84 1.3868017
3170 1 3.100175
3170 3 3.2917156
3170 8 2.702057
3170 18 2.2091773
3170 33 2.3836174
3172 2 3.0029495
3172 21 2.7820208
3172 23 2.974717
3172 42 2.9504795
3172 72 2.2722793
3173 4 2.0078263
3173 9 2.9439602
3173 13 2.0080216
3173 43 1.6922926
3173 75 2.03641
3175 1 2.1586406
3175 7 2.132679
3175 13 1.0
3175 15 1.8609284
3175 66 1.9450963
3177 1 3.4807758
3177 3 3.697347
3177 7 2.790555
3177 15 2.8842359
3177 38 3.6203809
3178 2 3.1860437
3178 6 2.7811494
3178 18 1.8285717
3178 24 2.2624967
3178 51 2.5633004
3185 3 3.050024
3185 5 2.0607793
3185 8 2.457403
3185 28 2.7030778
3185 65 1.7324339
3187 6 2.03301
3187 9 3.4573884
3187 10 3.3626409
3187 25 2.2202566
3187 41 1.0
3201 1 3.9563005
3201 5 2.9688377
3201 13 2.5576499
3201 24 2.7330897
3201 36 2.3187578
3203 2 3.3794012
3203 17 2.833514
3203 19 2.9816363
3203 25 2.4574754
3203 72 3.0825412
3204 1 2.773857
3204 7 2.1277242
3204 13 1.9293478
3204 26 2.5805864
3204 52 1.0295415
3209 3 3.539113
3209 7 2.8630438
3209 8 2.8140783
3209 38 3.6825252
3209 60 2.175235
3212 8 3.334918
3212 15 2.887633
3212 25 2.3593404
3212 36 2.757985
3212 67 2.5451534
3217 6 2.458027
3217 17 1.9105239
3217 34 1.9761505
3217 48 2.901979
3217 77 1.0
3223 5 2.4416733
3223 7 2.523148
3223 9 3.159857
3223 13 2.3726192
3223 27 3.531908
3230 1 3.2329476
3230 16 3.355479
3230 22 2.8227677
3230 28 2.9699411
3230 58 2.9908643
3234 2 3.0188162
3234 12 3.1428506
3234 18 1.8220059
3234 22 2.4797392
3234 51 2.494034
3236 1 3.077608
3236 12 3.004271
3236 17 2.3576803
3236 38 3.268565
3236 55 2.4934924
3242 6 3.0592756
3242 11 3.3052824
3242 15 3.1207087
3242 32 2.9693215
3242 40 2.6305485
3250 4 2.9294991
3250 22 2.950996
3250 28 3.0653896
3250 33 2.4096618
3250 80 3.2458441
3252 1 3.4665914
3252 4 3.4670103
3252 5 2.8392413
3252 14 3.648175
3252 33 2.5738091
3254 6 3.1017244
3254 11 3.2299461
3254 13 2.8362436
3254 21 3.2883
3254 64 2.503741
3258 4 3.783432
3258 7 3.177178
3258 8 2.9835954
3258 12 3.4552357
3258 36 2.5834856
3261 4 3.204008
3261 17 2.7961376
3261 20 3.8357468
3261 22 3.2397401
3261 42 3.6997385
3262 3 3.1439426
3262 9 3.257985
3262 10 3.1346157
3262 22 1.9159594
3262 81 1.685215
3268 2 2.9205804
3268 11 3.0387414
3268 13 2.3422108
3268 28 3.0732825
3268 78 2.1385868
3271 2 3.080489
3271 9 3.3873155
3271 13 3.1437762
3271 28 3.4093318
3271 50 2.0514672
3282 2 3.5219948
3282 9 3.9064295
3282 14 3.4551582
3282 30 2.9191284
3282 42 3.5747952
3283 5 2.8648925
3283 12 3.3196805
3283 14 3.3972137
3283 20 3.6402051
3283 46 2.9302666
3302 4 2.8812687
3302 11 2.7543364
3302 14 2.9010108
3302 23 3.2124844
3302 68 1.8494639
3305 6 2.3363972
3305 10 3.0666473
3305 12 2.9347353
3305 19 2.1321054
3305 33 2.1798093
3306 5 3.0250564
3306 14 3.292486
3306 22 3.0340686
3306 40 3.373161
3306 63 3.0186303
3308 1 3.4165406
3308 17 2.4069707
3308 19 3.076689
3308 22 3.0659351
3308 39 2.877079
3313 4 3.1945398
3313 9 3.6377153
3313 12 3.2322152
3313 18 2.4745612
3313 60 2.4687052
3315 6 2.8719444
3315 11 3.1860645
3315 22 2.9256148
3315 30 2.6066232
3315 60 1.9633056
3329 1 3.2931716
3329 7 3.5339446
3329 15 3.0502574
3329 24 2.9816751
3329 50 2.218627
3330 1 3.110213
3330 6 1.6087885
3330 10 3.1458485
3330 30 2.029292
3330 57 2.8629034
3336 4 3.2237442
3336 19 2.869436
3336 21 3.1509745
3336 28 2.8400269
3336 53 2.1667082
3344 2 3.3356361
3344 7 3.1184425
3344 11 3.3638272
3344 29 2.6923065
3344 57 2.3154898
3358 4 2.7959979
3358 15 2.7557755
3358 16 2.8442392
3358 18 1.7423697
3358 34 2.2478712
3361 2 3.3102818
3361 14 2.7986832
3361 19 2.0974033
3361 25 2.6377006
3361 84 2.4711635
3362 2 3.5366836
3362 11 3.5432982
3362 14 3.4698472
3362 26 3.3164043
3362 36 2.7807536
3363 1 3.4736073
3363 8 2.6290352
3363 9 3.407404
3363 19 2.288087
3363 25 2.2696786
3366 6 2.7051637
3366 9 3.4086313
3366 12 3.097783
3366 19 1.9820616
3366 58 2.4856381
3377 1 3.219322
3377 7 3.4049308
3377 14 3.093399
3377 22 3.3780622
3377 53 1.7220745
3380 2 2.9157722
3380 7 2.788224
3380 14 3.391743
3380 17 2.5312922
3380 50 1.2954965
3389 2 2.3981352
3389 5 2.3645751
3389 12 2.8570168
3389 27 2.808667
3389 34 1.6826581
3391 2 3.4872563
3391 9 3.871691
3391 17 2.7346249
3391 24 2.7921836
3391 74 3.2256079
3393 1 3.0023737
3393 12 2.5397003
3393 15 1.4912763
3393 26 2.180257
3393 52 1.9961942
3394 1 3.1245515
3394 11 2.8441565
3394 17 2.211102
3394 25 2.1288536
3394 32 2.622522
3396 2 3.7109623
3396 11 3.3447623
3396 25 2.6276603
3396 32 3.3147593
3396 52 2.5237167
3401 2 3.732432
3401 12 3.7434568
3401 15 2.9706173
3401 30 2.8249152
3401 42 3.457873
3413 1 3.166698
3413 8 2.7030582
3413 9 3.18328
3413 12 3.1309376
3413 48 3.235788
3415 1 2.564287
3415 3 2.9697993
3415 5 2.1492362
3415 13 1.9375961
3415 48 2.7049718
3417 4 3.0205512
3417 14 3.3159368
3417 15 2.429626
3417 21 3.2844694
3417 77 2.8605053
3418 4 3.4325678
3418 9 3.6188803
3418 10 3.5276978
3418 16 3.3314576
3418 59 3.6900954
3424 6 3.1955872
3424 10 3.0075574
3424 12 2.9265788
3424 23 3.0177865
3424 53 1.9996809
3425 3 3.0626733
3425 6 2.4184742
3425 17 2.079877
3425 20 3.4594116
3425 57 2.5656128
3429 3 3.949372
3429 11 3.0838616
3429 13 2.5285285
3429 16 3.5495324
3429 22 3.4672766
3432 2 2.6679564
3432 11 2.7164822
3432 19 1.9640751
3432 38 2.9158983
3432 65 1.0
3433 1 2.9483395
3433 15 2.4864237
3433 17 2.1720505
3433 25 1.8109137
3433 44 2.789814
3435 2 3.2277
3435 24 2.7837505
3435 26 2.9467971
3435 36 2.465851
3435 53 2.351314
3437 8 1.9651802
3437 13 1.542088
3437 15 2.1872568
3437 18 1.0
3437 38 2.4241662
3439 1 3.5783262
3439 4 3.391803
3439 5 3.4984136
3439 15 3.6780953
3439 25 3.1714694
3452 2 3.0767605
3452 15 2.539537
3452 17 2.1918018
3452 37 2.7856615
3452 58 2.7509701
3454 2 2.8934896
3454 7 2.847971
3454 9 3.2561438
3454 18 1.6735642
3454 54 3.5114691
3456 4 2.8338878
3456 9 3.507565
3456 18 1.8269453
3456 28 2.9700584
3456 61 2.2760017
3459 2 2.5674894
3459 13 1.6978277
3459 14 2.6269667
3459 20 3.128168
3459 49 2.0236022
3473 3 2.9399333
3473 11 2.7191381
3473 14 2.5746255
3473 26 2.840015
3473 46 2.2551358
3476 17 2.1867893
3476 26 2.5303602
3476 30 2.0614536
3476 32 2.5408926
3476 41 1.8258907
3479 5 2.373798
3479 13 2.3162568
3479 19 2.4773157
3479 25 2.6097124
3479 65 1.2708021
3482 2 3.8224905
3482 7 3.0952911
3482 10 3.3245993
3482 48 3.4073281
3482 74 2.6059124
3486 3 3.7144787
3486 8 2.7572613
3486 11 3.1156926
3486 16 3.4903598
3486 69 3.1073842
3487 2 2.7696812
3487 6 3.1814096
3487 9 3.0454211
3487 12 2.850391
3487 54 2.7002919
3494 4 3.059815
3494 6 2.400463
3494 8 3.5415263
3494 23 3.1575303
3494 38 3.426895
3495 1 3.277621
3495 5 2.5726614
3495 13 2.540722
3495 24 2.2114744
3495 33 2.3293042
3503 3 3.5729158
3503 9 4.008541
3503 12 3.1655617
3503 19 1.8903903
3503 46 2.68658
3508 8 2.2488256
3508 12 2.3858757
3508 13 1.6178446
3508 21 2.564783
3508 51 1.705583
3511 2 2.7615592
3511 15 2.0799837
3511 17 1.8512813
3511 24 2.1152291
3511 39 2.304943
3515 7 2.7594092
3515 14 2.4743757
3515 18 1.753726
3515 21 2.8807762
3515 46 2.5267131
3518 3 3.28023
3518 8 2.2730103
3518 15 2.6202323
3518 19 2.0762548
3518 70 1.66969
3519 1 2.793193
3519 15 2.2592456
3519 16 2.1050458
3519 21 2.7588603
3519 63 2.0513434
3520 4 3.782479
3520 9 4.36221
3520 12 3.38216
3520 15 3.167473
3520 41 2.7439206
3523 2 3.505582
3523 7 3.4526746
3523 12 3.3072815
3523 26 2.8184462
3523 86 3.5320432
3524 2 3.3353899
3524 16 3.8839257
3524 17 3.1861773
3524 23 3.5205407
3524 31 3.2700598
3526 4 2.69474
3526 10 3.103809
3526 34 2.2812035
3526 40 2.0305731
3526 83 2.0517635
3527 2 3.3594892
3527 15 3.0083468
3527 20 3.7504017
3527 46 3.0277567
3527 57 2.3157182
3528 2 3.4764783
3528 5 2.8445766
3528 8 3.240253
3528 13 2.810894
3528 25 2.684223
3531 4 1.8839061
3531 11 2.5646217
3531 12 2.9446852
3531 27 2.920539
3531 50 1.9036351
3541 6 2.4564402
3541 44 2.8096337
3541 50 1.9227169
3541 59 2.2093203
3541 79 1.8777215
3543 4 2.9741547
3543 15 3.0347002
3543 23 3.4894419
3543 51 2.9407237
3543 76 2.9730673
3545 1 3.350586
3545 6 3.055177
3545 11 3.2378695
3545 26 2.970967
3545 38 3.5388877
3551 1 1.6257203
3551 4 2.225357
3551 7 2.2767138
3551 14 2.1979985
3551 49 1.7707576
3553 6 3.0532887
3553 17 2.5952969
3553 18 2.2995465
3553 21 3.3974028
3553 33 2.6856968
3556 1 3.2264497
3556 4 2.9552324
3556 10 3.115039
3556 20 3.633535
3556 30 2.2491372
3568 1 2.841926
3568 12 2.6852264
3568 15 2.0851421
3568 24 1.876494
3568 41 1.6321605
3571 1 3.2412138
3571 6 2.8925467
3571 7 3.062003
3571 16 3.4207537
3571 46 2.779586
3575 5 2.7578576
3575 7 2.9809906
3575 26 3.5139434
3575 35 2.8464153
3575 68 2.5180633
3577 5 2.826362
3577 7 3.5413191
3577 11 3.3328726
3577 16 3.2740848
3577 46 2.0451002
3593 1 3.3497558
3593 14 3.6271133
3593 20 3.5911622
3593 33 2.714645
3593 54 3.348165
3599 7 3.8845377
3599 12 3.4729438
3599 15 2.9249516
3599 23 3.404943
3599 49 2.9797568
3603 2 3.0436332
3603 16 2.9422822
3603 19 2.2713087
3603 25 2.2707372
3603 69 2.2049916
3606 2 3.8043141
3606 8 2.717862
3606 11 3.1443906
3606 17 2.4066596
3606 28 3.1621444
3607 3 3.2822547
3607 9 3.4322186
3607 10 3.054316
3607 16 3.6013525
3607 43 1.7802567
3610 1 3.3041635
3610 9 4.218403
3610 13 3.0203888
3610 15 2.954167
3610 31 2.6315765
3612 4 2.6305616
3612 7 2.923807
3612 8 3.1106732
3612 13 2.1101825
3612 50 2.0262206
3640 3 3.4998875
3640 12 3.1336617
3640 13 2.2623868
3640 21 3.2455516
3640 52 1.6813493
3642 1 3.1509497
3642 15 2.4629853
3642 18 2.0172703
3642 30 2.2154117
3642 60 1.6077938
3645 1 3.4001555
3645 9 4.1801972
3645 13 3.0158002
3645 15 2.8525658
3645 28 3.3922782
3646 2 2.7906375
3646 4 2.8846192
3646 5 2.5314963
3646 18 2.1125164
3646 46 2.631582
3648 1 3.2135324
3648 5 2.33343
3648 7 2.9117374
3648 17 2.1137712
3648 35 2.5885587
3650 1 3.3465497
3650 6 3.2474263
3650 13 2.7429142
3650 20 3.6346247
3650 65 2.4366891
3656 4 3.3963878
3656 14 3.1514206
3656 18 2.1375196
3656 26 3.661705
3656 78 2.5497577
3663 1 2.8600838
3663 13 1.3707666
3663 22 2.4969656
3663 40 2.18139
3663 51 2.4574766
3666 2 3.4901993
3666 11 3.102925
3666 12 3.8614652
3666 26 2.8885438
3666 76 2.9536304
3669 1 3.082066
3669 4 2.767508
3669 7 2.9729488
3669 22 2.720986
3669 47 1.0
3675 2 3.6707036
3675 9 3.7951612
3675 10 3.6796582
3675 14 3.2002378
3675 38 3.6582367
3682 3 2.8969674
3682 5 2.2452948
3682 11 2.9316664
3682 15 2.4434655
3682 40 2.5300546
3684 5 2.7372575
3684 12 3.2231157
3684 25 2.0078316
3684 32 2.7913854
3684 57 5.0
3689 3 2.8840911
3689 12 2.7301276
3689 13 1.9889854
3689 22 1.9257109
3689 82 1.0
3691 11 3.4042258
3691 19 2.2589276
3691 26 2.7658591
3691 29 2.6442251
3691 48 3.2722478
3694 1 3.7111785
3694 5 2.7367277
3694 10 3.4232311
3694 26 3.3135552
3694 33 2.4683592
3697 1 2.5882902
3697 8 2.234621
3697 12 2.7788818
3697 33 1.9405077
3697 62 2.9999838
3704 3 3.2014415
3704 10 3.2007399
3704 12 3.0619934
3704 20 3.383881
3704 68 1.2408599
3708 5 2.8530333
3708 25 2.592933
3708 26 3.3915994
3708 29 3.1141949
3708 54 3.3540654
3709 9 3.9475157
3709 11 3.4045162
3709 12 3.384294
3709 30 2.600811
3709 59 3.5612092
3713 1 3.3562376
3713 12 3.406256
3713 17 1.9737681
3713 30 2.5118294
3713 48 3.5236602
3715 1 3.5511663
3715 5 3.0137985
3715 8 3.1366382
3715 11 3.215495
3715 24 2.535931
3722 1 3.3637815
3722 16 3.1569958
3722 20 3.2332032
3722 43 2.1741664
3722 66 2.845187
3726 4 3.0428433
3726 13 2.9800286
3726 20 3.6534615
3726 24 2.536937
3726 54 3.6840627
3730 14 2.9052927
3730 19 2.220974
3730 22 2.7444818
3730 30 2.3423095
3730 55 2.483548
3735 3 3.8042674
3735 12 3.3663692
3735 13 2.5403352
3735 18 2.5800965
3735 46 2.9691668
3736 2 2.7760553
3736 18 1.9390519
3736 19 2.1080902
3736 27 2.5439415
3736 54 3.1839364
3743 4 2.9166238
3743 15 2.7663708
3743 16 2.8513699
3743 20 3.3208573
3743 39 2.5883026
3746 1 2.897107
3746 9 3.5987115
3746 14 3.615147
3746 30 2.6133645
3746 91 1.8849812
3749 1 3.1565404
3749 22 2.7915158
3749 23 3.1681306
3749 28 2.972129
3749 53 2.1938972
3761 9 3.532614
3761 17 2.1665313
3761 25 1.8119282
3761 32 2.602908
3761 70 2.2491627
3763 3 3.333313
3763 14 2.836734
3763 18 1.8385026
3763 23 2.9796429
3763 58 2.6222756
3769 2 3.0285096
3769 11 3.3004625
3769 12 3.012974
3769 22 2.7559314
3769 54 3.0921013
3783 2 2.9874258
3783 18 2.1156807
3783 19 1.8034518
3783 24 2.190377
3783 43 2.0124002
3788 5 2.4552953
3788 8 2.916376
3788 10 3.4314015
3788 13 2.4994135
3788 48 3.5339143
3789 3 2.897773
3789 7 2.7958076
3789 8 2.6140292
3789 12 2.9737303
3789 48 3.0665789
3793 3 4.1129665
3793 6 3.0163002
3793 14 2.9734282
3793 23 2.9896061
3793 54 2.9398906
3803 7 2.9119034
3803 9 3.7176437
3803 11 2.7330716
3803 19 2.6332827
3803 54 3.165203
3804 8 2.8603613
3804 12 2.9865422
3804 14 2.9980147
3804 25 2.065
3804 51 2.5660436
3805 1 3.3100703
3805 9 4.053817
3805 13 2.959911
3805 16 3.5383384
3805 24 2.6219666
3806 8 2.7848647
3806 14 3.071847
3806 16 3.6047566
3806 26 2.7528143
3806 49 1.9521668
3807 1 4.035856
3807 8 2.814443
3807 13 2.3747134
3807 26 3.0542834
3807 56 2.3837492
3814 3 3.5125892
3814 8 2.9437542
3814 9 3.8558257
3814 19 2.7609742
3814 36 2.1675508
3818 1 3.189261
3818 6 2.7619524
3818 8 2.8763366
3818 15 2.8049777
3818 33 2.7574186
3819 1 3.500478
3819 5 2.8329394
3819 6 3.0160089
3819 18 2.416051
3819 62 3.4921658
3824 10 3.335856
3824 13 2.876484
3824 20 3.2924242
3824 28 2.7698634
3824 38 3.1391098
3826 2 2.663874
3826 13 2.2203097
3826 14 2.999775
3826 26 2.6193457
3826 74 2.7524924
3840 1 3.3402722
3840 11 2.9950044
3840 16 3.1998203
3840 20 3.156838
3840 45 2.713664
3844 2 3.358745
3844 9 3.998806
3844 14 3.2186646
3844 19 2.6514378
3844 49 4.5105605
3847 1 2.8308861
3847 5 2.083689
3847 6 2.3162487
3847 30 1.810429
3847 60 1.4624741
3849 1 3.5419214
3849 7 3.642694
3849 13 3.1507297
3849 16 3.3168354
3849 62 3.4664054
3855 1 3.2147295
3855 9 2.9988108
3855 11 2.678836
3855 16 3.0714722
3855 46 2.7308085
3866 3 3.5772135
3866 6 2.9106884
3866 15 2.9538944
3866 18 2.1961973
3866 28 3.4972148
3867 5 1.6849511
3867 10 2.8101873
3867 13 1.8849858
3867 24 1.6447167
3867 66 1.7530303
3871 7 2.692503
3871 10 2.4774551
3871 12 2.6675656
3871 24 1.8449037
3871 54 2.7866092
3907 6 3.0274065
3907 14 3.3036377
3907 16 3.0016625
3907 34 2.3960757
3907 76 3.2224014
3908 4 3.1588786
3908 18 2.2792368
3908 19 2.6916423
3908 26 3.0835795
3908 58 3.1554437
3915 1 3.4884472
3915 3 3.407845
3915 5 2.591027
3915 11 2.9310577
3915 66 2.144742
3922 4 2.51712
3922 11 2.787276
3922 14 2.8245742
3922 20 3.1947527
3922 34 2.0737529
3929 6 2.3605752
3929 13 1.9917914
3929 14 2.2100654
3929 31 1.8673316
3929 49 1.5921688
3937 4 2.729293
3937 16 2.7635832
3937 18 1.8234698
3937 24 1.594693
3937 53 2.0770085
3945 3 3.181066
3945 22 2.870063
3945 24 2.2901022
3945 31 2.2822578
3945 76 2.3134782
3946 4 2.763033
3946 19 2.2119305
3946 25 2.001892
3946 46 2.5206707
3946 54 2.9187603
3949 2 3.3161237
3949 11 3.2818432
3949 12 3.1406105
3949 20 3.5576098
3949 29 2.178812
3954 10 3.8168368
3954 23 3.7301922
3954 29 2.6579604
3954 33 2.9125252
3954 51 3.1489286
3955 1 3.3732934
3955 6 3.020494
3955 10 3.6719542
3955 27 3.1337364
3955 86 2.3159773
3960 1 3.0251691
3960 5 2.4756122
3960 7 3.1528418
3960 16 3.1815882
3960 35 2.283654
3963 1 3.385014
3963 12 3.4313905
3963 13 3.2567344
3963 31 2.7124693
3963 42 3.4647496
3964 3 3.149742
3964 5 2.0721989
3964 6 2.9214168
3964 16 2.9845428
3964 30 2.6746051
3965 1 2.7196863
3965 3 3.2055411
3965 7 2.6973639
3965 22 2.6428936
3965 39 1.0
3966 1 2.992038
3966 5 1.9186733
3966 6 2.5071774
3966 18 1.8075131
3966 39 2.0611978
3974 3 3.5140758
3974 10 3.6630807
3974 13 2.8476846
3974 25 2.6915708
3974 57 2.026942
3977 2 2.7792242
3977 10 3.328842
3977 14 3.3522024
3977 27 3.5217774
3977 43 2.0991902
3978 1 3.464151
3978 13 3.095076
3978 14 2.9599476
3978 22 3.0795817
3978 89 2.6992903
3980 4 2.99781
3980 16 3.2233016
3980 18 2.4544883
3980 27 3.1618125
3980 57 1.0
3994 5 2.3572903
3994 11 2.7223141
3994 25 1.9213072
3994 28 2.7773182
3994 54 1.8752437
4002 8 2.8218575
4002 10 3.3925538
4002 12 3.167702
4002 15 2.753403
4002 53 2.1401062
4004 3 2.9536774
4004 6 1.8623018
4004 9 2.7266817
4004 26 2.4138918
4004 48 2.920177
4012 1 2.6405342
4012 8 2.7944734
4012 13 2.616557
4012 26 2.7934172
4012 61 2.085338
4022 4 3.3070133
4022 9 3.7585652
4022 13 2.6380424
4022 22 3.366037
4022 87 1.0
4029 1 2.1567824
4029 25 1.7420189
4029 26 2.2154393
4029 30 1.8810166
4029 90 1.0
4030 3 3.2035642
4030 14 2.2075968
4030 23 3.1799061
4030 32 2.6382568
4030 62 2.826739
4033 1 3.2032661
4033 9 3.5078933
4033 16 3.09713
4033 20 3.46529
4033 50 2.1234381
4035 4 3.164942
4035 11 2.9211597
4035 14 2.8994355
4035 24 2.2124062
4035 44 2.9657187
4036 1 3.1547756
4036 10 3.21982
4036 13 2.208816
4036 18 1.8197335
4036 27 2.7772648
4043 1 3.41476
4043 4 3.4865448
4043 5 2.7026625
4043 18 2.2191586
4043 44 3.1381843
4044 3 3.434354
4044 13 2.8014243
4044 22 3.129136
4044 36 2.426782
4044 67 2.9580889
4049 6 2.543548
4049 12 2.7660267
4049 19 2.0699363
4049 50 1.6608261
4049 62 3.079916
4052 1 3.3760026
4052 5 2.5918994
4052 8 2.5490556
4052 12 3.3451288
4052 62 3.0457656
4065 6 2.0906227
4065 13 2.072099
4065 18 1.6152325
4065 22 2.0846686
4065 55 1.916623
4066 3 2.8576245
4066 10 2.7340703
4066 19 1.897003
4066 32 1.9586991
4066 52 1.0971673
4078 7 2.8413267
4078 13 2.111344
4078 17 2.0256858
4078 22 2.4792423
4078 37 2.5658653
4084 5 2.8878884
4084 14 3.1855657
4084 18 2.0397818
4084 27 3.1502457
4084 82 2.169532
4097 1 3.271167
4097 7 2.584161
4097 11 2.988331
4097 31 2.4318006
4097 40 2.4208717
4101 2 2.9050903
4101 10 3.1578152
4101 16 3.2194607
4101 51 2.5067809
4101 77 2.7748413
4105 1 3.222965
4105 7 2.2482262
4105 10 3.2218714
4105 28 1.0380659
4105 35 2.1655028
4111 1 3.8264837
4111 15 3.3475952
4111 17 2.57392
4111 34 2.7755108
4111 61 2.55301
4121 2 3.3441968
4121 5 2.8074923
4121 8 3.0759678
4121 13 2.7103848
4121 60 2.1138227
4129 2 2.131579
4129 10 2.6100285
4129 15 2.0989127
4129 22 2.1911285
4129 50 1.0
4135 6 2.9380727
4135 21 3.2317405
4135 23 3.0420697
4135 32 3.4353557
4135 72 2.2372313
4141 2 3.4825459
4141 9 3.851815
4141 11 3.3696477
4141 29 1.0
4141 65 3.4450598
4152 4 3.0804377
4152 9 3.135432
4152 14 2.7269156
4152 28 2.9195797
4152 47 2.1192677
4155 10 3.4255042
4155 13 2.4201553
4155 15 2.9309728
4155 18 2.0618045
4155 53 2.251472
4158 2 3.278439
4158 8 3.255448
4158 13 2.7015078
4158 26 3.0476596
4158 45 2.9078386
4160 7 2.858098
4160 11 3.3152092
4160 16 2.985463
4160 34 2.2914956
4160 55 2.545744
4165 1 3.0812201
4165 7 1.9453965
4165 15 2.3057764
4165 22 2.1510353
4165 46 2.4258966
4171 1 2.1423104
4171 21 2.7331562
4171 22 2.1106145
4171 25 1.4009997
4171 46 2.3650262
4181 4 2.7927208
4181 10 3.1517284
4181 18 1.7894275
4181 25 2.1217394
4181 46 2.6356657
4196 2 3.0945618
4196 8 2.872634
4196 10 3.2444775
4196 27 2.9488354
4196 43 2.1573992
4198 3 3.1079834
4198 9 3.4334402
4198 14 2.7317579
4198 17 1.7974182
4198 41 1.9068413
4199 4 3.0972283
4199 8 3.2343261
4199 16 3.3736706
4199 19 2.8321397
4199 36 2.47473
4200 10 3.0835602
4200 13 2.1157746
4200 14 2.5204043
4200 27 2.8425944
4200 36 1.9889244
4205 2 2.8418136
4205 8 2.5529788
4205 10 2.8167067
4205 17 1.8309655
4205 46 5.0
4209 3 3.4382324
4209 11 3.5459895
4209 29 2.264154
4209 52 2.3058722
4209 82 2.2007067
4210 1 3.227759
4210 6 2.7387004
4210 8 2.805879
4210 12 3.1452532
4210 35 2.8292313
4216 1 3.563825
4216 5 2.9496276
4216 7 3.3218617
4216 14 3.330335
4216 33 2.73494
4219 5 2.8158097
4219 11 3.2171679
4219 12 3.2086377
4219 19 2.5648623
4219 35 2.834794
4244 11 2.7709908
4244 20 3.4355896
4244 24 2.3857293
4244 54 2.9411125
4244 79 1.8504831
4249 3 3.7212281
4249 12 3.1468403
4249 13 2.7849836
4249 22 2.9011834
4249 50 1.5758269
4251 1 3.4570203
4251 8 2.914841
4251 10 3.4452987
4251 12 3.287661
4251 39 2.6222901
4253 1 2.5183005
4253 4 2.3251576
4253 5 2.5222242
4253 8 2.9197214
4253 27 3.0947976
4255 4 2.8853188
4255 14 2.2233558
4255 15 2.063823
4255 27 2.678281
4255 39 2.027264
4256 1 3.0113356
4256 6 2.6942189
4256 9 3.336045
4256 30 2.204085
4256 49 1.5094242
4264 1 3.0968382
4264 7 3.0625882
4264 12 3.0635183
4264 29 2.1624513
4264 62 3.2915826
4265 1 3.1842217
4265 10 3.1194322
4265 12 2.817709
4265 22 1.8366779
4265 60 1.5414011
4267 4 2.9127986
4267 12 3.0233512
4267 13 2.3621948
4267 16 3.0725777
4267 48 3.441791
4268 1 2.967088
4268 8 2.603853
4268 9 2.8789365
4268 14 2.4455285
4268 29 1.8535323
4270 1 3.123589
4270 9 3.5766098
4270 13 2.4187748
4270 30 2.3007708
4270 78 2.1725912
4280 2 3.393728
4280 12 3.463739
4280 14 3.3268914
4280 25 2.5509932
4280 29 2.4769318
4281 3 3.6749656
4281 7 2.9280138
4281 10 3.7520943
4281 18 2.223251
4281 68 2.0655015
4286 11 3.2375364
4286 25 2.3295393
4286 30 2.7565427
4286 39 2.548522
4286 70 2.6224213
4288 2 2.7020967
4288 4 2.753423
4288 12 2.747179
4288 17 1.7380342
4288 45 2.4703968
4299 2 2.721748
4299 6 2.4833477
4299 7 2.7839434
4299 17 2.1532838
4299 58 2.5460596
4306 6 2.919303
4306 10 3.2926135
4306 13 2.5990374
4306 17 2.855326
4306 26 2.9704194
4325 3 3.0066295
4325 8 2.4338548
4325 9 2.9909678
4325 12 2.322443
4325 46 2.3000135
4327 2 2.8595662
4327 9 3.3359213
4327 14 2.8077881
4327 26 2.5845926
4327 41 1.0
4328 3 3.2248726
4328 7 2.4895477
4328 8 2.6060205
4328 35 2.3903747
4328 68 5.0
4334 2 3.4426565
4334 8 2.9802737
4334 13 2.4825523
4334 21 3.280015
4334 51 2.752146
4340 4 3.076922
4340 10 3.57462
4340 14 3.215617
4340 23 3.3139558
4340 43 2.285737
4350 3 2.316211
4350 9 2.8320923
4350 10 2.828825
4350 21 2.6965342
4350 50 1.5459371
4351 2 3.365355
4351 18 2.3501494
4351 23 3.3577714
4351 34 2.6401987
4351 45 2.9869561
4352 3 2.796456
4352 7 2.31611
4352 10 2.2873163
4352 30 2.457283
4352 41 1.5704478
4357 1 3.3339217
4357 11 3.2066824
4357 12 3.167444
4357 21 3.4419014
4357 48 3.3142333
4359 4 2.9409745
4359 8 3.0956402
4359 9 3.4687417
4359 14 2.6203055
4359 63 2.676949
4362 3 3.135198
4362 10 3.4540162
4362 14 2.6699774
4362 25 2.0574894
4362 73 2.583433
4364 8 2.9655004
4364 14 2.3386934
4364 19 1.8337381
4364 28 2.4974775
4364 37 2.0752497
4369 1 3.1171582
4369 20 3.4084783
4369 21 2.7883105
4369 26 2.6380725
4369 58 2.7119012
4372 2 3.4284782
4372 7 3.3531685
4372 8 3.2045352
4372 14 3.3616416
4372 63 2.8976
4373 2 2.848755
4373 6 2.4277377
4373 14 2.5356147
4373 30 2.2135153
4373 50 1.0
4377 2 3.0800993
4377 7 3.31372
4377 10 3.3870428
4377 16 3.5442057
4377 30 2.6927192
4378 2 3.4261053
4378 9 3.913196
4378 10 3.4145494
4378 13 2.5790179
4378 40 2.5736473
4379 4 3.0442245
4379 15 2.7151408
4379 16 3.1332788
4379 34 2.22465
4379 55 2.8277783
4384 9 3.6300116
4384 15 2.949411
4384 17 2.5374002
4384 35 2.9226344
4384 75 2.8423667
4390 4 2.6393566
4390 10 3.2148485
4390 13 2.2031126
4390 17 2.1958709
4390 52 2.13246
4394 3 3.0306938
4394 6 1.3999656
4394 10 3.152095
4394 16 3.0141947
4394 39 2.3605814
4395 2 2.4939241
4395 9 3.222001
4395 10 2.9489193
4395 15 2.567404
4395 30 2.125754
4401 2 2.562517
4401 14 2.410045
4401 16 2.475474
4401 19 1.4548551
4401 49 1.0
4403 4 3.3334534
4403 6 2.7624922
4403 13 2.865969
4403 17 2.4299724
4403 42 3.4920287
4405 3 3.8108454
4405 8 3.3261127
4405 10 4.087016
4405 15 2.9526508
4405 39 2.756199
4412 2 3.4943504
4412 12 3.5643613
4412 13 2.8545465
4412 22 3.2825284
4412 32 3.2572095
4416 4 2.5449317
4416 16 3.105112
4416 17 2.2076423
4416 36 2.2378273
4416 63 1.9941792
4431 7 3.1229262
4431 15 2.6393962
4431 17 2.282092
4431 19 2.4153366
4431 44 5.0
4432 1 3.6857784
4432 15 3.167714
4432 18 2.4707434
4432 39 2.9316926
4432 60 2.3318093
4435 5 2.58498
4435 13 2.1427405
4435 18 1.885135
4435 27 3.1340504
4435 50 1.9880189
4437 2 3.3659606
4437 7 3.2906508
4437 9 3.7503953
4437 17 2.6133292
4437 42 3.418761
4444 2 3.6332693
4444 7 3.3287835
4444 16 3.396673
4444 28 3.628261
4444 47 4.104023
4452 3 3.6775703
4452 6 3.0715382
4452 7 3.4529984
4452 11 3.9654636
4452 43 2.325149
4456 1 2.3829784
4456 4 2.5323951
4456 7 2.5694616
4456 17 1.4252995
4456 46 2.3496506
4459 2 3.2388995
4459 5 2.986531
4459 10 3.6406999
4459 17 2.5943918
4459 40 2.648019
4461 5 2.5027137
4461 9 3.19895
4461 23 2.989636
4461 31 2.483148
4461 54 2.990203
4467 4 3.127585
4467 8 2.7680864
4467 10 3.3764293
4467 21 3.6096053
4467 38 3.8492007
4468 10 3.980768
4468 14 3.1243026
4468 19 2.9440482
4468 39 3.309593
4468 71 2.6569736
4470 3 3.410325
4470 17 2.595647
4470 24 2.488667
4470 28 3.1376152
4470 46 2.9342136
4471 2 2.758298
4471 9 2.66025
4471 15 2.4764004
4471 20 3.0370243
4471 40 2.1370692
4473 3 3.473831
4473 8 3.4379015
4473 9 4.1538954
4473 15 3.1397383
4473 42 3.3947074
4476 1 2.886415
4476 9 3.7089517
4476 12 3.3526375
4476 30 2.66125
4476 77 3.096795
4477 1 2.9955957
4477 11 3.0712452
4477 14 2.9710302
4477 23 3.3895123
4477 48 3.2864058
4479 1 3.6490753
4479 21 3.5318964
4479 29 2.5656257
4479 35 3.0712876
4479 57 2.4482694
4483 3 3.4229891
4483 12 3.133762
4483 13 2.2595186
4483 21 3.1612515
4483 33 2.3669257
4486 4 2.8200765
4486 16 3.0187979
4486 26 2.7344296
4486 33 2.1183262
4486 68 1.0
4489 1 3.5663497
4489 3 3.3268704
4489 4 3.12966
4489 47 2.731796
4489 58 2.9390204
4494 3 3.763775
4494 10 3.508863
4494 11 3.451539
4494 13 2.4589932
4494 17 2.7043533
4500 3 3.9103441
4500 15 3.469076
4500 17 2.760378
4500 21 3.3802829
4500 38 3.870719
4511 2 3.228689
4511 7 3.4246955
4511 11 3.2455523
4511 21 3.547852
4511 52 2.53109
4512 1 3.300026
4512 6 3.1696959
4512 12 3.7353637
4512 26 3.134646
4512 51 2.7588103
4515 2 3.1877475
4515 4 2.911978
4515 8 2.8536868
4515 11 3.1303432
4515 30 2.7536447
4516 1 3.0991
4516 15 2.7260194
4516 21 3.1669452
4516 27 3.0975463
4516 62 3.380469
4521 5 2.7759323
4521 10 3.4792092
4521 19 2.6602664
4521 25 2.538389
4521 42 3.2801273
4543 4 3.2348735
4543 9 3.654866
4543 10 3.7930021
4543 36 2.4580598
4543 58 3.0377018
4546 1 3.2012494
4546 8 2.9241023
4546 11 3.0983477
4546 18 2.0921185
4546 44 3.3342235
4548 1 3.5717537
4548 6 3.1104608
4548 14 3.3382638
4548 18 2.3567185
4548 28 3.3025315
4551 4 2.780684
4551 13 2.3341353
4551 18 1.857897
4551 20 3.4084752
4551 54 2.6371224
4557 5 1.7423754
4557 8 2.799899
4557 15 2.3979542
4557 22 2.1711338
4557 66 2.0990782
4574 1 2.884668
4574 4 2.8052306
4574 6 2.3882065
4574 26 1.9735341
4574 38 3.2047837
4582 6 2.8729527
4582 21 3.1324108
4582 37 2.7351677
4582 46 3.451305
4582 64 2.7573857
4595 5 3.0077224
4595 8 3.2313232
4595 9 3.839701
4595 16 3.5461676
4595 48 3.6944015
4604 1 3.366092
4604 12 3.7464814
4604 15 2.8736365
4604 25 2.6604414
4604 52 2.6614761
4613 1 3.5615392
4613 7 3.4527562
4613 11 3.4677472
4613 15 2.829772
4613 46 2.4934754
4618 2 3.4585657
4618 8 3.2346227
4618 13 2.8187618
4618 23 3.6140015
4618 41 2.5171769
4619 1 2.846805
4619 6 2.53747
4619 11 2.6941113
4619 31 2.2210467
4619 76 2.221671
4620 1 3.120653
4620 10 2.8343496
4620 16 2.9623525
4620 22 2.4654088
4620 41 1.6327454
4621 2 3.2741868
4621 10 3.7418585
4621 12 3.2672598
4621 20 4.059475
4621 47 2.847284
4626 8 2.2653856
4626 19 1.8416067
4626 22 2.680041
4626 39 1.0
4626 73 3.2885633
4629 1 3.66693
4629 10 3.3216078
4629 16 2.8344543
4629 19 2.3026025
4629 31 2.484054
4635 2 3.144015
4635 6 2.776215
4635 12 3.446519
4635 29 2.3191147
4635 44 3.0168924
4638 6 2.3382459
4638 17 1.7403989
4638 21 2.621259
4638 31 2.234912
4638 67 1.631989
4641 1 3.281151
4641 7 3.0338514
4641 8 2.869753
4641 24 2.599348
4641 45 2.6903028
4643 2 2.945109
4643 5 2.0933704
4643 7 2.6009672
4643 10 3.0610402
4643 24 1.8310856
4647 1 2.8671722
4647 4 2.9150577
4647 7 2.8252
4647 13 2.0251064
4647 30 2.069836
4648 1 2.918631
4648 4 2.5680745
4648 6 2.698349
4648 18 1.6650262
4648 51 2.5575516
4650 2 2.5632105
4650 8 2.531265
4650 16 3.010326
4650 20 3.25986
4650 59 1.0
4657 3 3.508709
4657 7 3.1807008
4657 8 3.6295247
4657 31 2.701651
4657 91 5.0
4662 2 2.735858
4662 9 2.5952914
4662 10 2.8608007
4662 21 2.7325096
4662 25 1.8630725
4663 2 2.7028425
4663 8 2.3439038
4663 9 2.8710787
4663 19 1.481611
4663 50 1.0
4666 5 1.0
4666 12 2.3838372
4666 13 1.5903788
4666 28 2.1014752
4666 49 1.7125756
4670 2 2.371471
4670 10 2.60329
4670 12 1.9667311
4670 25 1.0
4670 46 2.1095555
4673 5 2.0943449
4673 16 2.9959822
4673 19 1.9721984
4673 22 2.729025
4673 61 1.9418969
4676 4 2.9603958
4676 6 2.5445857
4676 9 3.7414384
4676 11 3.301869
4676 25 2.4024746
4677 3 2.7303562
4677 10 2.8067064
4677 26 2.2280748
4677 38 2.8694272
4677 52 1.8167129
4686 4 3.3595736
4686 16 3.0552742
4686 19 2.8446977
4686 26 2.6887946
4686 49 2.7194076
4699 1 3.1941974
4699 4 3.4706903
4699 13 2.7536345
4699 16 3.1914737
4699 29 2.185594
4702 3 2.6412344
4702 13 1.5305781
4702 16 2.5033472
4702 28 1.9110506
4702 43 1.5136797
4703 3 3.3258867
4703 11 2.2922318
4703 13 1.4337227
4703 18 1.1671815
4703 48 2.8093655
4708 1 3.3759208
4708 3 3.8670132
4708 6 2.94765
4708 13 2.6276119
4708 38 4.056084
4710 1 3.0354528
4710 11 3.2905397
4710 22 2.4175582
4710 26 2.4413934
4710 45 2.4315038
4725 7 2.0602338
4725 16 2.9087512
4725 17 1.9984981
4725 19 2.0689929
4725 47 1.4696302
4733 3 3.233022
4733 9 3.2054982
4733 13 1.4299171
4733 22 2.7097576
4733 53 1.3045409
4753 5 2.4136863
4753 10 3.1033103
4753 12 2.931241
4753 15 2.5098193
4753 42 2.9140306
4758 2 3.6876714
4758 7 3.2428553
4758 8 3.0273461
4758 11 3.8058784
4758 55 2.9102347
4764 1 2.8108718
4764 7 3.1406705
4764 8 2.7908657
4764 18 1.9694793
4764 36 2.8145814
4767 5 2.7252624
4767 11 3.3665721
4767 18 2.413887
4767 27 3.4409113
4767 58 3.0899749
4769 2 3.3186836
4769 8 2.733098
4769 10 3.299781
4769 19 2.6545098
4769 33 2.5284476
4776 3 3.6874268
4776 11 3.4031944
4776 13 2.6843638
4776 25 2.2814655
4776 43 2.230753
4788 14 3.035842
4788 23 2.9130528
4788 25 1.994734
4788 31 2.053188
4788 72 5.0
4797 8 2.7521544
4797 11 2.4119298
4797 12 3.1253257
4797 21 2.8833168
4797 71 1.5443702
4807 2 2.7128816
4807 6 2.706225
4807 13 2.130576
4807 21 2.9466174
4807 48 3.20643
4810 5 3.0410414
4810 16 3.5794108
4810 18 2.4399981
4810 24 2.793419
4810 86 2.7122562
4812 1 3.802835
4812 7 3.0569272
4812 8 2.972736
4812 16 3.4521382
4812 33 2.5607533
4823 4 2.356463
4823 12 2.7224014
4823 13 2.0849106
4823 24 2.4255388
4823 54 2.995117
4824 3 3.3215628
4824 10 3.378561
4824 27 3.2384093
4824 34 2.154389
4824 75 2.067505
4830 5 2.359811
4830 10 3.313595
4830 16 3.024401
4830 22 2.6691172
4830 37 2.5981336
4834 1 3.1317778
4834 3 3.180856
4834 9 3.3258436
4834 11 2.9216197
4834 41 1.4995171
4839 1 3.2062201
4839 5 2.600246
4839 7 3.1281707
4839 31 2.372559
4839 45 2.6416843
4849 2 3.2305465
4849 7 3.3716135
4849 12 3.1225479
4849 15 2.4946506
4849 38 3.6030178
4855 1 3.3347502
4855 3 3.5422783
4855 10 3.5654838
4855 16 3.2284017
4855 27 3.2201257
4865 2 2.696649
4865 15 1.7686259
4865 16 2.8825738
4865 31 2.2395055
4865 54 2.8964863
4866 3 3.2066662
4866 11 2.5591424
4866 12 2.9691925
4866 22 2.293449
4866 49 2.166919
4872 3 3.7665102
4872 10 3.9702945
4872 15 3.0499156
4872 25 2.6505702
4872 43 2.6799827
4877 5 2.2597141
4877 8 2.72629
4877 10 3.2489314
4877 17 1.8732976
4877 26 2.6521173
4878 2 2.9278235
4878 7 2.1642125
4878 9 2.525269
4878 21 3.0049834
4878 52 2.2848766
4885 1 3.213783
4885 3 3.2446225
4885 11 2.5318613
4885 18 1.5683657
4885 82 2.3193364
4892 2 2.4850621
4892 9 2.9243948
4892 11 2.463815
4892 15 2.3063083
4892 47 2.165393
4895 3 3.1297624
4895 11 2.6317687
4895 23 3.1438758
4895 39 2.3838282
4895 60 1.0
4897 5 2.178337
4897 18 1.6794204
4897 22 2.872369
4897 34 1.9226258
4897 60 1.7974889
4899 1 3.339753
4899 4 3.2984965
4899 6 2.8534763
4899 14 3.1173973
4899 72 1.7456057
4906 1 2.875524
4906 6 2.6063647
4906 8 2.4102755
4906 19 1.890902
4906 65 1.9100715
4918 7 3.0688941
4918 16 3.3535738
4918 19 2.4562874
4918 23 3.2918632
4918 48 4.12703
4926 7 3.1049776
4926 12 3.3991146
4926 20 3.06749
4926 24 2.4691396
4926 55 2.5751858
4932 1 3.1791325
4932 4 2.7057137
4932 9 3.1715941
4932 25 2.3355005
4932 48 3.4661753
4933 12 2.40675
4933 14 2.2885098
4933 18 1.6750537
4933 24 2.0805361
4933 51 2.3787596
4941 1 2.896527
4941 12 3.1607962
4941 19 2.6669388
4941 27 3.6403136
4941 40 2.3796475
4944 1 3.4353504
4944 5 2.961672
4944 7 3.2068586
4944 40 2.6962595
4944 77 3.1005533
4945 2 2.679324
4945 4 2.3666296
4945 18 1.0
4945 22 2.0472407
4945 70 1.0
4956 5 2.6922991
4956 18 2.0231724
4956 20 3.446469
4956 26 3.3064182
4956 47 2.4814634
4968 5 2.233879
4968 9 3.2201698
4968 10 2.6471453
4968 17 1.585744
4968 25 1.3245085
4970 4 2.9768038
4970 15 2.5676408
4970 26 2.4216995
4970 31 2.2619517
4970 54 2.7720141
4974 1 2.9701898
4974 9 3.2239897
4974 20 3.3736718
4974 26 2.7440956
4974 67 3.805399
4979 3 3.698324
4979 14 3.0441668
4979 23 3.3064313
4979 29 2.2749915
4979 62 3.417539
4987 1 3.470596
4987 7 3.7161503
4987 15 2.9492533
4987 18 2.259743
4987 40 2.721095
