11 1 3.3227246
11 6 3.0391417
11 7 3.0919673
11 9 3.5201507
11 65 2.2573872
31 10 3.0362217
31 14 2.2346287
31 17 1.8545399
31 19 1.839569
31 31 1.9210505
34 2 3.377071
34 12 3.1953871
34 22 3.1297295
34 28 3.2158754
34 42 3.4470408
35 2 3.0593605
35 9 3.4209464
35 10 3.0855768
35 22 2.6982365
35 32 2.8832803
39 1 3.2174504
39 12 3.3970048
39 21 3.5957975
39 25 2.1657922
39 52 2.4159455
44 3 3.2121017
44 16 2.808009
44 17 2.1023195
44 20 3.328504
44 56 2.3092916
48 1 2.6851861
48 6 2.244957
48 8 2.7303905
48 18 1.5251182
48 50 1.6745679
56 3 3.4537528
56 15 2.8094866
56 17 2.1913624
56 25 2.3765237
56 33 2.779706
57 2 3.4202116
57 12 3.4671419
57 17 2.5663285
57 31 2.8320875
57 59 2.4717941
63 6 2.84313
63 10 3.0567918
63 11 2.785365
63 21 2.8875954
63 37 2.6578126
64 1 3.3621197
64 9 3.3977203
64 11 3.4477117
64 17 2.0272436
64 52 2.3673756
68 1 3.4079304
68 6 2.9937954
68 7 3.1696768
68 13 2.5276358
68 46 2.8017733
70 3 3.5444934
70 9 3.7352717
70 13 2.5553825
70 17 2.2793741
70 39 2.7779737
71 2 3.2217703
71 11 3.1804364
71 13 2.6445005
71 17 2.5566142
71 48 3.8147197
81 1 3.3697984
81 7 2.8683143
81 9 3.294731
81 23 3.2645175
81 50 1.8409784
94 1 3.217327
94 7 2.900208
94 8 2.7074306
94 25 2.0849605
94 45 2.9285285
100 4 2.9325519
100 12 3.1810722
100 17 2.303913
100 21 2.9905813
100 32 2.6221325
117 1 3.1074648
117 6 2.7612786
117 7 2.9478564
117 20 3.5394063
117 82 1.8650715
119 1 3.2056465
119 6 3.0121293
119 12 2.8712704
119 25 2.1884396
119 47 2.5200982
129 5 2.3840091
129 7 2.723154
129 11 2.863919
129 19 2.247051
129 45 2.6157455
131 1 3.0639641
131 11 3.134941
131 12 3.222438
131 19 2.1640604
131 49 2.4269805
133 6 2.8662715
133 13 2.402887
133 16 3.188552
133 19 2.2813816
133 40 2.46489
136 1 3.4962249
136 15 2.9717805
136 20 3.6490216
136 46 2.9171324
136 83 2.6874545
148 4 2.8278565
148 7 3.0482385
148 8 2.948133
148 29 2.274862
148 75 2.4380896
150 1 3.1610126
150 5 2.6193123
150 7 2.893038
150 22 2.6976964
150 78 1.9056746
156 1 2.6458542
156 7 2.5452678
156 10 2.7047863
156 39 2.328011
156 56 1.6469264
159 6 2.4199612
159 11 2.3166711
159 12 2.7576797
159 19 2.1649423
159 40 1.9655575
161 2 3.0481222
161 9 3.549709
161 10 3.2462056
161 22 2.6370356
161 31 2.3264978
172 1 3.0754955
172 13 2.5743315
172 18 1.8489022
172 22 3.0405884
172 53 2.3244913
174 2 3.0331886
174 7 2.998139
174 11 2.8777797
174 22 2.6479204
174 59 2.552867
176 1 2.9564192
176 17 2.0371344
176 20 3.1996377
176 28 2.687197
176 69 2.0834844
181 1 3.1373975
181 9 3.5345738
181 12 3.0868733
181 16 2.956268
181 39 2.202959
184 6 3.147412
184 10 3.804885
184 11 3.4863687
184 21 3.5485117
184 61 2.3506172
185 2 3.2851005
185 9 3.7726855
185 22 2.9377692
185 27 3.4805946
185 52 2.3410263
194 5 2.215117
194 21 3.1045632
194 25 1.8008512
194 34 2.0464487
194 50 1.9396747
196 6 2.4653223
196 11 2.9243443
196 12 2.8127513
196 21 2.8063338
196 48 3.1543694
199 4 2.6704936
199 17 1.9133127
199 19 2.2128034
199 24 2.2779272
199 53 2.009475
204 4 3.105976
204 12 3.0984612
204 13 2.4076223
204 28 2.861463
204 49 2.9494746
207 4 2.8432822
207 7 3.111964
207 11 3.0549517
207 31 2.4706352
207 79 2.1185613
208 1 3.5348363
208 7 3.012996
208 9 3.4437559
208 15 2.62021
208 49 2.5122879
210 9 3.1310153
210 12 2.9974916
210 20 2.9879909
210 23 2.9905603
210 46 2.2950184
211 2 3.3328063
211 19 2.6232185
211 21 3.544431
211 32 3.0755434
211 65 2.6252456
216 1 3.234111
216 19 2.0880418
216 22 2.599754
216 35 2.4990432
216 69 2.2504323
220 3 3.258855
220 11 2.7528324
220 16 3.0899107
220 22 2.5400448
220 47 2.1587994
225 1 3.1033669
225 6 2.8937063
225 14 3.0227253
225 26 2.5643685
225 37 3.018907
230 1 3.049779
230 17 1.8249915
230 20 3.271128
230 29 1.8420868
230 55 2.0966604
231 1 3.3947396
231 6 2.7603261
231 8 2.8070915
231 17 2.3264751
231 88 2.2687778
232 1 3.3306408
232 11 3.2940035
232 12 3.2834125
232 26 2.9168825
232 48 3.311692
241 4 3.0625367
241 8 2.6445212
241 10 3.346348
241 16 3.3030775
241 49 2.6941085
243 1 3.248883
243 8 2.7800012
243 11 2.7228942
243 23 3.1278238
243 80 3.1913264
246 1 2.7639189
246 11 2.904762
246 14 2.8051794
246 26 2.5106251
246 32 2.5029395
253 1 3.4377255
253 6 2.6065514
253 16 3.504568
253 26 3.1456609
253 42 3.2179923
254 6 2.382543
254 12 2.750811
254 14 2.7234066
254 24 1.7296414
254 55 2.2376995
258 4 2.8121333
258 11 2.9546106
258 17 2.547862
258 20 3.6147735
258 52 2.2028868
270 2 2.364523
270 6 2.2646139
270 7 1.8529881
270 13 1.8029598
270 42 2.5356894
288 3 3.2377977
288 16 3.0444665
288 18 1.6061183
288 26 2.7239995
288 72 2.835556
296 2 2.5978231
296 7 2.1002378
296 12 2.6302433
296 26 2.2863019
296 94 1.8736486
304 1 3.4559138
304 8 3.0192163
304 11 3.1047595
304 21 3.2568636
304 41 2.3793314
308 5 2.2336001
308 10 3.5433238
308 12 3.1908164
308 29 1.9595029
308 41 2.140431
309 7 3.1165752
309 11 2.9500766
309 19 2.411434
309 50 2.3712454
309 65 1.9196041
313 3 3.2403102
313 15 2.5602515
313 25 2.157052
313 27 3.0015824
313 59 2.483627
314 1 3.0165362
314 4 2.696492
314 6 2.5051656
314 20 3.2089524
314 46 2.503852
323 5 2.3466454
323 11 2.971496
323 12 3.1580963
323 23 3.1215796
323 55 2.3898644
330 1 3.2254071
330 5 2.505813
330 10 3.3417332
330 18 1.9062617
330 36 2.0291834
331 3 3.271251
331 7 2.456727
331 12 2.8472936
331 23 2.841216
331 56 1.7573675
334 1 3.3247843
334 6 2.592575
334 7 2.9385262
334 36 2.0210402
334 63 2.6772773
336 1 3.487885
336 7 3.3700862
336 11 3.3197694
336 22 3.3330238
336 51 3.0081475
338 2 2.563373
338 11 3.1307998
338 12 2.90716
338 22 2.4408984
338 79 1.7288305
339 4 3.0003002
339 15 2.943323
339 21 3.6716905
339 34 2.455006
339 55 2.820839
350 4 2.793038
350 11 3.023063
350 12 2.8723783
350 17 2.191361
350 34 1.980963
353 2 3.5226028
353 15 3.171192
353 24 2.8275301
353 38 3.8368387
353 51 3.096775
355 1 3.2920673
355 5 2.985091
355 6 2.8633962
355 22 2.9744895
355 52 2.880752
356 1 3.3166256
356 13 2.1030638
356 14 2.6743577
356 32 2.939885
356 75 2.3662589
365 3 3.1216023
365 12 2.9925241
365 13 2.2185085
365 24 2.216324
365 41 1.9842695
366 1 3.1959193
366 6 2.6661716
366 8 2.6790802
366 16 3.1209526
366 73 2.8507586
368 6 2.6046457
368 15 2.3809757
368 16 2.9532676
368 35 2.5452914
368 69 2.107805
387 2 2.7671857
387 14 2.6199431
387 16 2.816636
387 20 3.3172805
387 33 2.3192348
388 1 2.9695425
388 4 2.6911297
388 5 2.3553452
388 13 2.1630852
388 34 2.0007427
392 3 3.6520064
392 21 3.5276828
392 30 2.5871763
392 33 3.160312
392 90 2.6660404
404 2 3.2785244
404 7 2.9809403
404 12 3.1884575
404 18 2.0585787
404 65 2.037883
407 2 2.8165107
407 4 2.902906
407 12 2.9148867
407 21 2.888981
407 52 1.7610282
408 3 3.2667475
408 8 2.7633343
408 12 2.9165866
408 18 1.6309788
408 55 2.4959605
417 1 3.51882
417 4 3.2404072
417 12 3.4221776
417 18 2.3037848
417 35 2.9410324
420 5 1.7170445
420 18 1.1162066
420 23 2.320024
420 29 1.2477921
420 43 1.2498668
421 2 3.2082713
421 4 2.4079509
421 5 2.5629654
421 8 3.092175
421 38 3.6178088
424 3 3.5369034
424 17 2.0748162
424 19 2.5633612
424 35 2.597695
424 80 3.2078848
425 2 3.345819
425 6 2.5489714
425 7 3.5497441
425 12 3.562137
425 28 2.9789672
442 6 2.9558947
442 9 3.6514728
442 26 2.9619455
442 54 3.2570348
442 81 1.4232337
444 1 3.5164251
444 10 3.5555162
444 12 3.227113
444 25 2.247016
444 53 2.3071568
445 7 2.6110327
445 11 2.375716
445 12 2.5245743
445 16 2.8073769
445 78 1.0741069
451 10 3.4187474
451 19 2.4580662
451 22 2.7294614
451 30 2.6156597
451 59 2.3035994
460 3 3.7499678
460 13 2.8101752
460 14 3.3831425
460 22 3.238157
460 49 2.9223993
463 4 3.3025267
463 9 3.817214
463 11 3.4605107
463 14 3.322027
463 30 2.7122555
464 1 3.141345
464 4 2.8184922
464 9 3.5743632
464 28 3.0393476
464 34 2.7208686
465 5 2.689257
465 12 3.6039553
465 14 3.3576221
465 26 3.0914102
465 46 3.006392
466 1 3.3879726
466 5 2.5876079
466 9 3.860657
466 13 2.4048035
466 24 2.3413453
476 4 3.0220604
476 13 2.181089
476 16 3.520253
476 21 3.4220479
476 46 2.6822672
478 6 2.8689833
478 10 3.4700692
478 21 3.3943903
478 43 2.07427
478 70 2.316627
482 5 2.5082827
482 9 3.5262074
482 10 3.2562523
482 15 2.5762274
482 31 2.2462852
485 9 3.5202208
485 12 3.313482
485 13 2.5180953
485 18 2.341823
485 60 2.078733
487 2 2.700012
487 9 3.1442628
487 14 2.427605
487 22 2.584129
487 42 2.8136756
490 3 2.916471
490 13 1.5711716
490 17 1.9621698
490 33 1.869994
490 50 1.6120795
494 3 3.5102925
494 7 3.0574665
494 9 3.6224878
494 19 2.2114391
494 64 2.241014
496 4 2.7789762
496 17 1.964764
496 18 1.8321363
496 26 2.7186224
496 44 2.8111145
499 1 3.1050255
499 9 3.1582158
499 11 2.600721
499 18 1.6230618
499 25 1.6481725
507 5 2.597853
507 16 3.2555327
507 17 2.2461562
507 27 3.1876388
507 61 1.654251
508 1 3.1801095
508 4 3.5086296
508 13 2.589964
508 17 2.4554462
508 48 3.335029
510 2 3.0238018
510 9 3.2426841
510 10 3.3137722
510 18 1.697241
510 35 2.4717772
514 1 3.4729877
514 4 2.9942284
514 5 2.9230616
514 21 3.4638636
514 50 2.2528944
519 4 2.538734
519 8 2.3884287
519 11 2.6043756
519 16 2.9340167
519 45 2.2188177
530 8 2.915786
530 12 3.0584927
530 14 2.5948138
530 22 2.7503288
530 63 2.330861
534 1 3.4946132
534 13 2.45798
534 14 2.793615
534 25 2.3600922
534 49 2.7806659
550 4 3.0254853
550 8 2.6081145
550 15 2.7862866
550 22 3.0814726
550 51 2.9058416
555 4 3.327169
555 10 3.4806957
555 17 2.5098298
555 24 1.9998243
555 41 2.1039133
564 2 3.032966
564 8 2.5059829
564 9 3.5226011
564 28 3.068867
564 93 1.8322828
565 9 2.933747
565 16 2.6516528
565 18 1.1009978
565 31 1.9555837
565 45 1.935288
568 2 3.205267
568 6 3.126125
568 9 3.663609
568 27 3.306287
568 37 2.9343657
581 8 3.2467983
581 17 2.7181098
581 22 3.2589192
581 30 2.8678749
581 46 3.1359742
587 3 2.99311
587 11 2.7626998
587 19 1.7494897
587 28 2.3955235
587 38 3.2025943
595 2 2.7547593
595 5 2.4186242
595 7 3.1475918
595 11 2.9084191
595 35 2.2383504
603 10 3.6491144
603 24 2.4887888
603 31 2.5391548
603 39 2.629211
603 50 2.1754806
607 4 3.332191
607 10 3.621253
607 12 3.2810023
607 38 3.6923597
607 75 2.402334
610 4 2.8287413
610 10 3.1102931
610 11 2.9044175
610 17 2.1366389
610 41 2.149628
619 1 3.239467
619 8 2.8128815
619 11 2.9253175
619 15 2.8735094
619 43 2.053879
622 1 3.080155
622 13 2.235677
622 27 2.979585
622 40 2.1246123
622 74 2.9966125
625 2 3.3028657
625 4 3.2808878
625 9 3.7425516
625 16 3.6092389
625 27 3.6895978
626 6 2.5797782
626 17 2.2272434
626 18 1.590925
626 34 1.6366608
626 72 2.6275291
637 7 3.1242173
637 10 3.4720573
637 13 2.162478
637 17 2.524001
637 40 2.3308854
638 5 2.7833455
638 10 3.4417806
638 15 2.7366486
638 25 2.4731941
638 47 2.856736
640 1 3.2093582
640 4 3.0399032
640 6 2.9890702
640 16 3.322614
640 31 2.5174682
648 2 3.0556414
648 7 3.0908523
648 9 3.4170291
648 26 3.0623808
648 29 2.1507556
660 2 3.0375624
660 17 2.3635907
660 18 1.4966352
660 30 2.3641286
660 42 2.9791934
661 4 2.6202092
661 11 3.0412562
661 15 2.6463988
661 30 2.074886
661 60 1.8266262
663 1 2.853728
663 10 3.0398886
663 11 2.679826
663 13 1.7374203
663 36 1.7676604
668 12 3.4999843
668 19 2.5972166
668 20 3.5291412
668 24 2.5477211
668 49 2.3782277
685 5 2.2883878
685 7 2.9866428
685 10 3.694336
685 17 2.4679544
685 51 2.6780376
690 1 3.4043705
690 10 3.2484763
690 14 2.4268413
690 28 2.500897
690 84 1.6359808
691 1 3.207501
691 8 3.142955
691 11 3.2020445
691 27 3.0888293
691 50 2.1522472
694 1 3.2392857
694 8 2.6133025
694 9 3.2919807
694 31 2.1612082
694 54 2.7425742
701 6 2.6264064
701 22 2.8365982
701 24 1.7928269
701 31 2.2993536
701 41 1.7683069
703 1 3.5940192
703 5 3.0252054
703 10 3.5899298
703 18 2.2127368
703 63 2.756236
706 2 2.7050338
706 5 1.9210379
706 11 2.2507262
706 17 1.9335123
706 31 2.0001526
730 1 3.5194037
730 7 3.078059
730 14 2.8662817
730 26 3.0528562
730 45 2.8128483
731 2 2.9286814
731 5 2.518481
731 16 3.2860508
731 28 2.8090782
731 63 2.6468086
732 3 3.1832013
732 14 2.4178283
732 16 2.80545
732 22 2.4495466
732 74 2.651891
734 6 2.5944035
734 13 1.8459982
734 17 1.9446955
734 22 2.2535965
734 79 1.976881
736 2 3.4154572
736 10 3.6869922
736 16 3.4253938
736 29 2.3412142
736 58 2.948642
744 3 2.9722068
744 7 2.6355677
744 12 3.0474474
744 25 1.8614632
744 68 2.3029885
745 5 2.8413796
745 8 3.0499687
745 10 3.490464
745 16 3.3055308
745 33 2.6535854
746 2 2.7920504
746 11 2.924011
746 13 2.1935246
746 35 2.3445504
746 45 2.4179265
751 5 2.6229734
751 15 2.6885421
751 18 2.3142083
751 23 3.294454
751 40 2.689523
757 12 3.1551547
757 19 2.7917552
757 25 2.8378694
757 29 2.6312013
757 68 2.4148872
758 3 2.575072
758 10 2.6334836
758 12 2.5875835
758 14 2.300367
758 70 1.2199099
761 3 3.2641165
761 8 2.4603074
761 12 2.8513615
761 15 2.689368
761 65 1.9317421
763 3 3.538973
763 9 3.5420833
763 13 2.0179007
763 22 2.8398528
763 46 2.42297
766 6 2.61211
766 10 3.052557
766 18 1.8370814
766 25 1.9392091
766 52 1.8776057
773 1 3.2675881
773 3 3.4922073
773 10 3.3089714
773 31 2.5336134
773 42 3.2243285
776 1 3.3860466
776 6 3.0022352
776 8 2.6866746
776 13 2.588791
776 55 2.744429
777 1 3.4530892
777 4 3.1170084
777 8 3.0344524
777 16 3.282572
777 29 2.2805269
785 8 2.667839
785 15 2.5329328
785 18 1.9630035
785 26 2.6972294
785 45 2.5419002
790 10 3.3501942
790 13 2.44391
790 16 3.1279092
790 25 2.1903098
790 35 2.6507132
800 4 2.7219563
800 6 2.6047866
800 10 3.283656
800 16 2.9767842
800 38 3.2397685
807 1 2.9367478
807 4 2.7938085
807 5 2.1410651
807 24 1.6821659
807 35 1.78024
808 2 2.8506334
808 11 2.780187
808 12 3.1428666
808 19 2.1848242
808 28 2.9873233
814 1 2.9758208
814 9 3.3645623
814 15 2.5997624
814 21 2.852128
814 33 1.8713932
818 6 2.4288638
818 12 2.8708272
818 13 2.1833382
818 17 1.8934417
818 53 1.9721924
822 3 3.0453212
822 12 3.0089457
822 13 2.3746896
822 26 2.5089622
822 45 2.5709453
823 3 3.2811296
823 6 2.7942705
823 7 2.9252267
823 10 3.4877129
823 18 2.2153816
829 16 3.3648617
829 19 2.176046
829 22 2.8616395
829 24 2.3159356
829 33 2.2747579
833 2 3.390322
833 19 2.7243197
833 24 2.6952493
833 29 2.4735258
833 54 3.4435174
843 7 3.325491
843 14 3.1100225
843 15 2.8597481
843 22 3.0330436
843 76 2.6133301
845 5 2.1636066
845 12 3.0313065
845 14 3.1738782
845 17 2.07356
845 30 2.2625258
852 2 3.2027237
852 8 2.8652556
852 10 3.7052183
852 15 2.8804886
852 46 3.0245745
853 3 3.371667
853 9 3.4563782
853 17 2.1761942
853 28 2.7017517
853 47 2.3266146
859 2 2.9069395
859 5 2.4803529
859 10 3.3390467
859 38 3.5801387
859 67 2.2143981
862 4 2.5453389
862 15 2.0971124
862 19 1.8061174
862 28 2.4519231
862 47 1.9848862
866 2 3.046183
866 6 2.9839637
866 11 3.2989633
866 24 2.4195998
866 42 3.1392474
868 2 3.209939
868 9 3.6333797
868 12 3.2647974
868 23 3.3587472
868 46 2.7667046
873 18 1.9233578
873 20 3.4607582
873 27 3.1841388
873 31 2.4103708
873 43 2.2365856
879 1 3.4086945
879 9 3.688227
879 10 3.492369
879 18 2.1973214
879 92 2.2956328
880 5 2.8603618
880 11 3.3909523
880 14 3.3052878
880 25 2.9421058
880 44 3.2188325
886 3 3.3025692
886 6 2.8011208
886 9 3.0856073
886 17 2.141999
886 40 2.2900412
889 2 2.026419
889 12 2.583802
889 18 1.3178127
889 24 1.3197594
889 88 5.0
893 7 2.227139
893 12 2.6135507
893 15 2.1651697
893 40 2.0251093
893 62 2.708936
898 3 3.4052107
898 7 3.0713253
898 16 3.3668795
898 21 3.4596074
898 28 3.315215
903 5 2.3522844
903 16 2.6563263
903 19 1.8486738
903 22 2.4485862
903 43 1.5973718
904 7 2.7686641
904 12 3.0596838
904 19 1.7644693
904 31 2.401224
904 48 3.2158153
908 4 2.3956227
908 11 2.824259
908 12 2.5801573
908 27 2.8276532
908 54 2.729908
910 1 2.9274993
910 5 2.3111253
910 14 2.7799811
910 19 1.9804323
910 47 2.050622
922 7 3.0165548
922 15 2.6695125
922 24 2.4272864
922 31 2.3479238
922 64 2.0833073
925 2 2.6859052
925 4 2.9690504
925 8 2.5772898
925 11 2.7039495
925 34 1.8112944
926 6 2.6672745
926 17 2.42713
926 18 1.7925105
926 25 2.135026
926 48 3.2487526
932 4 2.7069967
932 10 3.1498065
932 16 3.1151164
932 20 3.27658
932 53 1.7837796
946 5 2.81498
946 9 3.6482234
946 29 2.1963522
946 48 3.1837404
946 74 3.0772467
947 7 3.213061
947 9 3.7197418
947 17 2.4501555
947 20 3.71367
947 47 2.6202683
950 2 3.4027145
950 14 3.2861516
950 18 2.2872448
950 30 2.796526
950 51 2.8149505
961 3 3.302871
961 8 2.6661446
961 12 3.1884563
961 20 3.289832
961 28 2.8214486
965 3 3.3939457
965 11 2.9335525
965 18 1.9452943
965 34 2.1566076
965 61 1.8500376
969 2 2.6536152
969 6 2.4447446
969 8 2.3296318
969 12 2.8267703
969 30 1.9719499
970 8 2.747939
970 11 2.8851635
970 13 2.3494322
970 16 3.3044562
970 53 2.1390736
971 3 3.2841504
971 15 2.5529706
971 25 1.9085796
971 27 3.1615267
971 48 3.018851
973 6 2.9883075
973 12 3.3302286
973 14 2.8080797
973 19 2.1657772
973 58 2.930651
985 2 3.0014706
985 4 2.9849238
985 11 2.9201589
985 28 3.056176
985 48 3.3530948
986 3 3.6312606
986 13 2.4804971
986 17 2.3209045
986 28 2.8843338
986 70 1.7785738
988 3 2.8523588
988 12 2.7407646
988 15 2.1770287
988 18 1.564534
988 53 1.8817309
992 1 2.8635097
992 7 2.68981
992 14 2.703229
992 33 2.290989
992 41 1.6037388
994 2 3.0031784
994 12 3.274691
994 18 2.1313727
994 24 2.094001
994 36 2.5008867
998 1 3.1643941
998 6 2.6065757
998 13 1.6739448
998 43 1.8367615
998 75 2.2896547
999 1 3.387772
999 6 3.0383804
999 7 2.6851923
999 14 2.8737702
999 72 2.488499
1001 2 2.8418672
1001 8 2.9403384
1001 9 3.312152
1001 18 1.566875
1001 52 1.6549455
1002 2 2.5934262
1002 7 2.4412284
1002 21 2.7326667
1002 24 1.8578032
1002 57 1.4960921
1012 7 2.5114543
1012 11 2.723687
1012 12 2.6447244
1012 20 2.9090822
1012 43 1.6730983
1016 1 3.0661483
1016 6 2.609614
1016 7 2.5242374
1016 15 2.229094
1016 76 2.0421903
1018 3 3.541106
1018 7 3.0769796
1018 8 2.7300713
1018 18 2.1343398
1018 32 2.6609588
1024 5 1.6093907
1024 8 2.422884
1024 11 2.1838994
1024 19 1.6265811
1024 61 1.5765921
1029 7 2.9446437
1029 16 3.127657
1029 19 2.4947467
1029 32 2.795148
1029 55 2.3715472
1035 2 2.6744359
1035 6 2.3356829
1035 8 2.6167839
1035 16 2.9165823
1035 42 2.9629905
1046 2 2.981633
1046 4 3.093215
1046 18 1.6052754
1046 40 2.2017236
1046 76 2.200317
1047 3 3.466887
1047 10 3.2355278
1047 11 3.0330462
1047 22 2.8489916
1047 62 3.0840123
1050 7 3.2960398
1050 11 3.1788504
1050 19 2.3513224
1050 21 3.4148326
1050 56 2.4182405
1051 9 3.5209196
1051 20 3.4374628
1051 22 3.1476886
1051 29 2.0909314
1051 35 2.9614654
1052 1 3.3675418
1052 6 2.876616
1052 9 3.5975022
1052 20 3.6327374
1052 33 2.283207
1053 2 2.9321709
1053 8 2.7685475
1053 10 3.0728538
1053 26 2.8079596
1053 40 2.324698
1061 1 3.0087774
1061 13 2.0753415
1061 23 3.2127337
1061 33 2.414579
1061 63 2.4862669
1062 1 3.0026357
1062 19 2.5402305
1062 20 3.6976056
1062 42 2.509637
1062 70 1.9518268
1065 5 2.7516172
1065 19 2.6381493
1065 21 3.1032119
1065 25 2.057625
1065 37 2.8418193
1068 3 3.5342247
1068 11 3.2232258
1068 12 3.4018893
1068 19 2.7473726
1068 47 2.7032883
1069 1 3.1539495
1069 6 2.7844298
1069 9 3.6396253
1069 23 3.2549052
1069 50 2.1514137
1073 1 3.5219615
1073 7 3.236577
1073 20 3.3539877
1073 32 2.596841
1073 65 2.0795991
1074 4 2.6693258
1074 12 3.0225868
1074 13 2.0459092
1074 30 2.1759996
1074 41 2.084227
1077 1 3.294222
1077 7 2.9799373
1077 15 2.82403
1077 19 2.1884136
1077 34 2.1856775
1081 4 2.9111738
1081 15 2.8079858
1081 16 3.5346704
1081 25 2.448446
1081 78 1.9383912
1098 1 3.5196185
1098 4 3.2412057
1098 5 2.9054213
1098 11 3.3595796
1098 42 3.4057655
1104 2 3.228977
1104 10 3.2637997
1104 16 3.057408
1104 23 3.0377026
1104 46 2.656799
1105 2 2.8090603
1105 7 2.317267
1105 16 2.5902927
1105 23 2.7742412
1105 49 2.3755171
1115 4 2.571842
1115 7 2.5973516
1115 9 3.2630281
1115 16 2.7045772
1115 40 2.1220665
1118 2 2.8453574
1118 5 2.8599563
1118 7 3.46353
1118 14 3.4176075
1118 36 2.5212488
1119 3 3.4646065
1119 29 1.8982886
1119 33 2.6504924
1119 41 1.9398992
1119 93 2.072444
1122 6 2.3560162
1122 10 2.805385
1122 12 3.024881
1122 18 1.4578254
1122 38 3.0385623
1123 2 2.6384573
1123 9 3.2014134
1123 11 3.002876
1123 25 2.015517
1123 59 2.3253894
1127 1 3.2888222
1127 8 2.7761962
1127 9 3.5034077
1127 18 1.9919217
1127 40 2.478824
1134 2 3.2485373
1134 6 2.5613453
1134 8 3.0055661
1134 24 2.3026097
1134 29 1.5681448
1138 2 3.501286
1138 10 3.3854907
1138 11 3.154349
1138 17 2.1758132
1138 41 2.1620393
1139 2 2.6508913
1139 11 2.5180728
1139 14 2.5227878
1139 28 2.5720673
1139 41 2.0863001
1140 9 3.746741
1140 15 2.785131
1140 20 3.5859876
1140 23 3.3530564
1140 28 3.1698952
1142 2 2.9166899
1142 9 3.3929362
1142 10 3.671054
1142 16 3.0197499
1142 62 3.249908
1148 3 3.5527277
1148 7 3.274534
1148 8 2.9879103
1148 31 2.7660973
1148 72 2.7221582
1152 3 3.4722016
1152 10 3.2227566
1152 18 2.1481416
1152 24 2.3786902
1152 55 2.6331744
1153 1 3.42453
1153 6 2.9305873
1153 8 2.6987793
1153 21 3.306231
1153 46 2.9245825
1159 6 2.63432
1159 18 1.6627346
1159 20 3.4134023
1159 24 2.3745475
1159 47 2.5275612
1160 3 3.2403722
1160 5 2.0290542
1160 9 3.001294
1160 19 1.9763571
1160 57 1.6386433
1168 3 3.6066246
1168 18 2.1125882
1168 20 3.6082854
1168 29 2.5287437
1168 60 1.9629384
1169 2 2.4148393
1169 7 2.5598488
1169 13 1.7905031
1169 18 1.7517526
1169 66 2.1176226
1170 3 3.7246618
1170 7 3.0192153
1170 8 2.936881
1170 26 2.7966094
1170 54 3.3633356
1171 3 3.2528718
1171 7 2.73736
1171 9 3.1467202
1171 25 1.8738186
1171 43 1.8334465
1181 1 2.8265202
1181 6 2.3905973
1181 9 3.146238
1181 14 2.8078866
1181 44 2.8217185
1183 6 2.6156867
1183 13 2.1084762
1183 14 2.8804426
1183 18 1.7127874
1183 45 2.9062612
1184 5 2.3591228
1184 8 2.4919875
1184 10 3.190806
1184 30 2.2273617
1184 60 1.6897172
1187 1 3.2535765
1187 14 2.8215313
1187 15 2.728191
1187 22 2.8201063
1187 83 2.3235962
1190 2 3.1746714
1190 16 3.3412666
1190 18 2.2892327
1190 22 3.077676
1190 43 2.1717198
1192 5 2.2792754
1192 14 3.0082018
1192 16 3.0878258
1192 26 2.5616283
1192 74 2.6617649
1201 2 2.5980105
1201 5 2.1245544
1201 8 2.2345412
1201 13 1.7413073
1201 22 2.3905034
1208 3 3.4679408
1208 8 2.5850873
1208 9 3.4936774
1208 16 3.2525325
1208 33 2.2243178
1210 1 3.1735
1210 15 2.5948007
1210 20 3.4053888
1210 41 2.0726447
1210 63 2.0985262
1222 9 3.1873991
1222 14 3.0002322
1222 15 2.3792288
1222 22 2.8917615
1222 50 1.6389351
1227 2 2.8191144
1227 8 2.9533758
1227 9 2.9803727
1227 27 3.148083
1227 51 2.3098967
1228 2 2.684731
1228 10 2.9530375
1228 11 2.7021115
1228 20 3.2751338
1228 40 2.1003103
1230 4 3.025747
1230 9 3.791895
1230 10 3.5597486
1230 27 3.2981267
1230 43 2.294755
1231 4 3.0060918
1231 6 2.8029811
1231 8 2.7197254
1231 11 3.419846
1231 32 2.5388794
1239 1 3.5157762
1239 11 3.3557372
1239 12 3.4191337
1239 18 2.300741
1239 26 3.1288435
1244 1 3.5596538
1244 7 3.3176904
1244 18 2.3446186
1244 27 3.4785104
1244 54 3.4461956
1248 5 3.0307314
1248 10 3.7203555
1248 11 3.4848897
1248 14 3.4114387
1248 66 3.141027
1250 2 3.0067973
1250 7 2.7947981
1250 16 2.6402802
1250 30 1.7626331
1250 79 1.4284765
1260 2 3.33173
1260 9 3.6862826
1260 10 3.6855102
1260 24 2.502326
1260 64 2.7126105
1261 8 2.5323653
1261 11 3.0294776
1261 13 2.3256683
1261 27 3.4925792
1261 59 2.6254919
1265 1 2.9825468
1265 5 2.1046195
1265 9 2.6720164
1265 12 2.7629583
1265 67 1.9587196
1272 2 3.511475
1272 4 3.062399
1272 5 2.8654213
1272 20 3.714625
1272 57 1.9371157
1283 1 3.192717
1283 5 2.254175
1283 11 2.9320087
1283 26 2.4663544
1283 62 3.0989215
1310 6 2.671832
1310 13 2.1726105
1310 16 3.040328
1310 30 2.2141767
1310 65 2.0775409
1315 7 2.9146812
1315 12 3.1739745
1315 15 2.743191
1315 21 3.155192
1315 41 1.7980561
1319 4 3.260346
1319 11 3.376347
1319 17 2.4243743
1319 27 3.2557666
1319 71 2.5048866
1320 9 3.3971534
1320 12 3.3674939
1320 13 2.5859237
1320 28 2.6876273
1320 63 2.5021787
1322 2 3.3553784
1322 4 3.122511
1322 7 3.0381787
1322 13 2.383108
1322 92 1.8101051
1326 7 2.3347013
1326 13 2.188742
1326 14 2.0670042
1326 36 1.7405195
1326 55 2.006533
1334 7 2.731513
1334 14 3.1093593
1334 15 2.476982
1334 23 3.2411435
1334 50 1.8230556
1338 2 3.4189062
1338 6 3.1242666
1338 18 2.3705244
1338 30 2.8160396
1338 67 2.7595963
1355 2 2.9335485
1355 10 3.1237047
1355 11 2.8080072
1355 31 2.2741568
1355 47 2.6886923
1371 2 2.8913517
1371 8 2.3990848
1371 10 3.2586796
1371 17 2.0516438
1371 53 1.9868139
1379 4 3.5300992
1379 11 3.0309188
1379 17 2.0931227
1379 35 2.611783
1379 52 1.9890049
1380 5 2.3341935
1380 12 3.0697129
1380 26 2.6476326
1380 30 2.2137709
1380 40 2.239876
1389 1 3.4685266
1389 13 2.782332
1389 14 3.593744
1389 19 2.8104925
1389 76 2.6680913
1392 6 2.8274264
1392 15 2.7025304
1392 16 3.0413141
1392 21 3.2121096
1392 50 2.1950426
1397 5 2.0467877
1397 15 2.752239
1397 19 2.444521
1397 27 3.0519736
1397 48 3.0855827
1398 2 2.9985008
1398 16 3.2226734
1398 23 3.3871796
1398 28 2.8443534
1398 40 2.436535
1399 1 3.6540506
1399 8 3.2634542
1399 10 3.7294774
1399 20 3.897269
1399 58 3.273407
1404 1 3.1182432
1404 5 2.6030426
1404 10 3.2101433
1404 22 2.8903565
1404 44 3.126762
1407 3 3.4404385
1407 16 3.4589624
1407 22 3.0824156
1407 28 3.1216218
1407 59 2.4237094
1408 1 3.3730564
1408 6 2.6619234
1408 10 3.5973566
1408 22 3.1415946
1408 87 1.7385718
1423 1 2.7543685
1423 6 2.4273543
1423 8 2.624142
1423 16 2.9070737
1423 59 2.1177812
1426 1 2.9460208
1426 4 2.7679949
1426 8 2.5170448
1426 17 2.1198456
1426 56 1.9019897
1443 2 2.9437501
1443 8 2.8932812
1443 12 3.088593
1443 22 2.8031495
1443 64 2.0362334
1444 1 3.095548
1444 8 2.596939
1444 11 2.9139636
1444 20 3.276784
1444 52 2.301134
1446 9 3.602806
1446 14 3.1152546
1446 15 2.7436442
1446 23 3.3252933
1446 42 3.2893722
1447 1 3.1641428
1447 5 2.4908912
1447 6 2.6800427
1447 12 3.0987473
1447 43 2.0067365
1449 1 3.0627847
1449 6 2.6211996
1449 7 2.8822074
1449 19 2.2261803
1449 26 2.4728985
1451 1 3.5685618
1451 7 3.3265986
1451 16 3.4928098
1451 27 3.4874184
1451 69 2.695627
1456 2 2.735002
1456 6 2.3436084
1456 14 2.7043557
1456 26 2.453637
1456 52 2.206977
1458 6 2.8022835
1458 16 3.0211265
1458 17 2.4130933
1458 19 1.9904454
1458 75 2.2600768
1481 5 2.9019945
1481 14 3.430497
1481 18 2.2221246
1481 26 3.1090732
1481 53 2.2947903
1486 3 3.4059856
1486 8 3.109929
1486 10 3.3682358
1486 15 3.056826
1486 28 2.963779
1491 11 2.8471308
1491 16 3.444076
1491 21 3.0938783
1491 28 3.122861
1491 50 1.995969
1496 1 2.8159478
1496 10 3.049985
1496 13 2.0791137
1496 16 2.6501064
1496 34 2.0772736
1498 1 2.9569461
1498 3 3.1843932
1498 7 2.6336515
1498 13 1.9973636
1498 28 2.545541
1500 1 2.929554
1500 5 2.6326058
1500 7 2.5503585
1500 10 3.1795952
1500 22 2.5831866
1512 4 2.4876986
1512 8 2.5726314
1512 10 3.1475997
1512 16 3.140398
1512 24 2.4647503
1518 4 3.0923157
1518 12 3.0154693
1518 13 2.5910163
1518 30 2.2630534
1518 43 1.8610204
1521 3 2.865613
1521 11 2.5736966
1521 12 2.5227988
1521 37 2.3304439
1521 64 1.8345662
1528 4 2.3869963
1528 9 3.224474
1528 11 2.7916853
1528 24 2.2122457
1528 56 1.9503839
1535 1 3.1117718
1535 5 2.5829551
1535 8 2.94554
1535 13 2.0449467
1535 30 2.613666
1539 3 3.002404
1539 8 2.353963
1539 9 3.2852774
1539 16 2.8057494
1539 29 1.8548496
1540 1 3.3269036
1540 5 2.637466
1540 17 2.5443003
1540 21 3.3283257
1540 33 2.571464
1546 4 2.9430223
1546 26 2.7362888
1546 27 3.3110063
1546 47 2.6009705
1546 75 2.618261
1556 6 2.9498398
1556 17 2.143015
1556 21 3.17743
1556 24 2.3957524
1556 43 2.1018398
1562 1 2.8795896
1562 9 3.037431
1562 10 2.9865603
1562 15 2.390666
1562 30 2.3237212
1571 1 3.6494615
1571 3 3.7827969
1571 4 3.3710487
1571 27 3.5683181
1571 48 3.7219434
1575 3 3.3261168
1575 5 2.6110733
1575 14 3.0176594
1575 20 3.3885748
1575 42 2.899692
1577 1 3.455198
1577 10 3.6248257
1577 19 2.3910518
1577 22 3.1894674
1577 56 2.682204
1586 2 3.188563
1586 12 3.1370845
1586 21 3.0484815
1586 24 2.3751242
1586 65 2.341044
1593 4 3.2793543
1593 6 2.7787423
1593 9 3.948508
1593 13 2.820627
1593 56 2.5522037
1594 2 2.9947138
1594 8 3.0654128
1594 12 3.0876682
1594 17 2.4712827
1594 29 2.1373417
1599 3 3.1355455
1599 19 2.1695545
1599 20 3.2454286
1599 33 2.1733253
1599 65 1.9883761
1605 5 2.2306507
1605 15 2.5062277
1605 23 3.2419171
1605 36 2.1250231
1605 65 2.0744498
1611 1 3.1071827
1611 6 2.5696912
1611 9 3.3714497
1611 26 2.779227
1611 68 2.1847465
1619 1 3.1998212
1619 8 3.0002341
1619 23 3.3686492
1619 30 2.2414486
1619 63 2.4408126
1623 1 3.4190216
1623 5 2.3722332
1623 10 3.10882
1623 15 2.313853
1623 58 2.7674835
1625 2 2.949197
1625 11 2.8556788
1625 13 1.8800153
1625 23 2.9413106
1625 53 1.7485697
1629 1 3.3561969
1629 12 3.47081
1629 13 2.606048
1629 17 2.318821
1629 33 2.6330867
1630 1 3.2719603
1630 12 3.1186018
1630 16 3.0424523
1630 22 2.7181964
1630 34 2.394442
1631 2 3.2458327
1631 12 3.1533082
1631 17 2.310815
1631 28 3.0942442
1631 42 3.3863707
1636 3 3.2975848
1636 10 3.324004
1636 12 2.974808
1636 16 3.1309273
1636 42 3.2451885
1653 1 2.451211
1653 6 2.0818782
1653 13 1.5495001
1653 15 1.7948055
1653 43 1.2731504
1657 1 2.8707113
1657 14 3.1619911
1657 16 3.1201847
1657 24 2.3928456
1657 42 3.3007555
1659 1 2.960592
1659 7 2.1284187
1659 8 2.3076594
1659 13 1.6672462
1659 48 2.8263319
1662 1 3.701356
1662 6 3.2400627
1662 9 3.919137
1662 14 3.467866
1662 47 3.0915184
1664 1 2.9261572
1664 9 3.3736675
1664 11 2.9058661
1664 23 3.0715475
1664 35 2.243951
1666 1 3.3200114
1666 8 2.9319801
1666 12 3.0844803
1666 19 2.090235
1666 54 3.021904
1668 1 3.6024287
1668 23 3.591211
1668 25 2.5930405
1668 34 2.6336288
1668 41 2.4943864
1681 1 3.4016473
1681 12 3.3030915
1681 18 2.2410862
1681 24 2.73152
1681 49 2.6392658
1684 4 2.9445293
1684 8 3.0319161
1684 9 3.8835633
1684 19 2.4997706
1684 41 2.3166869
1686 9 3.3774304
1686 12 3.124463
1686 15 2.812827
1686 29 2.1425667
1686 53 2.3920224
1688 3 3.259701
1688 7 3.1485195
1688 12 3.479446
1688 17 2.5538335
1688 34 2.6733146
1689 3 3.4452379
1689 16 3.293871
1689 17 2.3492103
1689 25 2.2121274
1689 54 3.0315523
1696 4 2.8134925
1696 17 2.155013
1696 27 3.2537909
1696 41 1.880099
1696 95 1.4278121
1701 9 3.080165
1701 15 2.78949
1701 20 3.2581637
1701 35 2.361579
1701 49 2.4323356
1715 6 2.829412
1715 16 3.1299047
1715 17 2.4573197
1715 33 2.5304835
1715 73 2.22347
1729 1 3.1392546
1729 16 3.153785
1729 18 1.9005506
1729 24 2.2593868
1729 32 2.4744198
1735 1 3.4922626
1735 8 2.842082
1735 15 3.099845
1735 25 2.3587332
1735 38 3.6409674
1748 4 2.5744584
1748 6 2.330904
1748 7 2.9393017
1748 17 2.0925512
1748 57 1.6848062
1758 3 3.2921078
1758 11 2.642086
1758 18 1.6214416
1758 28 2.8105624
1758 67 1.9471074
1762 5 2.995798
1762 7 3.3171046
1762 12 3.3074045
1762 24 2.3549979
1762 39 2.8634894
1767 15 2.8616507
1767 21 3.262536
1767 24 2.517989
1767 38 3.5272975
1767 66 2.8758132
1769 8 2.6975663
1769 16 3.2042742
1769 20 3.691466
1769 29 2.2417552
1769 39 2.3976884
1778 12 3.2908745
1778 23 3.0191405
1778 25 2.0199406
1778 40 2.3692021
1778 53 2.158072
1785 2 3.3550317
1785 5 3.2036917
1785 12 3.672334
1785 16 3.4875188
1785 39 2.3195283
1786 1 3.478474
1786 14 2.83098
1786 15 3.1107006
1786 18 2.066496
1786 30 2.6160738
1789 9 3.8323765
1789 18 2.39956
1789 19 2.7819395
1789 32 3.210801
1789 67 2.788632
1793 1 2.9882743
1793 10 3.0689638
1793 20 3.452175
1793 44 2.8006272
1793 53 1.7343183
1795 3 3.0184367
1795 5 2.1290717
1795 7 2.7189212
1795 13 1.9584432
1795 35 1.8686788
1797 2 2.65552
1797 10 2.8318598
1797 11 2.3821888
1797 15 2.467033
1797 32 2.0970564
1799 1 2.9970288
1799 6 2.6564915
1799 13 1.8814237
1799 27 2.8125598
1799 63 2.1151338
1800 3 3.3631072
1800 9 3.402339
1800 11 2.8923218
1800 15 2.5382667
1800 41 2.1181707
1805 1 3.0552568
1805 4 2.9267554
1805 9 3.7833483
1805 16 3.3257434
1805 42 3.156628
1811 2 2.4558017
1811 6 1.8106624
1811 7 2.3254445
1811 13 1.534626
1811 24 1.4425508
1827 8 3.0666206
1827 10 3.176085
1827 15 2.526578
1827 22 2.5666795
1827 41 1.9509305
1832 2 3.3700347
1832 18 2.1227546
1832 21 3.39504
1832 26 3.2375433
1832 42 3.355144
1839 1 3.136075
1839 10 3.0218465
1839 22 2.942611
1839 30 2.1376307
1839 88 2.8002565
1843 1 3.2383976
1843 5 3.1056876
1843 14 3.030847
1843 23 3.532647
1843 35 2.6755085
1844 1 3.174355
1844 7 3.0730543
1844 16 3.3010936
1844 29 2.0988212
1844 57 2.0254521
1848 1 3.079883
1848 11 2.7052288
1848 13 2.5552893
1848 23 2.8992925
1848 31 2.4831865
1849 4 3.0825987
1849 6 2.9326963
1849 7 2.5144203
1849 21 3.173637
1849 28 3.0201733
1851 8 3.28901
1851 12 3.265672
1851 13 2.4086673
1851 22 2.956319
1851 69 2.4121468
1853 1 3.1551664
1853 6 2.7061982
1853 10 3.3804984
1853 12 3.0548918
1853 30 2.3888528
1854 1 3.5380285
1854 4 3.0971985
1854 9 3.6817153
1854 32 3.2189102
1854 43 2.2979803
1855 4 2.8903036
1855 14 3.273535
1855 16 3.3531911
1855 23 3.195937
1855 88 2.252173
1862 3 3.8101664
1862 7 3.4348679
1862 12 3.5801885
1862 23 3.6656134
1862 40 2.892397
1863 6 2.575238
1863 20 3.4956582
1863 31 2.3719623
1863 50 1.8687192
1863 59 2.0036378
1865 3 3.3407414
1865 12 2.9478898
1865 14 2.706937
1865 27 2.9107213
1865 55 2.2242084
1869 2 3.0499957
1869 10 3.0790362
1869 18 1.5649103
1869 27 3.185824
1869 47 2.299682
1871 4 2.9585605
1871 16 3.115974
1871 27 2.8202724
1871 34 1.9966661
1871 70 2.2034495
1883 3 3.4565334
1883 6 2.6458738
1883 8 2.809083
1883 11 3.120687
1883 52 2.118037
1894 2 3.2966926
1894 6 3.326674
1894 21 3.501994
1894 31 3.0019026
1894 52 2.4193096
1900 3 3.443038
1900 11 3.322608
1900 22 2.62888
1900 28 2.8298154
1900 74 2.948123
1902 1 2.8676405
1902 9 3.1190088
1902 10 2.8999636
1902 16 3.0936213
1902 52 1.8133924
1915 5 2.9527986
1915 11 3.2927656
1915 16 3.463421
1915 27 3.5124354
1915 38 3.5083096
1919 8 2.9346793
1919 19 2.7072027
1919 20 3.7637184
1919 31 2.598946
1919 47 2.7010207
1922 4 2.869855
1922 11 2.9672613
1922 12 3.1331758
1922 31 2.4437037
1922 73 2.7114015
1926 1 3.070385
1926 5 2.8267603
1926 7 3.2226238
1926 11 2.7299972
1926 37 2.8117065
1933 2 2.7433605
1933 9 3.4898472
1933 12 2.694681
1933 28 2.560451
1933 53 1.9376808
1964 5 2.1258714
1964 8 2.6897295
1964 16 3.115946
1964 23 2.8604543
1964 54 3.2643409
1968 1 3.1478362
1968 5 2.7357647
1968 9 3.4609575
1968 23 3.5107944
1968 67 2.2827446
1971 2 3.0622532
1971 11 3.0123284
1971 12 2.8387604
1971 25 2.410128
1971 45 2.3859572
1974 2 2.6700401
1974 7 2.528667
1974 9 2.7976413
1974 22 2.357013
1974 45 2.3378103
1977 1 3.2145886
1977 11 2.9520786
1977 15 2.850024
1977 22 2.9210763
1977 29 2.317541
1979 3 3.1282806
1979 17 2.0756605
1979 21 2.8777664
1979 30 2.2254255
1979 36 2.0723617
1981 3 2.8943295
1981 10 2.4684424
1981 11 2.119145
1981 13 1.5584228
1981 38 2.7496347
1985 2 3.0454252
1985 5 2.6382208
1985 6 2.6714017
1985 12 3.1767683
1985 28 2.8120337
1988 2 3.0937517
1988 5 2.3815663
1988 6 3.1843584
1988 10 3.5747552
1988 32 2.8150945
1990 9 3.423931
1990 19 2.085203
1990 22 2.7505434
1990 34 2.2666829
1990 58 2.8300953
1991 1 2.8083863
1991 5 2.2223253
1991 32 2.429494
1991 37 2.620078
1991 65 2.002611
1992 1 2.9771361
1992 14 2.4781177
1992 19 2.0034087
1992 25 1.8397216
1992 52 1.995429
1998 3 3.4193811
1998 10 3.4553068
1998 20 3.6655817
1998 25 2.188727
1998 77 3.223229
1999 1 3.4977272
1999 5 2.4190292
1999 7 2.6542685
1999 17 2.2909555
1999 24 2.4715586
2039 3 3.3904564
2039 7 3.0721915
2039 18 2.0174987
2039 26 2.6387157
2039 49 2.5475025
2040 2 2.9631937
2040 9 3.7786365
2040 15 2.7374856
2040 25 2.3215878
2040 39 2.6873693
2041 5 2.202753
2041 12 2.8351412
2041 16 3.0884352
2041 19 1.9446665
2041 37 2.5690808
2043 3 3.253019
2043 12 3.1083097
2043 14 2.590842
2043 30 2.5218623
2043 47 2.3930488
2045 3 3.3708165
2045 9 3.242488
2045 19 2.2455292
2045 21 2.9661002
2045 34 2.1709023
2048 5 2.8791232
2048 11 3.1575022
2048 17 2.376519
2048 29 2.353475
2048 52 2.3718057
2061 2 2.8501303
2061 5 2.7853642
2061 8 3.1845412
2061 18 2.1118007
2061 45 2.68408
2064 2 3.4382844
2064 10 3.7559195
2064 25 2.4507153
2064 27 3.592317
2064 64 2.5405254
2075 3 3.4367356
2075 10 3.3359003
2075 12 3.3847492
2075 39 2.784943
2075 63 2.412192
2077 9 3.35318
2077 14 2.747838
2077 16 2.78728
2077 21 3.0247033
2077 40 2.2354276
2090 3 2.6612856
2090 8 2.169819
2090 9 2.7257235
2090 12 2.5605156
2090 45 2.0775983
2095 1 3.3357637
2095 7 2.855848
2095 10 3.3574336
2095 16 3.1305525
2095 36 1.9693811
2097 1 3.1097198
2097 5 2.4480743
2097 11 2.688582
2097 21 2.98202
2097 60 1.614441
2107 1 2.839605
2107 8 2.4888587
2107 9 3.3745952
2107 11 2.7053928
2107 38 3.148318
2121 7 3.3620858
2121 17 2.6847641
2121 22 3.2255735
2121 29 2.5205994
2121 51 3.0115678
2123 3 3.290386
2123 10 3.318908
2123 18 2.083451
2123 24 2.1746562
2123 46 2.77968
2130 1 3.5734782
2130 16 3.4977264
2130 19 2.7408228
2130 26 3.1865458
2130 41 2.465436
2145 4 2.7451499
2145 17 1.9901842
2145 20 3.582848
2145 36 1.9403306
2145 57 1.679691
2153 1 3.478909
2153 10 3.7081761
2153 12 3.3660038
2153 16 3.3580997
2153 34 2.0818543
2156 1 3.0302348
2156 4 2.969404
2156 5 2.7539196
2156 10 3.3838801
2156 22 2.92765
2164 7 2.7515514
2164 16 3.0613475
2164 24 2.1435044
2164 30 2.1625082
2164 48 3.0933335
2165 13 2.0231082
2165 26 2.8050652
2165 30 2.4149153
2165 49 2.0857146
2165 61 1.6607819
2166 3 3.8501716
2166 9 3.9346175
2166 11 3.556797
2166 18 2.501801
2166 30 2.9473162
2169 8 2.6438289
2169 10 3.0167913
2169 11 2.7102237
2169 20 3.5895886
2169 51 2.3112998
2172 5 2.0337696
2172 10 3.2542944
2172 15 2.6037698
2172 23 3.1151328
2172 42 3.0156322
2177 1 3.1233418
2177 15 2.4832997
2177 21 3.2534127
2177 26 2.5192893
2177 37 2.8708847
2183 3 3.2412672
2183 16 2.913541
2183 22 2.9096751
2183 31 2.2309003
2183 67 2.039244
2190 1 3.4198484
2190 9 3.585152
2190 12 3.2193956
2190 22 2.822833
2190 48 3.2787738
2195 5 1.901205
2195 8 2.7502952
2195 9 3.4348829
2195 17 1.9594631
2195 39 1.9924282
2202 9 3.4596832
2202 16 3.1546936
2202 18 1.6588467
2202 30 2.4389422
2202 70 1.5415298
2211 7 2.6600544
2211 12 3.2123256
2211 15 2.6161451
2211 25 1.74383
2211 37 2.5707028
2215 1 3.4201734
2215 7 3.5956957
2215 10 3.669006
2215 13 2.8802593
2215 26 3.2301195
2216 4 3.3982182
2216 7 3.4346678
2216 8 3.2860346
2216 52 2.764494
2216 74 3.2483292
2223 1 3.1002507
2223 18 2.0963037
2223 19 2.5971372
2223 32 2.6117558
2223 54 2.7064083
2229 1 2.9457238
2229 6 2.6792114
2229 7 2.7078946
2229 30 1.9286283
2229 49 2.1095934
2236 3 3.3388343
2236 7 2.7736306
2236 11 2.974467
2236 13 2.7198262
2236 43 1.9814801
2241 4 3.40374
2241 13 2.6161122
2241 15 3.005465
2241 19 2.522689
2241 34 2.544797
2245 1 2.8204892
2245 7 2.8614507
2245 13 1.9126898
2245 23 3.0471308
2245 71 2.1777427
2260 1 3.1300364
2260 6 2.8753004
2260 7 3.2684908
2260 13 2.7227077
2260 26 2.7770102
2262 4 2.6854174
2262 18 1.9755926
2262 32 2.7258823
2262 40 2.5948496
2262 58 2.5886858
2267 2 2.3377597
2267 5 1.8761489
2267 10 2.6960607
2267 40 1.7591528
2267 55 1.9642122
2273 1 3.5784185
2273 4 3.1533043
2273 6 2.814405
2273 10 3.366291
2273 45 2.7581286
2284 6 2.8154278
2284 9 3.4537597
2284 10 3.2655115
2284 21 3.2860684
2284 47 2.4527779
2285 2 3.0705042
2285 5 2.6480823
2285 7 3.1876833
2285 10 3.5669446
2285 67 2.448402
2287 1 2.5627718
2287 9 3.200944
2287 12 2.60075
2287 14 2.7171936
2287 44 2.578343
2298 1 3.548246
2298 4 3.3544168
2298 12 3.34363
2298 20 3.6491466
2298 32 2.9190748
2301 5 2.7295547
2301 9 3.5274732
2301 11 3.092363
2301 28 3.223117
2301 32 2.7153463
2309 10 3.369705
2309 14 3.220272
2309 17 2.1082206
2309 26 2.9697344
2309 31 2.4760814
2311 6 2.4460797
2311 11 2.8757212
2311 15 2.258032
2311 26 2.8466485
2311 67 1.8164732
2312 1 3.070773
2312 12 2.6480515
2312 16 2.9587574
2312 30 2.2327595
2312 38 2.8656986
2313 6 2.7953126
2313 11 3.3554244
2313 13 2.101919
2313 43 2.1634576
2313 50 2.1175501
2344 2 2.8824296
2344 10 3.5638216
2344 23 3.3687387
2344 27 3.1861813
2344 47 2.4110975
2345 2 2.7771723
2345 7 2.6773856
2345 10 3.0255806
2345 13 2.3404331
2345 60 1.5870068
2346 2 3.2043009
2346 5 2.7329314
2346 13 2.3485518
2346 20 3.7231145
2346 46 2.8528857
2352 4 3.4110801
2352 15 3.1557798
2352 23 3.6064734
2352 38 3.6955986
2352 67 3.0175147
2353 3 3.3280416
2353 7 2.7897964
2353 11 3.219504
2353 17 2.271628
2353 35 2.6939402
2356 2 2.603149
2356 8 2.1838288
2356 12 2.4121625
2356 18 1.4701567
2356 45 1.8506218
2357 2 2.8949795
2357 10 3.2182448
2357 12 2.9166074
2357 17 1.8870466
2357 40 2.369161
2358 1 3.0552752
2358 5 2.5675092
2358 8 2.4127343
2358 34 2.218389
2358 78 1.8632581
2359 1 3.1685953
2359 7 2.6341758
2359 23 3.2270281
2359 31 2.4451175
2359 75 2.8897896
2364 2 2.999478
2364 5 2.4982142
2364 18 1.8669559
2364 22 2.7013636
2364 73 2.8881788
2368 3 3.1279144
2368 15 2.199776
2368 21 2.7872782
2368 28 2.6370692
2368 45 2.2339423
2372 1 3.49469
2372 4 3.2162771
2372 7 3.252727
2372 10 3.570117
2372 37 3.071845
2373 2 3.0575984
2373 4 3.3197718
2373 14 2.9344628
2373 21 3.2323892
2373 50 2.2649667
2393 1 3.3828616
2393 7 3.387092
2393 11 3.4713998
2393 18 2.20593
2393 32 2.936386
2395 3 3.7129846
2395 5 2.7614746
2395 7 3.0834808
2395 34 2.694569
2395 80 3.5751429
2406 4 3.1448352
2406 8 2.9741948
2406 19 2.548548
2406 23 3.3699822
2406 76 2.6902668
2416 3 3.4438663
2416 6 2.8947282
2416 7 3.061356
2416 11 3.104829
2416 27 3.1511114
2418 6 2.8241544
2418 8 2.682406
2418 12 3.2671287
2418 14 3.2935448
2418 26 3.074872
2420 8 2.82566
2420 20 3.4556832
2420 24 1.9819068
2420 39 2.4352431
2420 50 2.069829
2431 2 3.2417314
2431 4 2.8900557
2431 9 3.7157974
2431 11 3.0235553
2431 26 2.9404397
2441 2 3.0103867
2441 10 3.02724
2441 15 2.4735067
2441 32 2.6782198
2441 37 2.9465945
2444 2 3.5786564
2444 11 3.585271
2444 12 3.6486673
2444 22 3.3668344
2444 49 3.0510767
2447 3 3.4840252
2447 13 2.190133
2447 15 2.64124
2447 35 2.5728736
2447 96 2.484397
2448 7 3.2933605
2448 15 2.8391886
2448 21 3.076508
2448 29 1.9685199
2448 42 3.1739824
2463 1 3.3186882
2463 15 2.673806
2463 18 2.0202901
2463 22 2.6996243
2463 47 2.2318213
2464 3 3.097024
2464 10 2.8735983
2464 16 3.077211
2464 18 1.4821652
2464 50 1.6028308
2472 1 2.7690344
2472 6 2.4248197
2472 15 2.2411015
2472 21 2.9088333
2472 47 2.2338321
2480 5 2.95783
2480 11 3.7238579
2480 13 2.8335257
2480 21 3.1761234
2480 32 3.0589056
2489 1 3.169865
2489 13 2.1431837
2489 14 2.7430315
2489 24 2.0208676
2489 54 3.1017017
2492 5 3.0611432
2492 8 2.9256377
2492 9 3.689095
2492 17 2.3792417
2492 55 2.7985783
2501 2 2.6962628
2501 21 2.7896621
2501 24 2.1871889
2501 29 1.519705
2501 58 2.5417783
2502 2 2.8407032
2502 8 2.6001575
2502 10 3.046341
2502 26 2.4497628
2502 57 1.7281829
2512 1 3.3464603
2512 6 2.6312852
2512 8 2.5959046
2512 16 2.9770403
2512 28 2.8233356
2515 2 3.5015247
2515 7 3.426215
2515 15 3.1501138
2515 22 3.2897027
2515 63 2.9706464
2517 1 3.4039824
2517 7 3.0591636
2517 13 2.3033252
2517 21 3.2153792
2517 66 2.8577313
2520 4 2.9055173
2520 9 3.8812673
2520 30 2.3687813
2520 34 2.6459591
2520 55 2.7408729
2531 2 2.9242642
2531 7 2.9317393
2531 8 2.9647772
2531 10 3.4429884
2531 33 2.2802587
2543 2 3.2815382
2543 9 3.9451706
2543 11 3.4766488
2543 22 3.0005426
2543 39 2.6895278
2544 5 2.442478
2544 9 3.5914576
2544 11 3.5730586
2544 14 3.168583
2544 20 3.7409062
2550 1 2.9255676
2550 19 2.145785
2550 25 1.7900417
2550 31 2.250864
2550 65 1.433915
2552 1 3.189307
2552 5 2.4360652
2552 6 2.7042613
2552 25 2.2127235
2552 55 2.727254
2554 1 3.2554832
2554 5 2.5976758
2554 15 2.4434042
2554 27 3.3139703
2554 45 2.6751575
2558 9 3.7564003
2558 22 3.1291323
2558 24 2.4308007
2558 38 3.716803
2558 75 2.396706
2561 6 2.8185885
2561 13 2.3653896
2561 15 2.9286342
2561 22 2.6915524
2561 39 2.1549063
2570 2 2.3342583
2570 10 2.9120083
2570 23 2.7539442
2570 32 2.175105
2570 62 2.7138216
2576 1 3.278857
2576 11 2.8493428
2576 12 3.1228535
2576 23 2.918533
2576 76 2.5053792
2582 2 3.2615428
2582 9 3.8680706
2582 11 3.2806892
2582 19 2.8817596
2582 29 2.2660153
2589 1 3.3367329
2589 13 2.2890635
2589 15 2.4919143
2589 19 2.2006705
2589 65 2.176763
2591 1 3.0045161
2591 11 2.8345556
2591 14 2.8054953
2591 35 2.3184984
2591 51 2.8662138
2593 9 3.5483084
2593 15 2.9402096
2593 21 3.622812
2593 28 3.0081692
2593 56 2.4266214
2594 2 2.8799174
2594 9 2.9930391
2594 17 2.414663
2594 37 2.9589653
2594 83 2.2833707
2602 4 2.8078437
2602 10 3.1392226
2602 16 2.4232094
2602 44 3.0891929
2602 77 2.304113
2614 3 3.3259943
2614 8 2.6809056
2614 16 2.8302584
2614 25 1.9682838
2614 49 2.3390553
2619 1 3.3933783
2619 11 3.0780718
2619 23 3.2720249
2619 25 2.2830343
2619 51 2.8686852
2620 2 3.3801858
2620 14 3.18705
2620 16 3.4900305
2620 24 2.6193
2620 30 2.8313189
2626 1 3.252864
2626 6 3.0237305
2626 7 3.0668292
2626 33 2.8355587
2626 50 2.0343666
2629 5 3.0980873
2629 9 3.7691836
2629 10 3.4070642
2629 15 2.8693357
2629 49 2.5423455
2631 1 3.0709386
2631 4 2.8598082
2631 7 2.7878857
2631 15 2.1088533
2631 40 2.2669468
2644 4 3.1980367
2644 10 3.31851
2644 12 3.294003
2644 18 2.4038363
2644 41 2.0315783
2647 1 3.1068969
2647 24 2.1796844
2647 29 1.7318388
2647 31 2.2171829
2647 46 2.8163412
2657 6 2.6434472
2657 12 2.9159057
2657 13 1.8411174
2657 24 2.0891812
2657 57 1.8630618
2658 1 3.2170615
2658 8 3.0071652
2658 13 2.2844102
2658 29 2.0483124
2658 34 2.198486
2659 2 2.9003198
2659 5 2.0105019
2659 15 2.3313272
2659 29 1.7315495
2659 57 1.7335929
2676 1 3.2136707
2676 3 3.2096815
2676 4 2.9958208
2676 13 2.306799
2676 32 2.6970878
2681 6 2.971969
2681 9 3.504874
2681 16 3.0248845
2681 24 2.1110046
2681 37 2.778901
2686 1 2.9366674
2686 6 2.3480394
2686 7 2.7194831
2686 13 2.362898
2686 32 2.81973
2690 3 3.6566024
2690 8 2.70815
2690 17 2.5774574
2690 21 3.2179458
2690 50 2.298385
2697 1 3.3337262
2697 6 2.830305
2697 11 3.0601416
2697 16 3.5353658
2697 59 2.5297415
2713 4 2.9347296
2713 6 2.4478555
2713 9 3.4980347
2713 12 3.09841
2713 30 2.2495713
2718 2 2.7362175
2718 11 2.9503043
2718 15 2.7332814
2718 21 3.283356
2718 43 2.2707672
2720 8 2.807385
2720 15 2.9320862
2720 23 3.223224
2720 34 2.676645
2720 61 2.31563
2723 1 3.1239216
2723 6 2.8178039
2723 13 1.9645474
2723 18 1.7808611
2723 47 2.6063392
2728 2 2.697005
2728 8 2.4778636
2728 14 2.8967376
2728 24 1.8405006
2728 40 2.1855257
2729 2 3.5400028
2729 6 3.2453632
2729 11 3.5466175
2729 19 2.8740005
2729 61 2.7249527
2731 5 2.5375793
2731 9 3.4667473
2731 13 2.213236
2731 16 3.2324176
2731 37 2.576949
2736 1 2.9767015
2736 20 3.0894063
2736 24 1.6972969
2736 40 1.9971309
2736 60 1.3752806
2741 7 2.4740465
2741 14 2.541232
2741 15 2.2325506
2741 31 2.0738354
2741 47 2.2125068
2754 2 2.637823
2754 5 2.484638
2754 11 3.1449275
2754 16 2.864492
2754 60 1.6075838
2763 7 2.9842236
2763 22 3.1350722
2763 27 2.921984
2763 37 3.0552971
2763 48 3.2946634
2767 1 3.039809
2767 7 3.1951146
2767 8 2.6793435
2767 14 2.9391534
2767 32 2.7334754
2771 2 2.7846563
2771 10 3.1646671
2771 21 2.7009618
2771 30 2.2660801
2771 49 1.8113834
2775 5 2.7193344
2775 10 3.6134155
2775 11 2.9953191
2775 29 2.3091655
2775 40 2.5810256
2776 6 2.6874409
2776 16 3.184001
2776 22 2.8579571
2776 28 2.8927937
2776 48 3.324861
2781 4 2.7553213
2781 8 2.8034081
2781 9 3.0529437
2781 11 2.6457255
2781 49 2.0533054
2788 4 3.1094494
2788 7 3.4752781
2788 8 3.084802
2788 17 2.3356411
2788 24 2.7315927
2799 2 3.1028843
2799 8 2.9783416
2799 11 3.1027565
2799 27 3.552835
2799 51 2.6617997
2809 1 3.3112402
2809 3 3.435167
2809 4 3.020567
2809 10 3.3520975
2809 61 2.2904267
2811 1 3.1923413
2811 8 2.5963461
2811 13 2.76346
2811 26 2.7399354
2811 53 2.3562589
2824 1 3.2504456
2824 9 3.5740693
2824 11 3.1104648
2824 16 3.5474973
2824 65 2.8198528
2829 1 3.1756897
2829 5 2.5856621
2829 7 2.5403829
2829 22 2.5850565
2829 41 1.9597054
2839 2 2.9237823
2839 10 3.1331065
2839 12 3.2716727
2839 18 1.9867308
2839 39 2.5970862
2846 7 3.4980388
2846 13 2.4959455
2846 14 3.2873747
2846 22 3.2896438
2846 48 3.4903843
2850 1 3.181968
2850 13 2.5728176
2850 17 2.6433423
2850 24 2.8083034
2850 52 2.4080005
2851 2 2.7504659
2851 4 2.4820735
2851 9 3.2150116
2851 17 1.982843
2851 53 1.9806067
2852 4 2.0971234
2852 11 2.5661888
2852 17 1.7823702
2852 20 2.6100335
2852 24 1.4540488
2856 7 2.8275027
2856 17 1.982008
2856 33 2.36616
2856 37 2.5070765
2856 55 2.5898116
2861 2 3.0232852
2861 8 2.7829528
2861 10 3.0097277
2861 26 2.6633253
2861 64 1.9042864
2864 3 3.8496926
2864 6 3.2274544
2864 17 2.5480716
2864 22 2.974635
2864 40 2.416891
2870 8 3.0296133
2870 17 2.3085508
2870 18 1.8146896
2870 23 3.487168
2870 56 2.3510163
2873 3 2.974295
2873 9 3.1611965
2873 10 3.2806137
2873 15 2.5439994
2873 49 2.452139
2876 1 3.1382904
2876 7 2.5644789
2876 8 2.5646703
2876 27 2.9337416
2876 55 2.1027682
2877 4 2.8238645
2877 7 3.0436215
2877 10 3.3096194
2877 14 3.2402902
2877 35 2.6049104
2883 1 3.3915524
2883 5 3.0060365
2883 8 2.8519258
2883 10 3.43793
2883 49 2.8491347
2886 3 3.3443296
2886 11 2.960188
2886 12 3.2235613
2886 27 3.4029126
2886 48 3.4471188
2887 2 3.408573
2887 8 2.884475
2887 9 3.706865
2887 11 3.533329
2887 54 3.3330636
2889 4 3.0767307
2889 7 2.6930707
2889 13 2.2769089
2889 18 2.104313
2889 31 2.5643682
2892 11 3.338535
2892 21 3.3373277
2892 26 2.8970935
2892 33 2.7698042
2892 49 2.7698596
2893 2 2.9659593
2893 4 3.1542592
2893 8 2.994909
2893 12 3.2096272
2893 37 2.7651772
2905 1 3.2020218
2905 15 2.6744316
2905 17 2.2347937
2905 34 2.1648698
2905 60 1.7591039
2906 4 2.8822827
2906 10 3.2412336
2906 12 3.0780828
2906 33 2.483036
2906 54 3.3764367
2915 2 3.0538971
2915 8 2.6088338
2915 9 3.5851634
2915 16 3.2846723
2915 50 1.9016081
2919 2 2.4238935
2919 9 3.1624956
2919 13 2.0739043
2919 38 3.2944238
2919 62 2.76015
2921 2 2.8946557
2921 8 3.132574
2921 15 2.5407526
2921 25 1.9860679
2921 77 2.9201324
2924 5 2.7974617
2924 16 3.1944091
2924 17 1.9881812
2924 20 3.5218642
2924 36 2.1077082
2929 1 3.2562532
2929 5 2.4208055
2929 6 2.7700188
2929 23 3.2655678
2929 52 2.3192818
2931 1 3.175823
2931 5 2.7390938
2931 7 2.878904
2931 52 2.5718298
2931 62 3.3562946
2933 3 3.2700968
2933 9 3.7752686
2933 11 3.3273335
2933 30 2.4382815
2933 61 2.2003236
2935 3 3.1199965
2935 10 3.167571
2935 12 2.9927762
2935 25 2.0849152
2935 74 2.8158493
2937 1 3.49273
2937 3 3.5346544
2937 6 2.519577
2937 17 2.055192
2937 68 2.4156814
2940 3 3.4045177
2940 18 2.3573961
2940 29 2.5244973
2940 33 2.671118
2940 50 2.3624754
2941 1 3.4716156
2941 16 3.269726
2941 17 2.2220426
2941 34 2.450931
2941 42 3.2486966
2945 1 3.4926503
2945 8 2.8762903
2945 9 3.5901604
2945 27 3.2300887
2945 52 2.2625623
2950 4 2.487814
2950 13 2.2001572
2950 14 2.414476
2950 21 2.8268192
2950 65 1.5900564
2958 1 3.0505002
2958 5 1.9054458
2958 6 2.4785254
2958 10 3.1999323
2958 36 1.9218988
2966 2 3.2077131
2966 7 3.1324034
2966 9 3.5921478
2966 26 2.987434
2966 56 2.4392807
2973 7 3.2053668
2973 15 2.929093
2973 17 2.464533
2973 28 3.0226152
2973 49 2.69184
2979 1 3.3421147
2979 18 2.0049634
2979 26 3.0195835
2979 40 2.4428132
2979 72 2.8698537
2989 1 3.4082005
2989 8 3.0838685
2989 18 1.9055533
2989 23 3.2694783
2989 51 2.809376
2991 2 3.283748
2991 6 3.1501875
2991 11 3.4973016
2991 14 3.2247157
2991 30 2.7234097
2993 1 2.452273
2993 14 2.2713852
2993 20 2.7607534
2993 36 1.2584901
2993 62 2.3472908
2998 2 3.0027585
2998 8 2.8449173
2998 14 2.4133334
2998 28 2.772209
2998 63 2.0015056
3002 4 3.4639063
3002 8 3.3517227
3002 10 3.8177457
3002 19 2.9096632
3002 50 2.6066456
3005 1 3.3442366
3005 8 2.9166257
3005 10 3.3022974
3005 22 2.8966548
3005 51 2.701396
3012 2 2.9786756
3012 10 3.0019605
3012 16 3.069775
3012 28 2.7597861
3012 65 2.0864937
3019 3 3.4522698
3019 5 2.3485622
3019 7 2.7178211
3019 14 2.8676515
3019 53 1.6830254
3022 3 3.4431596
3022 10 3.293855
3022 16 3.0796769
3022 28 2.6473465
3022 84 2.4706023
3029 2 3.090171
3029 10 3.5587273
3029 19 2.3175151
3029 25 2.2048662
3029 50 2.1705968
3036 1 3.0501885
3036 7 2.6968615
3036 8 2.327071
3036 19 2.3624234
3036 50 1.7291696
3038 9 3.7454882
3038 15 2.8715146
3038 16 3.226119
3038 23 3.241051
3038 35 2.6361725
3039 4 3.071966
3039 7 2.759883
3039 9 3.6629455
3039 11 3.3272126
3039 80 3.1238537
3040 2 3.1575158
3040 10 3.3796005
3040 12 3.0605605
3040 23 3.3210773
3040 29 2.4573302
3044 5 2.319316
3044 9 3.3941693
3044 17 2.1921804
3044 26 2.6038725
3044 58 2.9503977
3046 1 3.2710776
3046 7 3.1853445
3046 11 3.0739095
3046 26 3.0595834
3046 42 3.2796795
3047 1 3.0195327
3047 6 2.5722098
3047 9 3.4669142
3047 35 2.8916087
3047 63 2.2155182
3050 1 3.1657255
3050 9 3.7195888
3050 19 2.4241984
3050 21 3.237923
3050 31 2.4323597
3054 4 2.6867301
3054 8 2.7461777
3054 16 3.1788418
3054 21 2.958926
3054 70 1.9516933
3057 3 3.0908074
3057 15 1.9763027
3057 18 1.6283628
3057 25 1.8367972
3057 69 1.6479905
3067 1 3.1963043
3067 4 2.6372259
3067 5 2.6761062
3067 21 3.0106118
3067 60 1.7134439
3069 1 3.3160625
3069 6 2.929
3069 11 2.9291983
3069 29 2.0986588
3069 60 1.845145
3074 2 3.35623
3074 11 3.5030565
3074 14 3.1126053
3074 26 3.1519608
3074 75 2.6480272
3077 4 3.202783
3077 9 3.956634
3077 13 2.5962281
3077 16 3.4089236
3077 47 2.915549
3086 2 3.0760431
3086 15 2.318393
3086 22 2.9340198
3086 29 1.9267118
3086 45 2.6570432
3093 6 2.6114337
3093 14 2.9436934
3093 21 3.1465025
3093 24 2.5790138
3093 52 2.1704519
3103 1 3.5934377
3103 6 3.1321447
3103 8 3.2028413
3103 17 2.6741529
3103 24 2.7317116
3104 6 2.4335957
3104 9 2.9155352
3104 10 2.8443758
3104 25 1.5264243
3104 61 1.6065222
3106 10 3.3294477
3106 16 3.0474315
3106 23 3.14887
3106 34 2.049162
3106 65 1.8767154
3117 5 2.2398412
3117 13 1.9948438
3117 18 1.7155961
3117 23 3.0012393
3117 95 1.8854045
3127 5 1.4280795
3127 11 2.4752448
3127 16 2.1521146
3127 18 1.2573365
3127 52 1.7542986
3154 1 3.3374782
3154 4 2.951471
3154 8 2.8747885
3154 15 2.6385472
3154 43 2.2960463
3161 1 3.0038614
3161 12 2.9655163
3161 15 2.2817721
3161 19 2.3624628
3161 87 1.7938147
3162 1 3.571536
3162 8 2.9429102
3162 9 3.5593507
3162 16 3.1709602
3162 54 3.1225145
3166 6 2.579693
3166 12 2.9671457
3166 31 2.2830417
3166 35 2.4157546
3166 84 1.3986957
3170 1 2.9216948
3170 3 3.4280667
3170 8 2.6778092
3170 18 2.043028
3170 33 2.227685
3172 2 3.0582829
3172 21 3.130187
3172 23 3.14006
3172 42 3.3430088
3172 72 2.3580408
3173 4 2.0711992
3173 9 3.0563982
3173 13 2.0100741
3173 43 1.5455407
3173 75 1.9911555
3175 1 2.238314
3175 7 2.1288896
3175 13 1.0532396
3175 15 1.8666004
3175 66 1.9208663
3177 1 3.5537288
3177 3 3.67378
3177 7 3.066143
3177 15 2.7350452
3177 38 3.6203706
3178 2 2.8957038
3178 6 2.6224997
3178 18 1.6794522
3178 24 2.1660104
3178 51 2.6095285
3185 3 3.1740258
3185 5 1.9270928
3185 8 2.40317
3185 28 2.505244
3185 65 1.7165904
3187 6 2.492644
3187 9 3.476396
3187 10 3.3022404
3187 25 2.194585
3187 41 1.6742623
3201 1 3.6498518
3201 5 3.0606437
3201 13 2.5793068
3201 24 2.6772146
3201 36 2.1041994
3203 2 3.3887541
3203 17 2.3190742
3203 19 2.504564
3203 25 2.45747
3203 72 2.8092535
3204 1 2.748288
3204 7 2.8981698
3204 13 1.8815467
3204 26 2.584506
3204 52 1.7708278
3209 3 3.5511522
3209 7 2.488702
3209 8 2.8192723
3209 38 3.4933243
3209 60 1.621916
3212 8 2.7966118
3212 15 2.9070916
3212 25 2.146893
3212 36 2.2155147
3212 67 2.6272879
3217 6 2.496123
3217 17 1.9457914
3217 34 1.9035848
3217 48 3.1532578
3217 77 3.1004837
3223 5 2.2645078
3223 7 2.5739677
3223 9 3.3354394
3223 13 2.3916245
3223 27 3.2267044
3230 1 3.2989945
3230 16 3.1960974
3230 22 2.822145
3230 28 2.8322403
3230 58 2.8655958
3234 2 2.9879165
3234 12 3.129048
3234 18 1.5980097
3234 22 2.9930987
3234 51 2.3521094
3236 1 3.0016847
3236 12 2.9838061
3236 17 2.19117
3236 38 3.541098
3236 55 2.4687545
3242 6 2.8018947
3242 11 3.3442216
3242 15 2.8630896
3242 32 2.911664
3242 40 2.726863
3250 4 2.869984
3250 22 3.018012
3250 28 3.1235955
3250 33 2.3471346
3250 80 3.0677333
3252 1 3.4721737
3252 4 3.1646473
3252 5 2.7019048
3252 14 3.5556464
3252 33 2.6064067
3254 6 2.855325
3254 11 3.220582
3254 13 2.466099
3254 21 3.126418
3254 64 2.4767756
3258 4 2.8820632
3258 7 3.138921
3258 8 2.9569032
3258 12 3.4607205
3258 36 2.8012445
3261 4 3.2657585
3261 17 2.675148
3261 20 3.769666
3261 22 2.8892403
3261 42 3.6330552
3262 3 3.1614826
3262 9 3.2901695
3262 10 3.1392019
3262 22 2.734135
3262 81 2.2371159
3268 2 2.8771968
3268 11 3.0487225
3268 13 2.3267725
3268 28 2.6680782
3268 78 1.6380131
3271 2 3.131909
3271 9 3.3873985
3271 13 2.6749854
3271 28 2.8692577
3271 50 1.9067944
3282 2 3.5219948
3282 9 3.9064295
3282 14 3.4551582
3282 30 2.9191284
3282 42 3.5747952
3283 5 2.280523
3283 12 3.3582375
3283 14 3.200835
3283 20 3.6401873
3283 46 2.8908434
3302 4 3.0016482
3302 11 2.7788842
3302 14 3.3305752
3302 23 3.0672672
3302 68 2.221303
3305 6 2.4757607
3305 10 3.0087936
3305 12 2.869428
3305 19 2.2066517
3305 33 2.3104525
3306 5 3.0476837
3306 14 3.2848918
3306 22 3.0404193
3306 40 2.925393
3306 63 2.7870927
3308 1 3.2971318
3308 17 2.3299837
3308 19 2.679693
3308 22 3.0468245
3308 39 2.7942233
3313 4 2.8374012
3313 9 3.6891963
3313 12 3.2154102
3313 18 1.7957318
3313 60 1.774662
3315 6 2.8924806
3315 11 3.369531
3315 22 2.635555
3315 30 2.5057118
3315 60 1.6849759
3329 1 3.447209
3329 7 3.5700102
3329 15 3.1007712
3329 24 2.605119
3329 50 2.2469695
3330 1 3.114657
3330 6 1.8956645
3330 10 3.1106544
3330 30 2.0450222
3330 57 1.8581414
3336 4 2.7892935
3336 19 2.1934624
3336 21 3.2463596
3336 28 2.5697477
3336 53 1.9833623
3344 2 3.1858377
3344 7 2.746079
3344 11 3.1730428
3344 29 2.2197134
3344 57 2.4045703
3358 4 2.9495227
3358 15 2.5519524
3358 16 2.9790056
3358 18 2.0626535
3358 34 2.1529803
3361 2 3.0159233
3361 14 2.742658
3361 19 2.2678034
3361 25 2.3024921
3361 84 1.1721541
3362 2 3.5366836
3362 11 3.5432982
3362 14 3.4698472
3362 26 3.3164043
3362 36 2.7807536
3363 1 3.3364387
3363 8 2.5078783
3363 9 3.407339
3363 19 2.4436598
3363 25 2.035796
3366 6 2.7119977
3366 9 3.3973296
3366 12 3.0642872
3366 19 2.004003
3366 58 2.7082257
3377 1 3.2423983
3377 7 3.4820497
3377 14 3.441539
3377 22 3.2720923
3377 53 2.0977468
3380 2 2.9157321
3380 7 2.644257
3380 14 3.052865
3380 17 1.8225744
3380 50 1.6843457
3389 2 2.9017608
3389 5 2.4011226
3389 12 2.8806233
3389 27 2.8255713
3389 34 1.5986209
3391 2 3.4872563
3391 9 3.871691
3391 17 2.7346249
3391 24 2.7921836
3391 74 3.2256079
3393 1 3.1347911
3393 12 2.5389495
3393 15 2.5961192
3393 26 2.414145
3393 52 1.9299632
3394 1 3.1432145
3394 11 3.0283344
3394 17 2.2110806
3394 25 2.0309474
3394 32 3.0029263
3396 2 3.825139
3396 11 3.3430665
3396 25 2.58732
3396 32 3.2127156
3396 52 2.4154708
3401 2 3.2777812
3401 12 3.3410766
3401 15 2.9384017
3401 30 2.8412776
3401 42 3.5263114
3413 1 3.210901
3413 8 2.710757
3413 9 3.1712155
3413 12 3.2877123
3413 48 3.1673458
3415 1 2.5921345
3415 3 2.8293676
3415 5 2.2603047
3415 13 1.7749891
3415 48 2.6627579
3417 4 2.7792072
3417 14 3.0246644
3417 15 2.4714484
3417 21 3.3491774
3417 77 2.8385196
3418 4 2.6608403
3418 9 3.611168
3418 10 3.6902778
3418 16 3.4167783
3418 59 2.519352
3424 6 2.8095636
3424 10 3.2796335
3424 12 2.9495535
3424 23 2.8392034
3424 53 1.8655593
3425 3 3.0625734
3425 6 2.3168137
3425 17 2.1644013
3425 20 3.3678522
3425 57 1.510292
3429 3 3.7033737
3429 11 3.2007167
3429 13 2.371017
3429 16 3.418668
3429 22 3.2283607
3432 2 2.6858206
3432 11 2.7180266
3432 19 1.9639734
3432 38 2.9132547
3432 65 1.6850371
3433 1 3.0235393
3433 15 2.6636236
3433 17 2.1634758
3433 25 1.8193631
3433 44 2.8230267
3435 2 3.2392356
3435 24 2.513447
3435 26 2.942028
3435 36 2.3113666
3435 53 2.4016151
3437 8 1.9669528
3437 13 1.5739104
3437 15 2.1624656
3437 18 1.0
3437 38 2.5468216
3439 1 3.5780334
3439 4 3.4103718
3439 5 3.097174
3439 15 3.205596
3439 25 2.6003056
3452 2 3.2755966
3452 15 2.4673915
3452 17 2.2226443
3452 37 2.7846794
3452 58 2.8436809
3454 2 3.2193148
3454 7 2.6919656
3454 9 3.1105783
3454 18 1.6586145
3454 54 3.2799892
3456 4 3.079348
3456 9 3.3188174
3456 18 2.3004892
3456 28 2.8980212
3456 61 2.4497783
3459 2 2.6019456
3459 13 2.0362384
3459 14 2.631745
3459 20 3.2023952
3459 49 2.108663
3473 3 3.1263952
3473 11 2.8596458
3473 14 2.4063306
3473 26 2.6390562
3473 46 2.1939223
3476 17 2.1998346
3476 26 2.385498
3476 30 2.1392663
3476 32 2.5412042
3476 41 2.007466
3479 5 2.497655
3479 13 2.1324735
3479 19 2.4362812
3479 25 2.191444
3479 65 1.732601
3482 2 2.8167713
3482 7 3.0892246
3482 10 3.3319333
3482 48 3.4468298
3482 74 2.739202
3486 3 3.5470502
3486 8 2.5446687
3486 11 3.128317
3486 16 3.0782099
3486 69 2.2122092
3487 2 2.9016342
3487 6 2.7442915
3487 9 2.9192753
3487 12 3.0801704
3487 54 2.8797634
3494 4 2.7354772
3494 6 2.663273
3494 8 2.6509507
3494 23 3.1616237
3494 38 3.5834522
3495 1 3.1469383
3495 5 2.684949
3495 13 2.4816864
3495 24 2.1632924
3495 33 2.0144494
3503 3 3.2675786
3503 9 3.4991019
3503 12 2.9743536
3503 19 2.0965235
3503 46 2.5093796
3508 8 2.2483172
3508 12 2.3767555
3508 13 1.6228575
3508 21 2.577658
3508 51 2.0499735
3511 2 2.761939
3511 15 2.0939922
3511 17 2.0760305
3511 24 2.12257
3511 39 2.7600625
3515 7 2.784733
3515 14 2.841479
3515 18 1.748185
3515 21 2.901815
3515 46 2.5546868
3518 3 3.1429737
3518 8 2.3105927
3518 15 2.4275913
3518 19 2.1506343
3518 70 1.6454436
3519 1 2.7987316
3519 15 2.1438928
3519 16 2.7694151
3519 21 2.9697738
3519 63 2.0441966
3520 4 3.0759954
3520 9 3.9519827
3520 12 3.390649
3520 15 3.3037825
3520 41 2.414866
3523 2 3.1028204
3523 7 3.392663
3523 12 3.3059802
3523 26 3.002068
3523 86 1.2735131
3524 2 3.3353708
3524 16 3.6557996
3524 17 2.216124
3524 23 3.34017
3524 31 2.4791095
3526 4 2.7036903
3526 10 3.036396
3526 34 2.0900798
3526 40 2.0525227
3526 83 1.8289324
3527 2 3.3829656
3527 15 3.0668936
3527 20 3.652811
3527 46 3.1279685
3527 57 2.359219
3528 2 3.103028
3528 5 2.8445458
3528 8 3.0978851
3528 13 2.297062
3528 25 2.3489645
3531 4 2.1898456
3531 11 3.0306728
3531 12 2.9414966
3531 27 2.9388313
3531 50 1.853363
3541 6 2.431537
3541 44 2.7721198
3541 50 1.9125137
3541 59 2.1129975
3541 79 1.8641472
3543 4 2.9453673
3543 15 3.1271183
3543 23 3.5019493
3543 51 2.6817625
3543 76 2.5027127
3545 1 3.2092443
3545 6 2.6395698
3545 11 3.2377584
3545 26 2.7561634
3545 38 3.6831179
3551 1 2.760073
3551 4 2.2181814
3551 7 2.5702696
3551 14 2.4662812
3551 49 1.7640752
3553 6 3.0532887
3553 17 2.5952969
3553 18 2.2995465
3553 21 3.3974028
3553 33 2.6856968
3556 1 3.3354025
3556 4 2.9434464
3556 10 3.2815485
3556 20 3.4517515
3556 30 2.371475
3568 1 2.8534036
3568 12 2.6667721
3568 15 2.203473
3568 24 1.6996574
3568 41 1.5451453
3571 1 3.229652
3571 6 2.711144
3571 7 3.0407505
3571 16 3.0780714
3571 46 2.5920608
3575 5 2.3077202
3575 7 2.980793
3575 26 2.635839
3575 35 2.7059166
3575 68 2.5450823
3577 5 2.8053603
3577 7 2.8877854
3577 11 3.3199263
3577 16 3.2382414
3577 46 2.7081225
3593 1 3.3497434
3593 14 3.2442617
3593 20 3.5821507
3593 33 2.32826
3593 54 3.421429
3599 7 3.4118705
3599 12 3.493583
3599 15 2.9350362
3599 23 3.336156
3599 49 2.716741
3603 2 3.0829768
3603 16 3.2344735
3603 19 2.1412868
3603 25 2.2106733
3603 69 2.220452
3606 2 2.970374
3606 8 2.7081501
3606 11 3.1123836
3606 17 2.4066346
3606 28 3.1390233
3607 3 3.3860765
3607 9 3.4402046
3607 10 3.0292566
3607 16 3.022172
3607 43 1.7886487
3610 1 3.3349202
3610 9 3.858165
3610 13 2.7478526
3610 15 2.9540625
3610 31 2.6078901
3612 4 2.57878
3612 7 3.1687596
3612 8 2.7472746
3612 13 2.7034879
3612 50 1.9853119
3640 3 3.5648909
3640 12 3.1399953
3640 13 2.245767
3640 21 3.2298236
3640 52 2.002597
3642 1 3.147099
3642 15 2.3349614
3642 18 2.1589992
3642 30 2.2394104
3642 60 1.5053575
3645 1 3.3986514
3645 9 3.7941735
3645 13 2.358642
3645 15 2.8519835
3645 28 3.3178139
3646 2 3.1637516
3646 4 2.8062522
3646 5 2.5314622
3646 18 1.7865095
3646 46 2.6921985
3648 1 3.2098591
3648 5 2.4918325
3648 7 2.875343
3648 17 2.3292344
3648 35 2.6729417
3650 1 3.3562052
3650 6 3.1331139
3650 13 2.2303705
3650 20 3.6412067
3650 65 2.4408224
3656 4 3.4027486
3656 14 2.924977
3656 18 2.243965
3656 26 3.0422556
3656 78 2.1147318
3663 1 2.8629916
3663 13 1.8132267
3663 22 2.699866
3663 40 2.1813407
3663 51 2.5015755
3666 2 2.7276254
3666 11 2.7940369
3666 12 2.8585424
3666 26 2.5984154
3666 76 2.174426
3669 1 3.0796485
3669 4 2.7877047
3669 7 3.0071607
3669 22 2.6776361
3669 47 2.1023514
3675 2 3.2039993
3675 9 3.8688989
3675 10 3.698891
3675 14 3.0551548
3675 38 3.5039585
3682 3 3.1826742
3682 5 2.6145108
3682 11 2.9874637
3682 15 2.46724
3682 40 2.4233773
3684 5 2.1462207
3684 12 3.1395566
3684 25 1.8502034
3684 32 2.8639123
3684 57 1.8396153
3689 3 2.8985653
3689 12 2.8200495
3689 13 1.98897
3689 22 2.0234628
3689 82 1.4941096
3691 11 3.2005634
3691 19 2.143476
3691 26 2.7608688
3691 29 2.3963292
3691 48 3.18298
3694 1 3.4897633
3694 5 2.742469
3694 10 3.430667
3694 26 2.9919538
3694 33 2.439784
3697 1 2.7702045
3697 8 2.724881
3697 12 2.7871952
3697 33 1.9911655
3697 62 3.1519647
3704 3 3.3268661
3704 10 3.1675515
3704 12 2.999095
3704 20 3.306748
3704 68 2.1985717
3708 5 2.897523
3708 25 2.6929793
3708 26 2.8525634
3708 29 2.6406403
3708 54 3.4869652
3709 9 3.8409348
3709 11 3.4082184
3709 12 3.376524
3709 30 2.652723
3709 59 2.8120337
3713 1 3.3560877
3713 12 3.2890234
3713 17 2.107584
3713 30 2.4888825
3713 48 3.5430045
3715 1 3.3152776
3715 5 2.9274273
3715 8 3.0296843
3715 11 3.150856
3715 24 2.5376518
3722 1 3.3867412
3722 16 3.1719217
3722 20 3.2743807
3722 43 2.191688
3722 66 2.764986
3726 4 2.9896786
3726 13 2.3735604
3726 20 3.6296282
3726 24 2.5203307
3726 54 3.4097984
3730 14 3.1084282
3730 19 2.2201388
3730 22 2.776096
3730 30 2.3695033
3730 55 2.5333488
3735 3 3.3845685
3735 12 3.3493938
3735 13 2.4934068
3735 18 2.289234
3735 46 2.786156
3736 2 2.7760744
3736 18 1.6870046
3736 19 2.0845995
3736 27 3.027125
3736 54 3.1515477
3743 4 3.1423295
3743 15 2.4938908
3743 16 2.9609795
3743 20 3.3879678
3743 39 2.4739468
3746 1 3.3616107
3746 9 3.5427506
3746 14 3.4252129
3746 30 2.1868527
3746 91 1.0
3749 1 2.8748882
3749 22 2.8850894
3749 23 3.0580537
3749 28 2.9444766
3749 53 2.2883081
3761 9 3.3292994
3761 17 2.2735314
3761 25 1.730138
3761 32 2.5749762
3761 70 2.0696416
3763 3 3.3532891
3763 14 2.8859522
3763 18 1.7047801
3763 23 2.941262
3763 58 2.643482
3769 2 3.0713525
3769 11 3.185778
3769 12 3.0873477
3769 22 2.6403139
3769 54 3.0983384
3783 2 3.0573046
3783 18 1.9788301
3783 19 2.0954797
3783 24 2.162047
3783 43 1.8857872
3788 5 2.2463462
3788 8 2.9433672
3788 10 3.2610242
3788 13 2.3476732
3788 48 3.377922
3789 3 3.1807883
3789 7 2.8210413
3789 8 2.6395545
3789 12 2.9890058
3789 48 3.137995
3793 3 3.5402138
3793 6 2.9002619
3793 14 2.6986072
3793 23 2.937313
3793 54 2.9061515
3803 7 2.9331894
3803 9 3.5994
3803 11 2.8271635
3803 19 2.019065
3803 54 3.0613914
3804 8 2.8202379
3804 12 3.245018
3804 14 2.8928525
3804 25 1.9579154
3804 51 2.6157632
3805 1 3.3110487
3805 9 3.765255
3805 13 2.660418
3805 16 3.1812844
3805 24 2.1711094
3806 8 2.880914
3806 14 3.0224981
3806 16 3.019304
3806 26 2.7462397
3806 49 2.3225164
3807 1 3.131493
3807 8 2.800716
3807 13 2.2168221
3807 26 3.0143661
3807 56 2.4551578
3814 3 3.4978995
3814 8 2.7896798
3814 9 3.7101424
3814 19 2.235242
3814 36 2.189208
3818 1 2.9877777
3818 6 2.79867
3818 8 2.9039736
3818 15 2.5541356
3818 33 2.3334703
3819 1 3.515479
3819 5 2.8633075
3819 6 3.0168092
3819 18 2.2571194
3819 62 3.633546
3824 10 3.3597035
3824 13 2.1833386
3824 20 3.206363
3824 28 2.70172
3824 38 3.1308348
3826 2 2.6685095
3826 13 2.105647
3826 14 2.892433
3826 26 2.6311255
3826 74 2.5012064
3840 1 3.2985985
3840 11 2.9115944
3840 16 3.2036622
3840 20 3.4232702
3840 45 2.7042742
3844 2 3.3754177
3844 9 3.804908
3844 14 3.2063017
3844 19 2.6683714
3844 49 2.8277276
3847 1 2.8308778
3847 5 2.293343
3847 6 2.5157993
3847 30 1.8069506
3847 60 1.301797
3849 1 3.1156895
3849 7 3.4275618
3849 13 2.155504
3849 16 3.3304522
3849 62 3.447932
3855 1 3.2146423
3855 9 3.5787559
3855 11 2.920805
3855 16 3.0777
3855 46 2.8752804
3866 3 3.5142143
3866 6 3.0199082
3866 15 2.8968527
3866 18 1.9442942
3866 28 3.0851107
3867 5 1.9461689
3867 10 2.7945375
3867 13 1.8612596
3867 24 1.8948905
3867 66 2.4426794
3871 7 2.8001473
3871 10 3.11761
3871 12 2.5985096
3871 24 1.7350712
3871 54 2.7676282
3907 6 3.0430536
3907 14 3.285229
3907 16 2.9962325
3907 34 2.379945
3907 76 2.7062457
3908 4 3.1880329
3908 18 2.2941322
3908 19 2.5176396
3908 26 2.9782267
3908 58 2.8756957
3915 1 3.0997825
3915 3 3.535217
3915 5 2.3897748
3915 11 3.0539703
3915 66 2.625095
3922 4 2.7268863
3922 11 3.1316996
3922 14 2.8245645
3922 20 3.4223857
3922 34 1.9463072
3929 6 2.3621774
3929 13 1.9463785
3929 14 2.9940455
3929 31 1.9338139
3929 49 2.0254824
3937 4 2.8194396
3937 16 2.7350686
3937 18 1.7873493
3937 24 1.8622891
3937 53 1.9533348
3945 3 3.1759288
3945 22 2.7488794
3945 24 2.4066017
3945 31 2.1543603
3945 76 2.350286
3946 4 2.5632322
3946 19 2.245311
3946 25 1.9590194
3946 46 2.372861
3946 54 3.1539524
3949 2 3.1356065
3949 11 3.2054732
3949 12 3.1406007
3949 20 3.546235
3949 29 2.1788301
3954 10 3.8168368
3954 23 3.7301922
3954 29 2.6579604
3954 33 2.9125252
3954 51 3.1489286
3955 1 3.4127443
3955 6 2.567093
3955 10 3.0877867
3955 27 3.0694902
3955 86 1.9996734
3960 1 3.0251656
3960 5 2.458439
3960 7 2.9477367
3960 16 3.032284
3960 35 2.279283
3963 1 3.3278558
3963 12 3.3796508
3963 13 2.3818097
3963 31 2.6500297
3963 42 3.473332
3964 3 3.1097646
3964 5 2.24651
3964 6 2.867155
3964 16 2.837278
3964 30 2.4284894
3965 1 2.830616
3965 3 3.1251132
3965 7 2.7074752
3965 22 2.627026
3965 39 1.8766978
3966 1 3.1655931
3966 5 2.4014964
3966 6 2.4448485
3966 18 1.8473946
3966 39 2.4658186
3974 3 3.5164857
3974 10 3.3669052
3974 13 2.3823535
3974 25 2.198732
3974 57 1.9466956
3977 2 2.7835486
3977 10 3.405717
3977 14 3.1771252
3977 27 2.880465
3977 43 2.073943
3978 1 2.9811842
3978 13 2.8549938
3978 14 3.0237036
3978 22 3.0850585
3978 89 2.7753978
3980 4 2.982271
3980 16 3.210492
3980 18 2.351059
3980 27 3.148283
3980 57 1.655206
3994 5 2.3481295
3994 11 2.7669008
3994 25 1.862186
3994 28 2.7773032
3994 54 2.7023625
4002 8 2.831034
4002 10 3.3386989
4002 12 2.9774642
4002 15 2.3534758
4002 53 2.016749
4004 3 2.9501455
4004 6 2.535274
4004 9 2.9771316
4004 26 2.3307943
4004 48 2.9201612
4012 1 3.2999651
4012 8 2.697764
4012 13 2.524831
4012 26 2.7012215
4012 61 2.1317787
4022 4 2.9726887
4022 9 3.659042
4022 13 2.3915162
4022 22 3.1803205
4022 87 1.0
4029 1 2.8041267
4029 25 1.9373531
4029 26 2.1684256
4029 30 1.8847263
4029 90 1.1757889
4030 3 3.1770394
4030 14 2.4432254
4030 23 3.1829271
4030 32 2.5176425
4030 62 2.7945108
4033 1 3.2113912
4033 9 3.5796034
4033 16 3.2544656
4033 20 3.4726655
4033 50 2.1746478
4035 4 3.0108182
4035 11 2.876213
4035 14 2.854432
4035 24 2.044366
4035 44 3.2034376
4036 1 3.0196223
4036 10 3.1963499
4036 13 2.1709034
4036 18 2.2485752
4036 27 3.030759
4043 1 3.4977221
4043 4 3.273274
4043 5 2.7003882
4043 18 1.8903996
4043 44 2.9481866
4044 3 3.4574616
4044 13 2.6939273
4044 22 3.0804925
4044 36 1.9959955
4044 67 2.2980695
4049 6 2.3186438
4049 12 3.0189776
4049 19 1.7700962
4049 50 1.8176743
4049 62 2.9543228
4052 1 3.4283147
4052 5 2.6151383
4052 8 2.9255352
4052 12 3.3450367
4052 62 3.4238684
4065 6 2.5020976
4065 13 2.0740745
4065 18 1.3686037
4065 22 2.5865946
4065 55 1.9428562
4066 3 3.0027893
4066 10 2.8282032
4066 19 1.8848573
4066 32 2.4415855
4066 52 1.7638513
4078 7 2.8408813
4078 13 1.885278
4078 17 2.3030124
4078 22 2.907539
4078 37 2.5361328
4084 5 2.1434703
4084 14 3.1111836
4084 18 2.042898
4084 27 3.1502523
4084 82 2.942171
4097 1 3.4735098
4097 7 2.8095293
4097 11 3.0851448
4097 31 2.3454792
4097 40 2.389129
4101 2 2.9595456
4101 10 3.2103074
4101 16 2.763101
4101 51 2.4254668
4101 77 2.92136
4105 1 3.0600212
4105 7 2.5613363
4105 10 3.2749648
4105 28 2.2681975
4105 35 2.4914181
4111 1 3.3914642
4111 15 3.0684555
4111 17 2.5738974
4111 34 2.088162
4111 61 2.1788552
4121 2 3.000975
4121 5 2.589328
4121 8 2.839371
4121 13 2.2928162
4121 60 1.8104475
4129 2 2.6811683
4129 10 2.6192646
4129 15 2.0951345
4129 22 2.1873024
4129 50 1.1751665
4135 6 2.9538496
4135 21 3.2113552
4135 23 3.4056597
4135 32 3.201661
4135 72 2.6251125
4141 2 3.050017
4141 9 3.8183284
4141 11 3.3379452
4141 29 2.1161554
4141 65 2.1822164
4152 4 2.9367614
4152 9 2.9874601
4152 14 2.7341464
4152 28 2.616343
4152 47 2.1760917
4155 10 3.5704792
4155 13 2.4691997
4155 15 2.7981522
4155 18 2.0855682
4155 53 2.0796566
4158 2 2.9941688
4158 8 3.1093044
4158 13 2.3161423
4158 26 2.842218
4158 45 3.0744202
4160 7 2.8646104
4160 11 3.1119487
4160 16 2.9412134
4160 34 2.3058593
4160 55 2.3645747
4165 1 3.2675738
4165 7 2.360018
4165 15 2.6334198
4165 22 2.3974953
4165 46 2.528447
4171 1 2.7481143
4171 21 2.7344968
4171 22 2.3533015
4171 25 2.0531387
4171 46 2.3991206
4181 4 2.7565486
4181 10 3.2994003
4181 18 1.7746048
4181 25 1.9548571
4181 46 2.6834314
4196 2 3.1829076
4196 8 2.764985
4196 10 3.3629665
4196 27 3.0591283
4196 43 1.8794614
4198 3 3.3079453
4198 9 3.6091692
4198 14 3.039537
4198 17 1.8559564
4198 41 1.82283
4199 4 2.9902985
4199 8 3.220066
4199 16 3.6338243
4199 19 2.6733418
4199 36 2.1117554
4200 10 3.2467043
4200 13 2.187538
4200 14 2.5532656
4200 27 2.8012495
4200 36 2.2301362
4205 2 2.841793
4205 8 2.752137
4205 10 2.981388
4205 17 1.9017886
4205 46 2.339007
4209 3 3.4148557
4209 11 2.9453192
4209 29 2.0065727
4209 52 2.2883446
4209 82 1.3972218
4210 1 3.2359183
4210 6 2.737366
4210 8 2.7639208
4210 12 3.2096455
4210 35 2.8315666
4216 1 3.563825
4216 5 2.9496276
4216 7 3.3218617
4216 14 3.330335
4216 33 2.73494
4219 5 2.763057
4219 11 3.4416816
4219 12 3.2085736
4219 19 2.1444972
4219 35 2.526555
4244 11 2.956745
4244 20 3.5996094
4244 24 2.4729786
4244 54 3.567038
4244 79 1.9772948
4249 3 3.545913
4249 12 3.1140542
4249 13 2.399093
4249 22 2.901198
4249 50 1.7733359
4251 1 3.5246124
4251 8 2.8434844
4251 10 3.554117
4251 12 3.1314914
4251 39 2.692056
4253 1 3.0297813
4253 4 2.432349
4253 5 2.6836777
4253 8 2.7714176
4253 27 2.998328
4255 4 2.8587997
4255 14 2.699977
4255 15 2.4109056
4255 27 3.292246
4255 39 2.4661155
4256 1 2.8223069
4256 6 2.6134162
4256 9 3.1552234
4256 30 2.1053238
4256 49 2.1584105
4264 1 3.2068663
4264 7 2.8032506
4264 12 3.09092
4264 29 2.1099374
4264 62 3.3731456
4265 1 3.1792865
4265 10 3.1251895
4265 12 3.0697465
4265 22 2.400888
4265 60 1.2259364
4267 4 2.9835699
4267 12 2.9793987
4267 13 2.6165583
4267 16 2.968841
4267 48 3.2665224
4268 1 2.9696982
4268 8 2.6057596
4268 9 3.3294582
4268 14 3.1059196
4268 29 1.7711434
4270 1 3.4360297
4270 9 3.8063846
4270 13 2.427691
4270 30 2.7191558
4270 78 2.222744
4280 2 3.393728
4280 12 3.463739
4280 14 3.3268914
4280 25 2.5509932
4280 29 2.4769318
4281 3 3.8703458
4281 7 3.1404665
4281 10 3.6064994
4281 18 1.8129491
4281 68 2.3268166
4286 11 3.2613325
4286 25 2.3293319
4286 30 2.5960581
4286 39 2.572503
4286 70 2.260739
4288 2 2.7983954
4288 4 2.924018
4288 12 2.749574
4288 17 1.8465111
4288 45 2.5030024
4299 2 3.185752
4299 6 2.644517
4299 7 2.5223973
4299 17 2.3863482
4299 58 2.9537416
4306 6 2.4616559
4306 10 3.3479142
4306 13 2.1481905
4306 17 2.0739124
4306 26 2.5264874
4325 3 3.0353487
4325 8 2.459061
4325 9 2.9908936
4325 12 2.593753
4325 46 2.3110101
4327 2 2.6248791
4327 9 3.3221753
4327 14 2.9556994
4327 26 2.5408747
4327 41 1.7376187
4328 3 3.3327777
4328 7 2.5705242
4328 8 2.6393745
4328 35 2.4957693
4328 68 2.3738735
4334 2 3.1283398
4334 8 2.9551876
4334 13 2.4299762
4334 21 3.1150534
4334 51 2.982718
4340 4 3.2287133
4340 10 3.3619282
4340 14 3.3445213
4340 23 3.1150415
4340 43 2.0933325
4350 3 3.2344706
4350 9 2.7486005
4350 10 2.7967362
4350 21 2.6862285
4350 50 1.4291155
4351 2 3.0841494
4351 18 1.8609674
4351 23 3.4153538
4351 34 2.2474227
4351 45 2.7321677
4352 3 2.7673926
4352 7 2.1125133
4352 10 2.9419656
4352 30 2.1419692
4352 41 1.7318728
4357 1 2.9778786
4357 11 2.8396966
4357 12 3.1533492
4357 21 3.1937852
4357 48 3.2956634
4359 4 2.9767725
4359 8 3.1553097
4359 9 3.403014
4359 14 3.0301678
4359 63 2.5909693
4362 3 2.9201453
4362 10 2.9680135
4362 14 2.979567
4362 25 2.0569386
4362 73 2.5645483
4364 8 2.9759982
4364 14 2.3521297
4364 19 1.897629
4364 28 2.518642
4364 37 2.74227
4369 1 3.1756077
4369 20 3.4136963
4369 21 2.919458
4369 26 2.5396106
4369 58 2.7128491
4372 2 3.4284782
4372 7 3.3531685
4372 8 3.2045352
4372 14 3.3616416
4372 63 2.8976
4373 2 2.7984064
4373 6 2.3708248
4373 14 2.531434
4373 30 2.1868136
4373 50 1.5209811
4377 2 3.24619
4377 7 2.9246695
4377 10 3.3041143
4377 16 3.4066038
4377 30 2.6768053
4378 2 3.2136712
4378 9 3.8386657
4378 10 3.5207245
4378 13 2.274297
4378 40 2.5314398
4379 4 2.706029
4379 15 2.695582
4379 16 3.1973934
4379 34 2.317369
4379 55 2.2610235
4384 9 3.6279836
4384 15 2.9471436
4384 17 2.5370092
4384 35 2.9108365
4384 75 2.357647
4390 4 2.6433883
4390 10 3.2475975
4390 13 2.6850233
4390 17 2.2058313
4390 52 2.45205
4394 3 3.0438476
4394 6 2.1058412
4394 10 3.1455164
4394 16 3.1426213
4394 39 2.3208652
4395 2 2.70741
4395 9 3.503233
4395 10 3.3521671
4395 15 2.5567656
4395 30 2.1371505
4401 2 2.5212061
4401 14 2.4231467
4401 16 2.6406689
4401 19 1.7213211
4401 49 2.034699
4403 4 2.7986293
4403 6 2.7103705
4403 13 2.2544286
4403 17 2.4307475
4403 42 3.381659
4405 3 3.7782638
4405 8 2.9432614
4405 10 3.7656143
4405 15 2.9054406
4405 39 2.7922337
4412 2 3.4943504
4412 12 3.5643613
4412 13 2.8545465
4412 22 3.2825284
4412 32 3.2572095
4416 4 2.9380245
4416 16 2.9902062
4416 17 2.20755
4416 36 2.2819953
4416 63 1.9973816
4431 7 2.934833
4431 15 2.5969293
4431 17 2.1563644
4431 19 2.4888718
4431 44 2.8194563
4432 1 3.6857784
4432 15 3.167714
4432 18 2.4707434
4432 39 2.9316926
4432 60 2.3318093
4435 5 2.2659435
4435 13 2.190149
4435 18 1.6339663
4435 27 3.1846662
4435 50 1.9354402
4437 2 3.3659606
4437 7 3.2906508
4437 9 3.7503953
4437 17 2.6133292
4437 42 3.418761
4444 2 3.533247
4444 7 3.0972774
4444 16 3.396661
4444 28 3.5887794
4444 47 3.0018034
4452 3 3.6394734
4452 6 3.0391772
4452 7 3.4372966
4452 11 3.4630103
4452 43 2.3308785
4456 1 2.718453
4456 4 2.5323844
4456 7 2.5565808
4456 17 1.9629073
4456 46 2.4920886
4459 2 3.2377563
4459 5 2.8660438
4459 10 3.6244857
4459 17 2.3033814
4459 40 2.5418382
4461 5 2.4737773
4461 9 3.619899
4461 23 3.404803
4461 31 2.455607
4461 54 3.0914383
4467 4 3.091022
4467 8 3.2918012
4467 10 3.5081065
4467 21 3.445163
4467 38 3.5777135
4468 10 3.5867705
4468 14 3.0833364
4468 19 2.3208165
4468 39 2.359015
4468 71 2.4959111
4470 3 3.6097312
4470 17 2.3130279
4470 24 2.742792
4470 28 2.956547
4470 46 2.9887888
4471 2 2.7579072
4471 9 3.1675117
4471 15 2.2762003
4471 20 3.2732983
4471 40 2.2696066
4473 3 3.4600115
4473 8 2.8161697
4473 9 3.4707575
4473 15 3.0378535
4473 42 3.542015
4476 1 3.2042766
4476 9 3.701786
4476 12 3.3861482
4476 30 2.6310027
4476 77 3.0598297
4477 1 2.8446858
4477 11 3.0565288
4477 14 2.9710264
4477 23 3.184838
4477 48 3.286356
4479 1 3.6490753
4479 21 3.5318964
4479 29 2.5656257
4479 35 3.0712876
4479 57 2.4482694
4483 3 3.3552139
4483 12 3.113642
4483 13 1.9522578
4483 21 3.1271596
4483 33 2.2506168
4486 4 2.6910157
4486 16 3.0778425
4486 26 2.493463
4486 33 2.1116374
4486 68 2.2086005
4489 1 3.445493
4489 3 3.283885
4489 4 3.3175535
4489 47 2.5114372
4489 58 2.9317346
4494 3 3.6259604
4494 10 3.4960513
4494 11 3.0316901
4494 13 2.2661085
4494 17 2.2322445
4500 3 3.7532697
4500 15 3.2314005
4500 17 2.7316086
4500 21 3.3781908
4500 38 3.5603352
4511 2 2.9971128
4511 7 3.0324912
4511 11 3.1897268
4511 21 3.2638152
4511 52 2.3749464
4512 1 3.237696
4512 6 2.7600596
4512 12 3.1805782
4512 26 3.2143705
4512 51 2.7020364
4515 2 2.8805408
4515 4 2.9119613
4515 8 2.8587005
4515 11 2.7436886
4515 30 2.4998095
4516 1 3.0120292
4516 15 2.5547376
4516 21 3.3036957
4516 27 3.0540178
4516 62 3.372857
4521 5 3.0245886
4521 10 3.3653977
4521 19 2.550279
4521 25 1.9629894
4521 42 3.1978674
4543 4 3.2364852
4543 9 3.6594367
4543 10 3.3745887
4543 36 2.5002363
4543 58 2.9986596
4546 1 3.1288493
4546 8 2.9240663
4546 11 3.1972067
4546 18 2.1041682
4546 44 3.0831342
4548 1 3.5717537
4548 6 3.1104608
4548 14 3.3382638
4548 18 2.3567185
4548 28 3.3025315
4551 4 2.8857565
4551 13 2.3184159
4551 18 1.6908844
4551 20 3.4283202
4551 54 3.207554
4557 5 1.8451624
4557 8 2.4230802
4557 15 2.397936
4557 22 2.404313
4557 66 2.2683923
4574 1 3.2017043
4574 4 2.8052268
4574 6 2.7095628
4574 26 2.6191683
4574 38 3.2281613
4582 6 2.9202392
4582 21 3.0045419
4582 37 2.9714248
4582 46 2.6154106
4582 64 2.6323633
4595 5 3.0077224
4595 8 3.2313232
4595 9 3.839701
4595 16 3.5461676
4595 48 3.6944015
4604 1 3.3667462
4604 12 3.518539
4604 15 2.8941379
4604 25 2.2771292
4604 52 2.3006892
4613 1 3.1835573
4613 7 3.1307976
4613 11 3.0757148
4613 15 2.8259623
4613 46 2.5411165
4618 2 3.4585657
4618 8 3.2346227
4618 13 2.8187618
4618 23 3.6140015
4618 41 2.5171769
4619 1 2.7967174
4619 6 2.4854155
4619 11 2.8336334
4619 31 1.9321251
4619 76 1.9644426
4620 1 3.2880056
4620 10 3.3380215
4620 16 2.9729502
4620 22 2.4151676
4620 41 1.7388643
4621 2 3.273087
4621 10 3.371604
4621 12 3.206477
4621 20 3.7876918
4621 47 2.551401
4626 8 2.3080308
4626 19 1.8816462
4626 22 2.679746
4626 39 2.3899786
4626 73 2.6652732
4629 1 3.3283691
4629 10 3.2420516
4629 16 2.8492446
4629 19 2.0809548
4629 31 2.466138
4635 2 3.1019092
4635 6 2.7703834
4635 12 3.1082242
4635 29 2.0777662
4635 44 3.0696802
4638 6 2.504712
4638 17 2.0475328
4638 21 2.8545544
4638 31 2.0790281
4638 67 2.0819268
4641 1 3.3473055
4641 7 3.0576253
4641 8 2.854117
4641 24 2.4622126
4641 45 2.5427198
4643 2 3.0653865
4643 5 1.998765
4643 7 2.667084
4643 10 3.1459599
4643 24 2.0306885
4647 1 2.977477
4647 4 2.789525
4647 7 2.767351
4647 13 2.141378
4647 30 2.0496824
4648 1 3.0318418
4648 4 3.0680091
4648 6 2.7817621
4648 18 1.3805795
4648 51 2.6003764
4650 2 2.9704206
4650 8 2.5320733
4650 16 3.0279913
4650 20 3.2660062
4650 59 2.0318208
4657 3 3.5121017
4657 7 3.179477
4657 8 2.8369467
4657 31 2.900143
4657 91 1.0
4662 2 2.7407937
4662 9 3.1281142
4662 10 2.871825
4662 21 2.7143338
4662 25 1.8958383
4663 2 2.697796
4663 8 2.3064928
4663 9 2.840181
4663 19 1.7493715
4663 50 1.4447446
4666 5 1.6049249
4666 12 2.383844
4666 13 1.5589799
4666 28 2.0704958
4666 49 1.6821457
4670 2 2.3901308
4670 10 2.6108656
4670 12 2.690081
4670 25 1.4597516
4670 46 2.0938995
4673 5 2.5276437
4673 16 3.0433767
4673 19 1.9471025
4673 22 2.763793
4673 61 1.8647225
4676 4 2.9603975
4676 6 2.4794424
4676 9 3.5481758
4676 11 3.2839458
4676 25 2.0578885
4677 3 2.7384527
4677 10 2.8044813
4677 26 2.2410967
4677 38 2.8909163
4677 52 1.8051589
4686 4 3.2664425
4686 16 3.0814
4686 19 2.7184157
4686 26 2.7182047
4686 49 2.774108
4699 1 3.196899
4699 4 3.1969123
4699 13 2.2723827
4699 16 3.180603
4699 29 2.1448412
4702 3 2.9104834
4702 13 2.0431905
4702 16 2.3047965
4702 28 2.1244047
4702 43 1.4872115
4703 3 2.9618628
4703 11 2.412809
4703 13 1.9318565
4703 18 1.5166984
4703 48 2.9059103
4708 1 3.3794732
4708 3 3.8680615
4708 6 2.9883106
4708 13 2.6337926
4708 38 3.7644463
4710 1 3.0033813
4710 11 2.9025106
4710 22 2.4266593
4710 26 2.4801953
4710 45 2.3092003
4725 7 2.4848542
4725 16 2.8742297
4725 17 1.9984901
4725 19 2.025879
4725 47 2.2340665
4733 3 3.4108062
4733 9 3.2054696
4733 13 1.6655207
4733 22 2.7095985
4733 53 1.9382977
4753 5 2.4136863
4753 10 3.1033103
4753 12 2.931241
4753 15 2.5098193
4753 42 2.9140306
4758 2 3.4410617
4758 7 3.2391102
4758 8 3.0273445
4758 11 3.4715745
4758 55 2.4662683
4764 1 3.0302916
4764 7 3.1515477
4764 8 2.5409946
4764 18 1.9923763
4764 36 2.1219876
4767 5 2.642867
4767 11 3.148692
4767 18 2.472792
4767 27 3.4476614
4767 58 3.0390646
4769 2 3.3984532
4769 8 2.7270896
4769 10 3.2822247
4769 19 2.670072
4769 33 2.4893894
4776 3 3.4637506
4776 11 3.0302036
4776 13 2.4056165
4776 25 2.0612
4776 43 2.0340674
4788 14 2.9894538
4788 23 2.974453
4788 25 2.1079254
4788 31 2.1307297
4788 72 2.9528184
4797 8 2.7612317
4797 11 2.6971424
4797 12 2.7897882
4797 21 2.8008218
4797 71 2.045319
4807 2 3.2048464
4807 6 2.6635504
4807 13 1.9716533
4807 21 3.2691922
4807 48 3.2140152
4810 5 3.0409558
4810 16 3.579401
4810 18 2.4401178
4810 24 2.793427
4810 86 2.7120755
4812 1 3.54647
4812 7 2.9184937
4812 8 2.918434
4812 16 3.2201242
4812 33 2.4144568
4823 4 2.512629
4823 12 2.929758
4823 13 2.123252
4823 24 2.3726926
4823 54 3.058793
4824 3 3.1551807
4824 10 3.1250792
4824 27 3.2990637
4824 34 2.0408826
4824 75 2.2760239
4830 5 2.475849
4830 10 3.427129
4830 16 2.965455
4830 22 2.6434178
4830 37 2.5289123
4834 1 3.1251485
4834 3 3.2823856
4834 9 3.4238546
4834 11 3.231371
4834 41 1.7414522
4839 1 2.9276013
4839 5 2.464167
4839 7 3.0008945
4839 31 2.4838555
4839 45 2.5536306
4849 2 3.0369704
4849 7 3.3519423
4849 12 3.1346338
4849 15 2.7347698
4849 38 3.722479
4855 1 3.3594122
4855 3 3.3668048
4855 10 3.324724
4855 16 3.3731291
4855 27 3.2590024
4865 2 2.6619785
4865 15 2.665434
4865 16 2.8811386
4865 31 2.2633665
4865 54 2.9041293
4866 3 3.2105904
4866 11 3.059383
4866 12 2.88441
4866 22 2.5058131
4866 49 2.2589614
4872 3 3.797111
4872 10 3.7496367
4872 15 3.0187757
4872 25 2.7593396
4872 43 2.3523686
4877 5 2.8404515
4877 8 2.790399
4877 10 3.394863
4877 17 1.9548743
4877 26 2.8926735
4878 2 2.931288
4878 7 2.5615234
4878 9 3.016816
4878 21 2.992225
4878 52 2.0242908
4885 1 3.3440228
4885 3 3.459447
4885 11 2.770786
4885 18 1.6998595
4885 82 1.5899863
4892 2 2.6227558
4892 9 3.244761
4892 11 2.8134794
4892 15 1.9924355
4892 47 2.1313834
4895 3 3.1297657
4895 11 2.606342
4895 23 3.1319606
4895 39 2.29508
4895 60 1.4327799
4897 5 2.7496157
4897 18 2.427418
4897 22 2.8723645
4897 34 2.2153513
4897 60 1.9696356
4899 1 3.3397524
4899 4 2.9484384
4899 6 2.8534844
4899 14 3.2072852
4899 72 2.794989
4906 1 3.2294376
4906 6 2.5898285
4906 8 2.3871586
4906 19 1.923234
4906 65 1.9244355
4918 7 2.7641044
4918 16 3.3533313
4918 19 2.5821304
4918 23 3.2325172
4918 48 3.484542
4926 7 3.1132898
4926 12 3.126496
4926 20 3.3178601
4926 24 2.3908763
4926 55 2.4851277
4932 1 3.1473598
4932 4 2.664992
4932 9 3.151355
4932 25 2.2376957
4932 48 3.2778726
4933 12 3.047902
4933 14 2.8448577
4933 18 1.6089102
4933 24 2.0300612
4933 51 2.3363736
4941 1 3.0850875
4941 12 3.1059244
4941 19 2.250149
4941 27 3.415028
4941 40 2.4146035
4944 1 3.4012656
4944 5 2.8576736
4944 7 3.1294909
4944 40 2.6734498
4944 77 3.3445253
4945 2 2.684095
4945 4 2.800004
4945 18 1.2389303
4945 22 2.258474
4945 70 1.7810001
4956 5 2.7567174
4956 18 2.1711504
4956 20 3.4519455
4956 26 2.7851703
4956 47 2.6095462
4968 5 2.1991792
4968 9 3.181989
4968 10 3.2168484
4968 17 2.110484
4968 25 1.6792028
4970 4 2.9178262
4970 15 2.7856023
4970 26 2.5342531
4970 31 2.1722505
4970 54 2.85971
4974 1 2.9612331
4974 9 3.326501
4974 20 3.500619
4974 26 2.9180489
4974 67 2.370107
4979 3 3.7247233
4979 14 3.0386872
4979 23 3.356001
4979 29 2.0985637
4979 62 3.3722897
4987 1 3.4505916
4987 7 2.9542093
4987 15 2.8235543
4987 18 2.21564
4987 40 2.5983117
