2 7 2.0117772
2 13 1.0
2 18 1.0
2 23 2.42985
2 61 1.2527611
3 2 3.2611887
3 7 3.672306
3 14 3.4636517
3 26 2.7759335
3 57 1.6828022
8 4 2.7749062
8 7 2.4673877
8 9 3.0003188
8 15 2.3632863
8 28 2.526631
9 1 3.417144
9 16 3.4916523
9 17 2.646394
9 23 3.4418175
9 30 2.682482
24 1 3.0479655
24 4 3.191524
24 7 2.7186542
24 14 3.1011753
24 34 2.1376846
28 3 3.47029
28 7 3.104024
28 13 2.5381427
28 24 2.4844434
28 38 3.5027864
33 10 2.408782
33 17 1.8756062
33 19 2.1188593
33 23 2.5208662
33 35 2.3335485
36 2 2.9371397
36 7 2.3192632
36 8 2.6576939
36 10 3.1679895
36 34 2.1377227
46 1 2.482644
46 6 2.0343874
46 11 2.705192
46 15 2.3534102
46 33 2.0130484
47 3 3.8633096
47 7 3.4970436
47 12 3.6643639
47 28 3.4570136
47 52 2.8145366
55 4 3.1708822
55 15 2.670643
55 17 2.3594007
55 21 3.0426977
55 48 3.2061896
59 1 3.3957322
59 8 2.9833584
59 9 3.643843
59 12 3.5938053
59 57 2.0330985
65 2 2.218655
65 11 2.7142274
65 12 2.539734
65 18 1.7202595
65 85 1.7659471
66 3 3.927751
66 8 3.582963
66 10 3.672646
66 15 2.8837914
66 47 2.8398242
84 7 2.36765
84 9 3.3226495
84 10 3.1194034
84 14 3.0903215
84 27 2.8943305
86 3 3.226436
86 5 2.4428997
86 7 2.9001942
86 21 2.6852698
86 52 2.145857
90 1 3.158146
90 19 2.721838
90 20 3.476997
90 27 3.2051706
90 51 2.6380892
92 4 2.8350434
92 8 1.8194432
92 13 1.6356053
92 31 2.3021457
92 56 2.071083
97 1 3.320481
97 5 2.623034
97 10 3.1230698
97 27 3.3073134
97 44 3.1289854
102 2 2.8531158
102 7 3.1377733
102 9 3.273042
102 14 2.973861
102 32 2.9326859
116 2 3.1248176
116 9 3.7854092
116 10 3.451638
116 17 2.6780202
116 37 3.0221446
121 1 4.614547
121 12 3.5984585
121 16 3.4753737
121 29 2.508359
121 55 2.9109156
122 1 2.7765138
122 8 2.5223963
122 16 2.8049262
122 35 2.1845179
122 58 2.472687
124 8 2.9651904
124 19 2.0665932
124 21 3.008787
124 33 2.4051287
124 67 2.2576854
127 3 3.4333532
127 13 2.8251984
127 29 2.2726908
127 36 2.1122127
127 46 3.060621
128 3 3.2630808
128 5 2.670717
128 7 2.9167235
128 12 2.9660242
128 38 3.3823757
130 1 3.0853326
130 4 2.6450102
130 7 2.8986893
130 20 3.2549431
130 78 1.7600138
142 5 2.250791
142 10 2.7882104
142 15 2.4270117
142 27 2.85347
142 43 1.8513088
146 4 2.9179897
146 9 3.9404464
146 13 2.5742393
146 24 2.1782022
146 54 3.272872
149 2 2.5852582
149 7 2.9670246
149 11 3.2514238
149 24 2.2692819
149 38 3.470832
153 6 2.8873963
153 10 3.556395
153 12 3.5263054
153 24 3.1714118
153 49 2.6999612
157 1 2.840093
157 5 1.8993003
157 7 2.6697013
157 10 2.9917908
157 36 1.6141303
162 2 3.651043
162 17 2.3478613
162 19 2.2273922
162 29 2.1228857
162 86 1.8950698
163 1 2.8328564
163 11 2.8800063
163 22 2.6291795
163 30 2.0083597
163 49 1.9255631
164 5 2.5913048
164 16 1.7703093
164 17 2.1663058
164 25 1.7046045
164 40 2.3114746
169 1 3.4093375
169 11 3.693499
169 14 3.0754187
169 23 3.3325477
169 45 2.825226
170 3 3.3270628
170 6 2.742599
170 7 2.6837218
170 10 3.0929906
170 18 1.7970809
171 1 3.3135326
171 9 3.6822395
171 11 3.1156473
171 13 2.4124668
171 41 1.9674821
186 5 2.6582315
186 10 3.5949607
186 21 3.3708775
186 36 2.3304694
186 84 1.9433937
188 4 3.455143
188 12 2.953368
188 13 2.4177377
188 26 2.888906
188 56 2.0463083
203 4 2.6439812
203 6 2.1131337
203 8 2.736524
203 18 1.0
203 35 2.198605
209 2 2.9235327
209 9 3.3380933
209 13 1.4781772
209 21 2.9424992
209 66 2.351229
245 1 3.1786635
245 13 1.5163214
245 24 1.3386753
245 31 2.1961586
245 55 1.9516293
255 1 3.1517205
255 5 2.55716
255 8 2.9189727
255 20 3.8670037
255 52 2.1469207
256 5 2.8343756
256 13 2.5713043
256 15 3.1335373
256 26 3.0574965
256 60 1.9995476
264 1 3.3676853
264 7 3.3003173
264 12 3.7974646
264 26 3.2776358
264 66 2.9222069
269 1 3.3238938
269 13 2.1591258
269 17 1.7488736
269 33 1.86034
269 51 2.4012737
274 2 2.7637954
274 6 2.4102411
274 7 1.6815028
274 28 2.0088103
274 36 1.666895
276 1 3.5510328
276 3 3.6687865
276 9 3.9958444
276 17 2.9276145
276 47 2.9076056
285 1 3.6990602
285 3 3.3331947
285 6 3.2278335
285 16 3.2130134
285 54 3.3736866
292 2 2.7756126
292 9 3.5161557
292 18 1.0
292 25 1.9603783
292 35 1.98543
307 1 3.334106
307 5 3.0873063
307 6 3.0545845
307 17 2.3994248
307 38 3.586507
310 1 3.3678596
310 19 2.4973173
310 21 3.183632
310 25 2.196411
310 46 2.6267788
311 5 3.1800587
311 11 3.215378
311 17 2.5495703
311 28 3.4990106
311 34 2.7381873
315 2 3.4267297
315 6 3.113507
315 8 3.2275877
315 24 2.726318
315 59 2.8514326
316 7 3.7971644
316 23 3.5381393
316 36 3.0519748
316 43 2.5477202
316 83 2.8290036
320 2 3.0307844
320 5 2.3857071
320 10 3.1026783
320 17 2.224659
320 31 2.0261092
324 8 2.901557
324 10 3.2513862
324 12 2.8861792
324 31 2.3317945
324 51 2.7890344
337 2 2.6725519
337 14 2.736477
337 15 2.589376
337 32 2.451968
337 75 2.1912124
344 2 3.1047297
344 19 2.6051192
344 21 3.1296272
344 27 3.2180412
344 82 1.2050581
390 3 3.4891872
390 6 3.2105682
390 7 3.4395375
390 13 2.563237
390 47 2.816359
394 2 2.4693189
394 15 2.8959262
394 16 3.4050379
394 21 3.1031363
394 38 3.5253465
396 1 3.4720833
396 4 3.4816892
396 5 3.178693
396 20 4.131214
396 59 2.7169878
411 3 2.9944193
411 11 3.4240608
411 13 2.1826508
411 34 2.19059
411 62 2.9335084
412 3 2.803039
412 5 1.9035466
412 10 2.9205372
412 25 1.8216559
412 46 2.0278633
415 1 3.2239268
415 8 2.8279965
415 18 2.174381
415 31 1.3978047
415 43 2.0086336
419 4 3.186531
419 16 3.4050264
419 20 3.709867
419 31 2.950374
419 68 2.666706
423 4 3.0129054
423 7 3.1168814
423 9 3.8307507
423 12 3.1748793
423 24 2.3956351
430 1 3.2571168
430 15 2.626353
430 16 3.0673997
430 42 3.133198
430 58 2.7728493
438 5 2.232268
438 13 1.7813575
438 14 2.6314385
438 19 2.181219
438 34 1.622582
439 1 3.3204124
439 13 2.7439444
439 20 3.6358395
439 27 3.252269
439 71 2.8316169
440 3 3.5532446
440 7 3.4143481
440 11 4.163984
440 29 2.665783
440 75 2.7692842
447 1 4.1619935
447 8 3.1460147
447 16 3.5391238
447 23 3.5934703
447 34 3.1836886
449 4 3.2534497
449 19 2.4529026
449 21 3.0608268
449 29 2.3560905
449 55 2.3205106
459 2 3.6335917
459 10 3.768931
459 13 2.6805875
459 15 2.9681213
459 44 3.1806903
462 2 2.791568
462 6 2.4295638
462 7 2.843686
462 21 2.809478
462 41 2.0311286
471 1 3.6264644
471 11 3.9495635
471 19 2.7715633
471 32 3.438578
471 59 3.10367
477 4 2.8679395
477 12 3.3408458
477 14 3.397707
477 40 2.3709779
477 54 3.2013292
488 5 3.125721
488 13 1.6936877
488 14 2.9591756
488 30 1.9768348
488 64 2.111196
493 2 3.150458
493 12 3.1632202
493 16 3.2041712
493 20 3.5973191
493 73 2.633579
498 4 3.5756235
498 12 3.7689984
498 14 3.2667775
498 22 3.135372
498 33 3.0133858
505 1 3.1874995
505 6 2.378891
505 10 3.118554
505 17 1.696527
505 41 1.9314843
511 2 3.1762226
511 7 3.083338
511 11 3.3354733
511 21 3.748204
511 30 2.7320743
513 11 3.391535
513 18 2.5270133
513 31 2.5954316
513 43 2.3719652
513 59 2.84267
517 3 3.0808284
517 7 2.4311023
517 18 1.0
517 41 1.9364027
517 53 1.8571415
520 7 3.8685014
520 13 2.7564635
520 29 2.5562377
520 35 3.2130296
520 56 2.6166272
524 5 2.0664365
524 9 3.257633
524 13 1.944689
524 23 3.0718827
524 35 2.4149196
529 3 3.0533333
529 10 3.0077972
529 11 2.7383714
529 30 2.144949
529 52 2.0045602
533 3 3.4244933
533 9 3.6228812
533 15 2.6609008
533 28 2.8834853
533 46 2.7312489
543 5 2.5904748
543 17 2.2357337
543 18 1.5532515
543 32 2.65996
543 53 2.0259314
548 2 3.058915
548 5 2.7677202
548 19 2.2173982
548 24 2.0161834
548 51 2.6574707
549 12 3.3273637
549 22 2.9388633
549 35 2.696374
549 37 2.8560739
549 60 1.7812009
552 1 3.1811912
552 10 3.524351
552 25 2.692545
552 28 3.6104782
552 65 2.7490954
559 1 2.5995572
559 5 2.3698208
559 6 2.52567
559 22 2.6213567
559 93 1.2929896
573 4 2.8075643
573 10 3.3203108
573 31 2.2076344
573 42 3.1071086
573 73 2.3871922
574 10 3.6182888
574 12 3.5391707
574 13 2.808328
574 25 2.3715005
574 45 2.8521495
576 3 3.2516797
576 6 2.432174
576 7 2.6283586
576 16 3.0665367
576 64 2.044828
589 1 3.0049658
589 5 2.598835
589 6 2.7071571
589 11 2.7139068
589 50 1.9941444
593 15 3.4172537
593 20 3.6321635
593 23 3.4385917
593 25 2.393294
593 53 2.8013391
596 1 3.9104965
596 11 3.281408
596 15 3.4002254
596 21 3.7763746
596 35 3.436234
599 3 3.0424027
599 6 3.228543
599 7 2.382164
599 22 2.293709
599 53 1.4476041
601 1 2.8520262
601 7 2.6862864
601 11 2.7705908
601 22 2.6012387
601 50 1.6219363
605 3 3.3818984
605 12 3.0230045
605 14 3.1120992
605 25 2.39052
605 70 1.7218974
609 1 3.088708
609 5 2.0449777
609 9 2.8480856
609 16 2.6920033
609 68 1.9344693
615 7 2.6830158
615 13 2.2875857
615 20 3.4270585
615 32 2.7512894
615 72 2.547955
617 4 2.7559972
617 8 2.4543552
617 9 3.4461539
617 21 3.228534
617 40 2.3306155
621 1 3.0296533
621 11 2.9183354
621 19 2.2629898
621 28 2.776429
621 50 1.9515513
624 1 3.3615043
624 19 2.79664
624 21 3.274495
624 38 4.026482
624 47 2.7897942
633 1 2.5948017
633 8 2.3084903
633 11 2.3597987
633 19 2.065054
633 42 2.7657356
634 3 3.4317741
634 12 3.352714
634 20 3.8240323
634 30 2.70368
634 51 2.8154676
639 4 2.7471862
639 10 3.46856
639 11 3.1931767
639 15 2.294127
639 41 2.2169447
645 1 2.4901652
645 7 2.7799428
645 11 2.765561
645 19 2.1217206
645 38 3.0960932
646 1 3.4484658
646 5 3.8367343
646 13 3.5305345
646 17 2.6793206
646 29 2.4118652
647 3 2.7428486
647 10 2.994853
647 11 2.552832
647 33 2.0041769
647 52 1.7263775
658 2 3.1605072
658 16 3.1738741
658 22 2.8320608
658 40 2.3262086
658 51 2.537993
662 1 2.955946
662 9 3.2733128
662 10 2.9512563
662 14 2.3654695
662 26 2.591437
667 2 3.5169466
667 6 2.9218397
667 8 3.0210905
667 17 2.7343266
667 32 3.331969
672 3 2.4846964
672 17 1.582237
672 18 1.2977439
672 28 2.2113087
672 45 1.9221213
677 3 3.2368274
677 12 2.5389702
677 16 2.8045807
677 40 1.701059
677 48 2.833713
679 3 3.6382046
679 9 3.7048988
679 10 3.8115463
679 15 3.299527
679 58 3.1488366
682 5 1.4208604
682 10 2.8653924
682 14 2.038011
682 20 3.2829864
682 25 1.8671292
684 2 3.090285
684 8 2.9739664
684 10 3.307923
684 22 2.7829814
684 54 3.1606746
686 2 3.3822572
686 5 2.9916196
686 6 2.7359867
686 22 3.175276
686 51 2.536923
687 3 3.5080419
687 14 2.983407
687 16 3.5160697
687 22 2.7438366
687 50 1.9353343
693 1 2.9886782
693 9 3.5050488
693 11 3.1332626
693 35 2.5764482
693 78 2.0918384
707 5 3.2271292
707 8 3.110777
707 19 3.4660003
707 26 3.1983657
707 48 4.1538386
709 4 3.150098
709 12 3.2259083
709 13 2.9640136
709 24 2.8232622
709 56 2.2966561
712 1 1.8934513
712 5 2.1969852
712 7 2.331594
712 16 2.37026
712 33 1.782477
721 1 2.8894598
721 9 2.9185975
721 10 2.6490426
721 30 1.620473
721 62 2.9688947
724 7 3.040024
724 10 3.019641
724 18 2.2831063
724 25 1.9972391
724 47 2.4293482
726 2 2.9271114
726 15 3.0189989
726 24 2.6531076
726 29 2.3334517
726 56 2.3058546
737 5 2.2290888
737 8 2.8459663
737 10 2.9023266
737 23 3.1048765
737 38 3.1930575
738 6 2.5644445
738 19 2.173005
738 22 2.6094306
738 30 2.1848984
738 44 2.8777483
739 1 3.3587327
739 11 3.2681172
739 14 3.2335918
739 30 2.2487855
739 45 2.7964478
764 6 2.6736531
764 17 2.3478913
764 19 2.254275
764 38 3.5273972
764 50 2.002024
767 1 2.727435
767 10 2.335437
767 17 1.7924788
767 21 2.4968822
767 50 1.0382283
770 6 2.386225
770 15 2.012158
770 19 1.736598
770 22 2.5204246
770 43 1.9057353
774 1 3.8983119
774 7 3.1709983
774 9 4.037757
774 28 3.3953705
774 65 2.2193358
779 9 3.0568485
779 15 2.5367458
779 23 3.099215
779 44 2.7459369
779 82 1.6243304
781 3 3.1996884
781 8 2.7151117
781 12 3.000743
781 21 2.961855
781 71 2.4314332
793 2 3.5474348
793 7 3.4666038
793 11 3.5179076
793 17 2.7774177
793 51 3.1223874
809 2 3.0289056
809 9 3.282943
809 14 2.8049862
809 19 1.9810402
809 36 2.1902146
821 1 3.1458087
821 10 3.3665364
821 18 1.869269
821 50 1.9568602
821 88 2.3093486
825 1 3.2953231
825 3 3.5535145
825 23 3.239045
825 30 2.4711742
825 47 2.6731968
830 5 2.6926305
830 10 3.674619
830 21 3.1893723
830 28 3.198487
830 50 2.0993807
834 6 2.4378562
834 17 1.555673
834 18 1.8194803
834 21 2.5831904
834 40 2.162573
835 5 2.4123578
835 11 2.4633536
835 25 1.8507689
835 36 1.9139354
835 65 2.1157453
836 2 3.0444014
836 7 2.8561528
836 11 2.9860332
836 15 2.9846525
836 79 2.0353463
837 4 2.803757
837 12 3.0305343
837 13 2.163821
837 19 2.5579603
837 81 2.059207
838 2 3.104275
838 11 2.8382342
838 16 3.0350978
838 18 1.8292727
838 32 3.0626125
840 1 3.142509
840 20 3.6006963
840 24 2.2571259
840 30 2.5483003
840 51 2.6298935
846 2 3.155158
846 8 2.7991202
846 12 3.2881007
846 19 2.6562195
846 59 2.1904824
856 1 3.3808627
856 4 3.5316787
856 7 3.6889951
856 9 3.701372
856 27 3.4157636
860 1 3.3869214
860 5 2.422332
860 8 2.6691167
860 15 2.33525
860 34 2.2889118
861 5 2.5796273
861 11 3.0987737
861 13 2.4082153
861 25 2.3015778
861 52 2.5186806
863 1 3.151439
863 5 2.29149
863 7 2.821448
863 14 2.6709232
863 32 2.75829
872 3 3.6169825
872 8 2.8247495
872 9 3.5462153
872 19 2.384317
872 41 1.8501699
876 2 3.8163524
876 6 3.1378193
876 12 3.802739
876 18 2.2947779
876 72 2.9998972
877 4 2.6522763
877 16 3.0328996
877 20 3.448732
877 40 2.4530723
877 79 2.3555012
883 3 3.8119893
883 7 3.7734578
883 8 2.7734547
883 17 2.4712272
883 31 2.7084846
887 5 2.2119389
887 10 3.098977
887 22 2.6136053
887 26 2.8733773
887 95 1.0
897 5 2.6424212
897 7 2.854913
897 9 2.6129558
897 19 2.6823094
897 59 2.4906483
900 8 2.9208348
900 14 3.4397736
900 15 2.6474354
900 25 2.390862
900 53 2.308552
927 3 2.7135093
927 7 2.7224042
927 17 1.5701935
927 40 2.2038152
927 51 2.0905116
934 1 3.3498898
934 6 3.0308094
934 17 2.4586718
934 21 3.204652
934 64 2.3995945
935 3 2.593347
935 13 1.7686783
935 18 1.5773056
935 26 2.486262
935 62 3.2080615
939 3 3.277224
939 12 3.158071
939 13 2.2732139
939 20 3.600527
939 40 2.2368157
940 1 3.3510149
940 11 3.1502662
940 13 2.726662
940 28 3.1108272
940 60 2.0468361
948 3 3.3877177
948 7 3.0072792
948 16 3.2117693
948 37 2.2657537
948 45 2.722613
949 2 2.6832182
949 15 2.3206027
949 17 1.7680277
949 22 2.3369665
949 57 1.2818139
953 2 2.5841525
953 16 3.069908
953 17 2.1829464
953 28 2.30481
953 42 2.9520276
957 5 2.471555
957 7 2.7140484
957 8 2.6412187
957 16 2.9238634
957 70 1.7055826
960 7 3.2146633
960 11 3.2637002
960 13 3.1704888
960 20 3.8735285
960 54 3.5861793
964 1 2.84686
964 6 1.4662695
964 14 2.481052
964 22 2.1928241
964 44 2.456711
967 2 3.071529
967 24 1.7485693
967 25 2.2479777
967 32 2.9105113
967 48 3.4322114
968 3 3.2625995
968 11 2.8153799
968 13 1.372113
968 28 2.8068113
968 42 2.771544
974 5 2.4737153
974 11 2.667679
974 14 2.8641005
974 23 3.1076071
974 53 1.8666695
1000 1 3.4697473
1000 7 2.6580756
1000 10 3.3255603
1000 14 3.2028813
1000 32 2.7854435
1003 8 2.400234
1003 12 2.7226322
1003 13 1.0891273
1003 32 2.3041372
1003 76 1.8204478
1004 2 3.3087444
1004 7 3.6954458
1004 9 3.8423004
1004 23 3.320969
1004 68 2.511581
1005 11 2.838575
1005 21 2.915703
1005 24 2.1676903
1005 35 2.4685426
1005 76 2.2584558
1007 1 3.442832
1007 4 3.3435845
1007 5 3.237528
1007 10 3.4847264
1007 42 3.3924603
1008 3 3.2490573
1008 13 2.1588874
1008 17 2.1452594
1008 21 3.2628384
1008 62 3.2246392
1009 1 3.334659
1009 10 3.4096532
1009 13 2.443196
1009 21 3.365981
1009 51 2.7110584
1010 6 2.3703487
1010 13 1.777949
1010 19 1.2709281
1010 31 1.9167405
1010 58 2.0232775
1011 8 2.9437437
1011 15 2.8577118
1011 16 3.195371
1011 22 2.616241
1011 46 2.9937887
1019 1 3.4272037
1019 8 2.7722821
1019 10 3.7849731
1019 14 3.0215123
1019 50 2.0252542
1039 9 3.3494377
1039 13 2.304073
1039 15 2.8276777
1039 25 2.3079991
1039 59 2.3840342
1041 1 2.5581498
1041 11 2.6940472
1041 15 2.3783333
1041 31 1.8429012
1041 54 2.5112576
1045 3 3.6433017
1045 12 3.9575012
1045 16 3.5456097
1045 21 3.4616914
1045 47 3.3288627
1055 3 3.6024225
1055 8 2.8897185
1055 15 2.7473116
1055 23 2.895771
1055 34 2.381549
1058 3 3.3083253
1058 7 2.8262348
1058 11 2.7230375
1058 23 2.7590752
1058 41 1.5409584
1060 6 2.5109234
1060 16 3.0178459
1060 20 3.3925428
1060 28 2.8597565
1060 47 2.507667
1083 3 3.499394
1083 6 2.8752356
1083 20 3.7934587
1083 31 2.7600815
1083 48 3.345316
1084 1 3.621555
1084 9 3.0654151
1084 10 2.9300714
1084 25 1.8111365
1084 46 2.3138053
1087 7 2.5328147
1087 10 3.0782096
1087 18 1.7912922
1087 35 1.9560966
1087 73 2.5133655
1088 4 3.2818289
1088 8 3.1866715
1088 14 3.8540072
1088 18 2.5002499
1088 40 2.7727542
1089 2 2.8813076
1089 14 2.7832007
1089 20 3.2132266
1089 24 2.2902699
1089 64 2.2092853
1094 4 3.29971
1094 9 3.8906083
1094 16 3.4330983
1094 44 3.30159
1094 68 2.7107847
1097 3 2.4138417
1097 13 1.4816946
1097 14 2.0511856
1097 23 2.2644277
1097 38 2.4463382
1102 4 3.057274
1102 9 3.6708457
1102 23 3.33036
1102 34 2.648185
1102 72 2.5983663
1108 1 3.427822
1108 5 2.0852172
1108 6 2.3458683
1108 18 1.7542968
1108 31 2.2146888
1113 6 2.512346
1113 14 2.324981
1113 18 1.7382166
1113 22 2.238799
1113 39 2.2114656
1116 2 3.5201583
1116 8 3.393148
1116 11 3.3792791
1116 35 3.4360597
1116 44 3.314938
1131 2 3.3420894
1131 13 2.4456654
1131 14 3.350656
1131 19 2.6950593
1131 36 2.1707873
1135 1 3.0114937
1135 12 3.0678248
1135 15 2.4681559
1135 22 2.6406405
1135 72 2.5776799
1137 4 2.6000993
1137 7 2.0772827
1137 8 2.6616266
1137 18 1.8701031
1137 37 2.703913
1143 1 2.9044526
1143 7 2.616902
1143 10 2.8301938
1143 21 2.6843033
1143 36 1.9750745
1144 1 3.1248643
1144 3 3.880301
1144 5 2.9814227
1144 16 3.070353
1144 40 2.3889754
1145 1 3.4102676
1145 8 3.3583746
1145 10 3.668364
1145 26 3.1512473
1145 47 2.6463938
1149 1 3.0875406
1149 8 3.6266923
1149 10 3.4274747
1149 18 2.1021674
1149 38 3.5079188
1154 2 3.2563741
1154 17 2.319358
1154 19 2.287955
1154 38 3.413645
1154 47 2.5341911
1161 4 3.3640885
1161 21 3.3251185
1161 22 3.7751322
1161 25 2.2655594
1161 37 2.9536653
1163 1 4.0218835
1163 5 2.9029295
1163 10 3.6600344
1163 23 4.0924945
1163 89 3.2544634
1165 2 2.2782116
1165 5 1.7545669
1165 7 2.1528144
1165 11 1.7912691
1165 46 1.7620733
1178 5 2.8627274
1178 14 3.696903
1178 26 3.3605902
1178 36 2.778015
1178 80 3.748372
1179 3 2.969998
1179 7 2.655115
1179 9 3.203841
1179 15 2.5491302
1179 37 2.2704098
1186 1 3.0929248
1186 19 2.3868222
1186 26 2.7387662
1186 34 1.8034792
1186 51 2.636152
1191 3 3.3226705
1191 8 2.9157865
1191 10 3.2210467
1191 30 2.3756943
1191 49 2.2294087
1197 4 2.946888
1197 17 2.0903347
1197 20 3.3546546
1197 37 2.6566248
1197 51 2.4487314
1203 2 2.789276
1203 10 2.8319464
1203 12 2.6846793
1203 14 2.624514
1203 33 2.223297
1206 1 3.3669467
1206 5 2.6297066
1206 6 2.4969573
1206 22 2.9056673
1206 43 2.0360587
1211 6 2.476084
1211 8 2.414596
1211 9 3.1013772
1211 29 1.0
1211 48 2.2286446
1212 2 3.1504998
1212 6 2.727947
1212 16 3.5191073
1212 23 3.2383986
1212 63 2.734539
1215 3 3.6228824
1215 18 2.5929096
1215 20 3.3839452
1215 46 2.6405015
1215 65 2.2076874
1217 10 3.5076258
1217 14 3.5810816
1217 24 2.5382698
1217 40 2.6228347
1217 44 2.7573152
1219 1 2.8155565
1219 9 3.2757466
1219 16 3.0032578
1219 23 3.147315
1219 85 1.6728284
1220 11 2.8155358
1220 17 1.6602807
1220 21 2.9531143
1220 61 2.1939433
1220 90 1.9619114
1221 1 2.751597
1221 7 3.1823344
1221 9 3.2205405
1221 15 2.5549898
1221 45 2.4726267
1226 2 3.7504902
1226 12 3.7265546
1226 22 2.9623964
1226 30 2.5182343
1226 52 2.4008198
1232 1 3.273184
1232 14 2.9842334
1232 15 2.492123
1232 19 2.2603314
1232 35 2.4476886
1233 6 2.6267326
1233 12 2.7157204
1233 14 2.4192066
1233 25 2.0674205
1233 44 2.8063853
1237 4 2.636278
1237 6 2.5637028
1237 11 3.0095496
1237 13 2.2957733
1237 26 2.7305768
1238 4 3.4291487
1238 8 3.0584695
1238 11 4.020445
1238 20 3.675291
1238 56 2.4787452
1240 3 3.782
1240 10 3.7619896
1240 11 3.3116083
1240 27 3.5935588
1240 43 2.6612072
1252 3 3.8102944
1252 11 3.4953325
1252 18 2.4829009
1252 21 3.5724607
1252 50 2.5278187
1255 1 3.2607155
1255 6 2.416911
1255 8 2.9128542
1255 20 4.012295
1255 28 3.1410038
1258 3 3.2584517
1258 8 2.612665
1258 11 2.8134956
1258 18 1.4838893
1258 30 1.9877533
1259 5 2.808751
1259 10 3.2820427
1259 12 3.234649
1259 25 2.3759422
1259 48 3.362221
1262 6 3.2027872
1262 13 2.9867337
1262 18 2.5299416
1262 21 3.209124
1262 29 2.1495686
1264 2 2.3667977
1264 10 3.3654962
1264 14 2.8571324
1264 24 2.073192
1264 35 2.4086316
1266 3 3.861388
1266 7 3.1442666
1266 9 3.5126083
1266 18 2.1462154
1266 69 2.5072305
1271 1 3.3045614
1271 6 2.7393885
1271 7 2.3334649
1271 17 2.0472598
1271 36 1.8537763
1273 3 3.3284502
1273 13 2.3328848
1273 14 2.1287231
1273 31 2.5122123
1273 52 2.2054
1278 3 3.162309
1278 7 3.6278884
1278 10 3.3379335
1278 14 3.2885442
1278 32 2.8321693
1281 2 2.888207
1281 4 2.835625
1281 10 3.2629652
1281 14 2.7297566
1281 33 1.9063146
1306 1 3.077531
1306 4 3.1847258
1306 6 2.7242138
1306 18 1.7010885
1306 55 2.4534678
1331 3 3.4911454
1331 9 3.2029316
1331 11 2.5177126
1331 15 2.3084219
1331 66 2.4212427
1341 3 3.400749
1341 9 3.6155066
1341 10 3.3162816
1341 13 2.5917752
1341 39 2.5900118
1346 1 3.6471746
1346 6 3.054812
1346 12 3.4896612
1346 17 3.0585566
1346 72 3.2667673
1351 1 2.7981784
1351 4 2.8036618
1351 5 2.9205925
1351 11 3.0151865
1351 44 2.8766017
1358 1 3.1484108
1358 9 3.5879273
1358 14 2.7404833
1358 19 2.47562
1358 33 2.4779048
1363 3 3.0456128
1363 6 2.9068391
1363 8 2.9165561
1363 20 3.202321
1363 63 2.2933614
1369 1 3.1101801
1369 8 2.7351487
1369 15 2.5180607
1369 26 3.0112104
1369 36 2.114747
1374 1 3.454625
1374 12 3.3565285
1374 20 4.0835757
1374 32 2.9735987
1374 43 3.094818
1385 7 3.2089624
1385 22 3.1806731
1385 25 2.504789
1385 42 3.74008
1385 67 2.792128
1395 4 2.317057
1395 9 3.2624197
1395 11 2.6905253
1395 19 2.132956
1395 59 2.491697
1401 4 3.328433
1401 7 3.1836112
1401 13 2.8874352
1401 19 2.8849883
1401 25 2.35109
1409 2 2.777264
1409 4 2.6709297
1409 11 2.7688606
1409 24 2.2373261
1409 62 3.0955973
1411 6 2.420354
1411 9 2.235181
1411 10 2.6667573
1411 15 2.3680773
1411 45 2.3316524
1416 2 3.55036
1416 8 2.6956944
1416 11 3.1155272
1416 16 3.0853093
1416 37 2.7907722
1417 3 3.7173843
1417 7 3.9615605
1417 12 3.9236643
1417 21 3.4725423
1417 38 3.7167048
1424 1 3.14405
1424 10 3.2984416
1424 11 3.0451653
1424 18 2.087617
1424 55 2.312391
1429 1 3.318447
1429 5 2.987896
1429 20 3.7506986
1429 31 2.2996798
1429 43 1.7994705
1430 3 3.3720977
1430 8 3.1402545
1430 9 3.5506704
1430 29 2.0140183
1430 63 2.6297863
1436 6 2.8901975
1436 9 4.245952
1436 11 3.1519792
1436 21 3.6015816
1436 79 2.2232842
1452 1 2.8583124
1452 6 2.3596544
1452 8 2.5588768
1452 25 1.0144751
1452 79 1.5811073
1453 1 3.0007577
1453 4 3.1313944
1453 18 2.026255
1453 25 1.8876696
1453 59 2.307636
1462 6 3.0136166
1462 9 3.6535716
1462 11 4.0033636
1462 16 3.4281824
1462 39 2.6592479
1465 2 3.374225
1465 11 3.4293077
1465 12 3.3999908
1465 25 2.3687947
1465 53 2.507024
1467 4 3.3371048
1467 14 3.3629081
1467 19 2.811869
1467 27 3.545346
1467 70 2.421829
1471 1 2.7605648
1471 7 2.777267
1471 12 2.8382435
1471 28 2.711061
1471 67 1.9375298
1475 3 3.35688
1475 11 3.0075696
1475 14 2.7510471
1475 32 2.5331576
1475 59 2.4632852
1485 1 3.277298
1485 14 3.0910957
1485 17 2.5040386
1485 34 1.8149248
1485 49 2.3669171
1488 1 3.5220275
1488 7 2.5694957
1488 16 3.1748846
1488 24 2.2729633
1488 43 1.5619988
1492 2 3.4298017
1492 22 3.2387488
1492 24 2.7984517
1492 31 3.0219529
1492 77 3.302674
1503 3 3.0997896
1503 5 2.4526653
1503 10 3.1086116
1503 24 1.9151063
1503 61 2.0853882
1506 4 2.9409988
1506 9 3.174063
1506 10 2.9976656
1506 28 2.8487945
1506 46 2.3292973
1508 5 2.540819
1508 9 3.6910794
1508 11 2.8908064
1508 15 3.0388627
1508 41 1.6761
1510 3 3.1988223
1510 8 3.109492
1510 14 3.0078588
1510 31 2.7694113
1510 46 2.7207005
1514 3 3.9785576
1514 8 4.035185
1514 14 3.196166
1514 24 3.1675854
1514 44 3.3069546
1515 3 3.5823903
1515 7 3.2894478
1515 8 3.5823665
1515 11 3.4026358
1515 80 3.578349
1516 5 2.4252512
1516 7 2.93028
1516 11 2.66505
1516 24 2.2215602
1516 40 2.1134965
1520 3 3.3301613
1520 11 2.9480586
1520 16 3.3397794
1520 34 1.459375
1520 51 2.5813086
1526 3 3.0912514
1526 11 2.9107192
1526 12 2.8888912
1526 15 3.1048667
1526 34 2.3701694
1527 2 3.3622794
1527 6 3.6186004
1527 8 2.996183
1527 17 2.5969362
1527 40 3.0804849
1548 2 3.2830875
1548 4 3.4542797
1548 11 2.9235337
1548 18 2.2166076
1548 30 3.2754953
1550 2 3.0346534
1550 8 2.8294199
1550 10 3.72899
1550 23 3.4862664
1550 39 2.4959238
1558 7 3.1075878
1558 15 2.632843
1558 17 2.0951483
1558 30 2.1892288
1558 52 2.1480458
1559 1 3.6056497
1559 5 3.1198294
1559 8 2.952526
1559 21 3.2536983
1559 41 2.2671337
1564 3 3.2461605
1564 14 2.5988955
1564 27 2.925098
1564 43 2.0550177
1564 52 2.1638877
1565 6 2.7957573
1565 16 3.179416
1565 19 2.2152848
1565 27 3.4583046
1565 52 2.2989779
1567 8 2.25799
1567 12 2.7021594
1567 15 2.4897556
1567 25 1.8154237
1567 43 1.6847061
1569 2 2.9694662
1569 16 3.0938454
1569 29 1.0840563
1569 37 2.7938955
1569 52 2.2159648
1573 1 2.4156969
1573 8 2.3948815
1573 10 2.9255753
1573 24 1.9201471
1573 54 2.2934606
1574 3 3.1427915
1574 6 2.4405408
1574 9 3.1585953
1574 13 1.0760506
1574 33 2.0201309
1580 5 2.6684484
1580 7 2.928674
1580 9 4.1187167
1580 19 2.5283797
1580 59 2.836145
1584 1 3.0087516
1584 14 2.747825
1584 20 3.392656
1584 28 2.9004931
1584 34 2.0669932
1597 4 2.9572835
1597 18 2.3903205
1597 19 2.3902128
1597 28 3.2354171
1597 63 2.8444867
1603 6 2.9967082
1603 11 3.4470181
1603 17 2.2928855
1603 25 2.436406
1603 43 2.1437051
1604 1 3.0471854
1604 11 2.6967142
1604 17 2.115151
1604 25 2.023873
1604 60 1.5181423
1612 4 3.3931236
1612 9 3.7980096
1612 11 3.841675
1612 29 2.403131
1612 44 3.3937886
1616 5 2.8134542
1616 18 2.392863
1616 21 3.0023112
1616 32 2.8750145
1616 42 3.5124693
1617 6 2.49854
1617 21 2.8593636
1617 23 2.947783
1617 27 2.9169788
1617 47 2.3840399
1618 5 3.048553
1618 10 3.7193303
1618 19 2.851171
1618 34 2.6854625
1618 47 3.0517092
1626 1 2.9453924
1626 4 2.7219212
1626 6 2.6394165
1626 18 1.8754295
1626 49 2.2855606
1627 3 3.5999055
1627 10 3.3993125
1627 18 1.9384282
1627 25 2.3037114
1627 62 3.4776282
1628 2 3.6851168
1628 15 3.1597307
1628 20 3.6276407
1628 31 2.578874
1628 43 2.2735968
1634 6 2.821748
1634 10 3.409941
1634 11 3.1835625
1634 25 3.0482974
1634 87 2.1867523
1640 16 3.117083
1640 26 2.492535
1640 27 2.698238
1640 56 2.0746553
1640 64 2.0538294
1645 4 2.2000182
1645 9 2.5895228
1645 13 1.7882131
1645 25 1.5645455
1645 65 1.8390735
1658 2 2.8550892
1658 12 2.8627698
1658 17 2.5289288
1658 41 1.989125
1658 51 2.5546565
1665 4 2.2715619
1665 11 2.8113317
1665 16 2.8886592
1665 23 2.7894354
1665 44 2.7583153
1671 1 2.8431187
1671 16 2.8128333
1671 17 1.6332833
1671 23 2.7089949
1671 93 1.4620625
1672 1 3.4310727
1672 10 3.3217432
1672 11 2.7228482
1672 16 2.7186494
1672 50 1.8924719
1673 1 2.9191291
1673 13 2.1938088
1673 17 1.9496598
1673 21 2.8265712
1673 58 2.6474605
1674 1 2.5252206
1674 6 2.3129961
1674 8 2.3569324
1674 18 1.4690323
1674 47 1.7469913
1705 6 3.1154869
1705 10 3.6686082
1705 12 3.5151985
1705 16 3.5380774
1705 30 2.80576
1712 1 3.7576149
1712 11 3.6586053
1712 14 3.4302592
1712 20 3.6595278
1712 75 2.7135653
1721 1 1.6445488
1721 11 2.1841266
1721 13 1.6289893
1721 22 2.1006775
1721 32 1.7986215
1726 5 3.4676826
1726 9 4.114322
1726 11 3.1701941
1726 14 3.6128197
1726 55 2.7732062
1730 7 3.1615422
1730 11 2.9111755
1730 15 2.9223924
1730 23 3.2291546
1730 42 3.2440913
1732 3 2.8912206
1732 7 2.7581637
1732 10 3.043186
1732 20 2.1702766
1732 42 2.7620773
1734 2 3.2926555
1734 12 3.4975924
1734 17 2.5607083
1734 30 2.218757
1734 74 2.9881482
1736 1 3.4771874
1736 8 3.088889
1736 12 3.165291
1736 15 2.6027179
1736 39 2.6039412
1738 1 3.0244203
1738 4 2.5859594
1738 5 1.7848842
1738 11 2.8381488
1738 31 2.071891
1746 1 2.3520327
1746 11 2.5034084
1746 12 2.1439536
1746 18 1.5486648
1746 56 1.6499972
1747 2 2.7795074
1747 9 3.213466
1747 16 2.6901507
1747 28 2.8511715
1747 65 2.1688905
1749 4 3.87148
1749 7 3.0707176
1749 11 3.2140243
1749 33 2.6581419
1749 59 2.5786831
1750 6 2.789178
1750 8 3.6882982
1750 11 3.4900122
1750 15 3.084827
1750 50 2.122401
1753 8 2.9338787
1753 13 2.1280313
1753 21 2.8326583
1753 28 2.2833023
1753 44 2.899124
1755 1 2.5697868
1755 7 2.2799072
1755 11 2.6406052
1755 22 2.5061107
1755 36 2.0097418
1756 6 2.7856755
1756 10 3.0500202
1756 13 2.1343293
1756 19 1.5983245
1756 51 2.3556266
1761 1 3.4484844
1761 9 3.1446676
1761 10 2.9416094
1761 15 2.5531723
1761 49 2.4463394
1766 3 3.6797087
1766 9 3.786736
1766 17 2.6242568
1766 25 2.5622716
1766 37 3.1317723
1775 1 3.1434734
1775 5 2.7659242
1775 11 3.2162352
1775 23 3.3418648
1775 75 2.4237242
1781 4 2.7681313
1781 8 3.0611174
1781 9 3.8259268
1781 17 2.3395364
1781 27 3.2049448
1802 1 3.0914404
1802 19 2.5463645
1802 22 2.8681262
1802 35 2.610593
1802 77 2.8320732
1803 2 3.2910187
1803 9 3.7365465
1803 12 3.9519746
1803 25 2.9752705
1803 43 2.787612
1806 4 2.6268885
1806 14 3.0053604
1806 20 3.4365087
1806 26 3.0257509
1806 65 2.262205
1807 8 2.7141047
1807 14 2.756613
1807 15 2.4071667
1807 34 1.0119171
1807 40 2.2067192
1825 4 2.7511115
1825 10 3.4290166
1825 11 3.0693624
1825 30 2.5522752
1825 36 1.4666704
1842 1 2.0114272
1842 6 2.0489771
1842 14 1.110012
1842 21 2.348148
1842 30 1.6876087
1846 1 3.4189115
1846 11 3.21559
1846 19 2.5909216
1846 31 2.6355546
1846 64 2.842454
1852 1 2.8200793
1852 5 1.6483705
1852 6 2.1261206
1852 24 1.6076834
1852 61 1.7434148
1858 5 2.1025896
1858 7 2.7275898
1858 17 2.134429
1858 26 2.5036702
1858 59 2.4793975
1864 9 3.1170342
1864 12 3.1783328
1864 17 2.0572402
1864 23 2.8918738
1864 38 3.0759163
1867 5 2.7924228
1867 7 3.492726
1867 9 3.7150242
1867 15 3.4652405
1867 67 2.5813475
1872 1 3.8011231
1872 16 3.2171748
1872 25 2.2552543
1872 28 3.4370215
1872 87 1.7648911
1874 1 3.0717332
1874 7 1.1943758
1874 12 2.7202036
1874 29 1.9163704
1874 73 2.3638217
1889 1 2.6316962
1889 10 2.789202
1889 16 2.7654302
1889 21 2.8229353
1889 61 1.7521251
1890 2 3.3438125
1890 4 3.2225373
1890 5 2.6074762
1890 18 2.086115
1890 36 2.1614997
1905 2 2.8947835
1905 9 3.395093
1905 12 2.8790455
1905 21 3.0593362
1905 32 2.7524989
1906 8 2.8225493
1906 13 2.3855739
1906 16 3.169784
1906 27 3.2435818
1906 47 2.7511241
1909 3 3.9931016
1909 10 3.3691554
1909 11 3.3777616
1909 24 2.6382992
1909 47 2.4359279
1910 8 2.292497
1910 16 2.5725377
1910 18 1.0
1910 26 2.1344414
1910 54 2.6244624
1920 1 3.235325
1920 7 2.6250181
1920 9 3.3736403
1920 18 2.0064166
1920 46 2.7269676
1923 3 3.4358754
1923 7 3.9721868
1923 8 3.0575638
1923 22 3.046969
1923 54 3.3461726
1927 1 2.5859463
1927 5 2.1298647
1927 6 1.263394
1927 14 1.7992493
1927 75 1.7638218
1937 1 2.9253216
1937 7 2.1921308
1937 8 2.4540038
1937 25 1.6895332
1937 35 2.1369574
1941 3 3.8258247
1941 7 2.9501903
1941 10 3.2769108
1941 30 2.421201
1941 69 2.0168653
1944 4 3.1231527
1944 11 3.1461525
1944 17 2.4012518
1944 41 2.4343882
1944 65 2.0055609
1949 4 4.038807
1949 8 3.016148
1949 12 3.394017
1949 18 2.1689396
1949 54 3.260026
1963 1 3.0542154
1963 6 2.4630637
1963 10 3.1888196
1963 13 2.1950164
1963 29 1.6832885
1965 2 2.4692245
1965 9 3.0543587
1965 12 2.711343
1965 23 2.0937867
1965 58 2.2938995
1966 1 3.1469364
1966 6 3.0594885
1966 14 2.6201875
1966 18 1.5565612
1966 65 2.0094268
1970 7 2.5628676
1970 13 1.0
1970 15 1.0
1970 25 1.892838
1970 33 2.733845
1973 9 3.5488107
1973 12 3.0944781
1973 21 2.6156979
1973 29 2.0122118
1973 47 2.5926912
1987 1 3.4760094
1987 7 3.5923896
1987 15 2.8887732
1987 17 3.0466292
1987 58 3.387529
1993 3 4.569733
1993 15 2.7910633
1993 18 2.6434224
1993 23 3.5060139
1993 57 2.2609477
1995 7 3.3725982
1995 9 3.8655548
1995 13 2.4881895
1995 21 3.1645882
1995 41 2.1156452
2002 6 2.9392095
2002 8 3.762134
2002 9 4.1614695
2002 12 3.3199904
2002 39 2.67245
2004 3 3.3989875
2004 17 3.0932999
2004 23 3.2539496
2004 27 3.1729934
2004 35 2.7337906
2008 6 2.320518
2008 11 2.4525926
2008 25 1.3769292
2008 28 2.556889
2008 39 2.0766068
2012 4 2.6686964
2012 8 2.7832694
2012 10 2.8537524
2012 28 2.5423849
2012 41 1.7741433
2013 1 2.470655
2013 13 2.0807874
2013 15 1.8105335
2013 31 2.2297664
2013 51 2.4364421
2019 2 2.0849657
2019 8 2.5680299
2019 13 1.7171721
2019 16 2.8211684
2019 31 1.9375542
2037 1 3.4709988
2037 7 3.566722
2037 13 2.881794
2037 20 3.9656076
2037 33 2.825805
2038 1 3.908543
2038 9 3.5113707
2038 13 2.4387662
2038 21 3.3456612
2038 31 2.5747008
2042 1 3.7357407
2042 11 3.0951903
2042 25 2.2385068
2042 35 2.63058
2042 39 2.3062234
2049 12 3.321519
2049 15 2.9039302
2049 18 2.0708716
2049 24 2.4144573
2049 52 2.4439635
2051 4 3.2998562
2051 16 3.813079
2051 17 2.57395
2051 24 2.95922
2051 58 2.9582224
2052 2 2.965642
2052 8 3.450728
2052 9 3.382806
2052 13 2.407299
2052 57 1.9329581
2054 1 3.464097
2054 3 4.0735655
2054 10 3.5772274
2054 21 3.4412484
2054 49 2.677502
2056 11 3.4413838
2056 13 2.8241985
2056 14 3.3936894
2056 18 2.4289525
2056 48 3.7118292
2057 2 3.077915
2057 30 2.4455945
2057 33 2.3535998
2057 38 3.5064855
2057 77 3.1091177
2060 3 2.9159977
2060 10 2.4184518
2060 11 2.5161226
2060 19 1.0
2060 39 2.0283837
2063 3 3.3243697
2063 14 2.7617624
2063 16 2.9785879
2063 29 1.8910987
2063 78 1.66238
2070 8 3.0107596
2070 10 3.268953
2070 17 2.7137473
2070 37 2.8252177
2070 52 2.6805735
2071 2 3.2134898
2071 16 3.2746572
2071 17 2.3393095
2071 26 3.2352428
2071 42 3.3911715
2076 1 3.2358046
2076 7 2.7795491
2076 13 2.0886428
2076 20 3.6782415
2076 47 2.4714136
2078 1 3.1208055
2078 4 2.641053
2078 13 2.6466477
2078 23 3.1194491
2078 53 2.1661468
2083 2 3.0608733
2083 12 3.0256412
2083 13 2.4137342
2083 20 3.1033306
2083 58 2.7797022
2084 2 2.7753932
2084 13 2.1739051
2084 24 2.0286713
2084 26 2.7276251
2084 43 1.6897718
2096 3 3.5378869
2096 8 2.9368424
2096 11 3.0469797
2096 26 3.4797997
2096 48 3.564259
2104 1 3.0147846
2104 20 3.7003908
2104 23 2.8944929
2104 29 1.0
2104 56 1.9889551
2109 3 3.307342
2109 11 2.9850292
2109 13 2.236268
2109 26 2.8579578
2109 62 3.1794536
2118 1 3.6159692
2118 4 3.059062
2118 5 2.9839723
2118 16 3.342724
2118 25 2.4811194
2128 4 3.5276365
2128 11 3.0422199
2128 14 2.9968514
2128 18 2.4988337
2128 32 2.747805
2131 3 2.655778
2131 8 2.7065468
2131 9 3.2865188
2131 13 2.0356462
2131 29 1.360327
2133 1 3.4048507
2133 4 3.2515275
2133 5 3.0676935
2133 11 3.5438948
2133 31 2.9179232
2135 2 3.0720189
2135 4 3.2323468
2135 11 2.7724833
2135 22 2.881459
2135 39 2.5267818
2136 4 3.0542808
2136 11 3.1432402
2136 13 2.7041948
2136 19 2.9260857
2136 55 2.3318887
2147 12 3.4481142
2147 21 3.4128757
2147 22 3.5178814
2147 25 2.3702905
2147 39 2.7316184
2157 6 2.8431315
2157 20 3.4911544
2157 22 2.8986263
2157 32 2.8171813
2157 73 2.4109218
2161 6 2.5444102
2161 10 3.6298199
2161 14 2.9247074
2161 21 3.282363
2161 48 3.2830114
2162 1 3.2745297
2162 11 3.2442155
2162 12 3.1059227
2162 15 3.4380426
2162 57 2.1800182
2167 1 3.1427772
2167 4 2.8971913
2167 10 3.4659274
2167 12 2.6428018
2167 33 2.1831484
2173 3 3.4219635
2173 6 2.6996503
2173 11 3.207805
2173 24 2.4740233
2173 41 2.3139954
2176 2 2.4719915
2176 10 2.2570565
2176 13 2.0310347
2176 28 2.7325585
2176 70 1.7889893
2178 1 2.984427
2178 8 2.5871868
2178 15 2.438938
2178 29 1.8825595
2178 55 2.0088818
2181 2 3.5033376
2181 17 2.4996104
2181 21 3.4804575
2181 34 2.513956
2181 65 2.6041715
2184 3 3.271751
2184 7 2.5062616
2184 8 2.8129864
2184 13 1.3975389
2184 28 2.737408
2187 2 3.5490108
2187 5 2.837289
2187 10 3.566793
2187 22 3.4077272
2187 36 2.4716682
2192 2 2.1578789
2192 16 2.5292773
2192 17 1.9223546
2192 33 1.4918098
2192 78 1.5578412
2193 4 3.6380272
2193 6 3.1885161
2193 15 3.1230533
2193 26 3.3819177
2193 48 3.9001489
2194 1 3.4231594
2194 5 2.9493732
2194 6 3.4091144
2194 13 2.9850512
2194 30 2.6844869
2201 2 2.8918264
2201 15 2.3382733
2201 16 2.946243
2201 18 1.5081865
2201 53 1.8944706
2206 4 2.6977096
2206 11 2.453501
2206 14 2.977114
2206 28 2.9389238
2206 57 1.6334205
2210 2 3.0541668
2210 7 2.8775582
2210 9 3.240965
2210 43 2.047363
2210 73 2.4851327
2217 1 3.5989158
2217 6 2.9722648
2217 7 3.373669
2217 11 3.7003562
2217 21 3.7724974
2219 4 3.239235
2219 12 3.552867
2219 23 3.3191655
2219 38 3.5239093
2219 67 2.5340207
2225 5 3.2784066
2225 11 3.3782573
2225 12 3.4513984
2225 18 2.313762
2225 32 3.2936294
2228 4 3.5898519
2228 10 3.625338
2228 14 3.3850703
2228 18 2.3932304
2228 49 2.8681104
2230 3 2.547575
2230 8 1.7859681
2230 11 2.0988588
2230 18 1.8178059
2230 38 2.5466366
2243 3 3.8027325
2243 5 3.2312572
2243 9 3.7936208
2243 17 3.0076594
2243 33 2.67302
2246 12 3.0182126
2246 16 2.6550806
2246 23 2.7624342
2246 29 1.2270858
2246 70 1.7826054
2249 1 2.6184137
2249 6 2.3929455
2249 11 2.1768131
2249 18 1.4359946
2249 42 2.8430843
2251 1 2.895395
2251 8 3.247167
2251 9 3.0339217
2251 14 2.7036686
2251 42 2.3059742
2252 1 3.3086038
2252 17 2.3275163
2252 23 3.4437664
2252 28 2.935255
2252 43 2.0148532
2255 2 3.1546428
2255 7 3.2833383
2255 8 3.045148
2255 14 3.0826008
2255 60 2.1856735
2256 3 3.4998882
2256 8 2.6500466
2256 13 2.357597
2256 18 1.8869381
2256 36 2.21772
2258 8 2.708329
2258 16 3.121917
2258 17 2.0159981
2258 25 2.2386992
2258 69 2.031834
2274 1 2.9390907
2274 6 2.5033064
2274 8 2.6789353
2274 15 2.2735014
2274 31 1.9451255
2281 2 3.1021802
2281 14 2.8565621
2281 19 2.3120472
2281 25 1.9181533
2281 85 2.2505078
2282 5 2.247316
2282 9 2.7151582
2282 12 2.7128658
2282 15 1.6327364
2282 46 2.3061125
2286 2 2.6871965
2286 6 2.445539
2286 10 2.2605693
2286 22 2.6023889
2286 46 2.4505534
2291 2 3.0487201
2291 20 3.5369573
2291 28 1.9973694
2291 33 1.78984
2291 69 1.8765769
2296 1 3.3881624
2296 21 3.40714
2296 25 2.6484778
2296 37 2.9484293
2296 71 2.8222857
2303 3 3.1896408
2303 11 2.9497116
2303 19 1.6771649
2303 29 1.7704266
2303 53 1.6877933
2310 2 2.4659045
2310 7 2.3897245
2310 13 1.6464491
2310 16 2.7338893
2310 82 2.8401887
2317 1 3.144369
2317 7 2.5746002
2317 16 3.2181377
2317 19 2.3859756
2317 39 2.211648
2337 1 3.834948
2337 3 3.7588756
2337 20 3.6173868
2337 39 2.6101217
2337 59 2.552883
2339 3 3.4579973
2339 5 2.0726573
2339 6 2.448051
2339 12 2.919445
2339 39 1.7843261
2340 5 3.6396952
2340 11 3.087514
2340 14 3.1315184
2340 20 3.672365
2340 42 3.5187435
2347 1 3.7334707
2347 5 3.0070605
2347 7 3.164684
2347 11 3.4523373
2347 50 2.2768602
2360 6 2.6894107
2360 11 3.2309687
2360 12 3.3591514
2360 21 3.1173801
2360 30 2.3337448
2374 2 3.37562
2374 12 3.8328688
2374 15 3.0113723
2374 32 2.946576
2374 66 3.0379896
2375 3 3.1158698
2375 6 3.0188658
2375 8 2.600476
2375 12 2.7777965
2375 54 2.8744104
2381 1 3.3646975
2381 5 2.745477
2381 15 2.6245153
2381 20 3.540714
2381 30 2.6209013
2384 1 3.3439188
2384 8 2.8760684
2384 19 2.2856889
2384 39 2.4199722
2384 62 3.197741
2387 1 3.4647274
2387 12 2.9041796
2387 20 3.1662717
2387 23 3.0923445
2387 71 2.3843417
2390 1 3.0904486
2390 7 2.6529741
2390 9 3.1101067
2390 22 1.8733206
2390 38 3.0493336
2392 3 3.2297232
2392 12 3.3589299
2392 20 3.453542
2392 26 2.6589186
2392 52 2.328379
2394 1 3.2483475
2394 3 3.1789973
2394 7 2.9287405
2394 12 3.0170908
2394 38 3.3755183
2399 1 2.6935894
2399 20 2.8524368
2399 22 2.4969866
2399 33 2.025356
2399 51 2.2126462
2414 2 2.8643897
2414 6 2.7178054
2414 8 2.7206042
2414 23 3.3653188
2414 83 2.0880291
2415 3 3.0079722
2415 5 2.535701
2415 6 2.5700693
2415 19 2.1096919
2415 46 2.699242
2424 4 3.3331654
2424 7 3.355359
2424 8 3.2370484
2424 21 3.4837914
2424 39 2.8144035
2427 7 3.028192
2427 11 2.8961155
2427 12 3.2411902
2427 24 2.323817
2427 59 2.7371783
2430 3 3.5733209
2430 11 3.200641
2430 12 3.3990562
2430 15 2.435146
2430 23 3.2366002
2435 7 2.98596
2435 17 2.5890393
2435 20 3.6557667
2435 33 2.3507483
2435 52 1.9429493
2442 10 3.4833345
2442 12 3.1813173
2442 14 2.6649132
2442 27 2.999102
2442 36 2.2258854
2450 1 2.5494363
2450 8 2.5878303
2450 14 2.6876934
2450 20 3.1419835
2450 48 2.6562648
2453 9 3.6461139
2453 13 2.7459762
2453 18 2.5098825
2453 27 3.2584112
2453 78 2.3437898
2456 1 3.3463504
2456 7 3.234837
2456 9 3.7857962
2456 15 3.0550797
2456 53 2.588388
2457 1 2.836379
2457 10 3.6451964
2457 11 2.9488258
2457 15 2.7354302
2457 37 2.7364383
2465 5 2.566817
2465 11 2.9815862
2465 14 3.3608932
2465 21 3.0734043
2465 50 2.321091
2468 6 2.91329
2468 9 3.0372572
2468 11 2.9855669
2468 14 2.7558854
2468 27 2.9059153
2474 2 3.792784
2474 4 3.1128583
2474 7 3.0340784
2474 15 3.0125961
2474 33 3.0672283
2475 2 3.4481401
2475 7 3.082649
2475 9 3.7495303
2475 17 2.5583963
2475 42 3.3737717
2479 1 3.0239315
2479 11 2.5782468
2479 14 2.8028526
2479 25 1.7108651
2479 35 1.9740845
2485 1 3.211554
2485 19 3.0260592
2485 25 2.7771223
2485 28 3.8741755
2485 35 2.7382717
2487 11 2.4184616
2487 17 1.5967025
2487 21 2.8011572
2487 28 2.2854443
2487 58 2.4510443
2497 3 3.3851295
2497 5 2.8480887
2497 10 3.359422
2497 23 3.395239
2497 52 2.5701737
2499 4 2.695442
2499 8 2.6531897
2499 9 3.3924122
2499 16 2.9608302
2499 33 1.4031136
2504 9 3.738261
2504 19 2.7200963
2504 22 3.1259146
2504 26 2.942758
2504 31 2.7124052
2507 7 2.8210232
2507 12 3.2086446
2507 17 2.1931553
2507 28 2.5071583
2507 66 2.5548887
2509 1 3.7920003
2509 8 3.14921
2509 14 3.3728485
2509 20 3.829685
2509 77 3.1343918
2516 6 2.5028138
2516 8 2.3495212
2516 11 2.8097684
2516 18 1.4558691
2516 32 1.9598706
2527 3 3.1921906
2527 5 2.65355
2527 7 3.242677
2527 12 3.169076
2527 41 1.9439573
2530 9 3.5921896
2530 11 3.165999
2530 16 3.4398046
2530 22 2.8352833
2530 32 2.95819
2540 1 3.2466319
2540 8 2.8930187
2540 12 3.4336
2540 24 2.393546
2540 53 2.6930103
2542 1 3.644219
2542 11 3.1743586
2542 13 2.850145
2542 24 2.4843514
2542 45 3.0401554
2545 4 2.9988995
2545 15 2.475189
2545 18 1.7030214
2545 22 1.5452068
2545 55 1.9439692
2562 10 3.0154173
2562 15 2.5325682
2562 23 3.082521
2562 30 2.390427
2562 41 2.1264155
2565 3 3.4818857
2565 8 3.9816458
2565 11 3.4482298
2565 45 3.051962
2565 70 2.141373
2567 7 3.3442245
2567 12 3.5115447
2567 16 3.5344236
2567 30 2.8021061
2567 61 2.623884
2580 2 3.006763
2580 10 3.3427706
2580 23 3.3268855
2580 28 2.8894343
2580 41 2.0139098
2592 5 2.6747613
2592 12 3.6529133
2592 24 2.4353056
2592 26 2.9058077
2592 50 1.9169136
2596 1 3.1702957
2596 7 2.7162733
2596 14 2.8315656
2596 25 1.4771825
2596 33 2.0332153
2597 5 2.4323368
2597 9 3.5991895
2597 11 2.843566
2597 15 2.6121097
2597 66 2.6741343
2600 5 2.3670497
2600 14 3.0853384
2600 21 3.1213698
2600 26 2.6347418
2600 67 2.1419954
2604 4 2.6451848
2604 6 2.1024399
2604 10 2.973406
2604 20 3.14272
2604 38 2.7178988
2609 4 3.3348742
2609 10 3.691158
2609 20 3.6463535
2609 32 3.0545566
2609 52 2.4334574
2611 2 2.7314236
2611 6 2.8636293
2611 12 2.7304761
2611 21 2.14212
2611 94 1.0
2613 3 3.0649016
2613 21 3.1411493
2613 22 2.7280207
2613 31 2.4010324
2613 42 3.1984007
2616 9 3.8791335
2616 15 3.1223311
2616 17 2.7166543
2616 20 3.889899
2616 44 3.4303539
2624 1 2.9816482
2624 13 1.7169759
2624 15 2.5120852
2624 29 1.5529326
2624 51 2.4791448
2627 2 2.6492434
2627 11 2.259041
2627 17 1.8582728
2627 25 1.4375721
2627 73 2.1513708
2630 1 2.6860163
2630 5 2.3081915
2630 8 2.361476
2630 30 1.4430027
2630 51 2.1391263
2637 3 3.2786443
2637 19 2.2973576
2637 22 3.369633
2637 24 2.2346413
2637 62 3.4363766
2638 2 3.7591958
2638 11 3.8372204
2638 16 3.4541261
2638 23 3.469677
2638 33 2.8254724
2646 2 2.9507344
2646 7 2.6955671
2646 10 3.187188
2646 21 2.7725437
2646 63 2.4690409
2649 2 3.072552
2649 7 2.314881
2649 9 3.446263
2649 13 2.1772037
2649 35 2.4484892
2661 7 1.7700839
2661 17 1.0451008
2661 27 2.8623517
2661 30 2.0344994
2661 62 2.9311435
2666 6 2.9297483
2666 14 3.2169836
2666 18 2.2734268
2666 28 3.1186428
2666 70 2.2415888
2667 3 3.0756617
2667 6 2.3970919
2667 9 2.5282066
2667 14 2.6832147
2667 35 2.0876331
2677 1 3.1263857
2677 8 2.869207
2677 10 3.2530155
2677 16 2.7100601
2677 49 2.315655
2682 4 2.8906538
2682 8 3.0227094
2682 22 2.8585906
2682 30 2.6572566
2682 52 2.5236788
2683 4 3.2426631
2683 11 3.3000648
2683 12 3.2587085
2683 20 3.732431
2683 40 2.7125106
2689 9 3.857822
2689 18 2.0487132
2689 19 2.4167502
2689 31 2.3524132
2689 54 3.3218703
2699 1 3.4313376
2699 3 4.348389
2699 5 3.0513065
2699 15 3.089321
2699 40 3.3396418
2704 4 2.7835815
2704 8 2.6470525
2704 14 2.0129628
2704 18 1.8446203
2704 46 2.5814838
2711 2 2.7692623
2711 17 1.4738467
2711 27 3.109734
2711 40 2.0361943
2711 65 2.0796266
2714 5 3.6515026
2714 17 2.3371732
2714 19 2.6644
2714 27 3.6422334
2714 40 2.641654
2717 1 2.9505405
2717 4 2.8644068
2717 7 3.6585417
2717 20 3.6963406
2717 36 1.8385105
2721 1 3.3873467
2721 7 3.5493457
2721 8 2.967465
2721 14 3.470704
2721 28 3.475165
2724 1 3.6503222
2724 12 3.5723896
2724 14 3.408679
2724 19 2.8576398
2724 35 3.0863411
2726 6 2.8220434
2726 12 3.1635523
2726 14 2.9116213
2726 21 3.1917117
2726 39 2.5307329
2733 3 3.884858
2733 9 3.6242924
2733 11 3.1782858
2733 23 3.3677661
2733 77 3.2769454
2740 1 3.2593138
2740 5 2.4806662
2740 11 2.6815138
2740 36 1.1764956
2740 67 1.606824
2755 13 2.539869
2755 24 2.9080267
2755 29 2.4250052
2755 38 3.6159236
2755 58 3.0767708
2759 2 3.1909742
2759 10 3.5076404
2759 12 3.5114694
2759 24 2.3266966
2759 48 3.3959596
2762 2 2.7656815
2762 5 2.2237911
2762 7 2.3561525
2762 20 2.9458375
2762 31 2.1237729
2772 3 3.206362
2772 11 2.8003933
2772 12 3.1349933
2772 18 2.1688046
2772 33 2.2762814
2777 2 2.826971
2777 9 3.3687718
2777 10 3.3322353
2777 14 2.901674
2777 42 3.4852695
2782 1 2.719107
2782 11 2.266232
2782 12 2.7799366
2782 30 1.8343985
2782 52 1.2961476
2789 1 2.896498
2789 9 3.3948233
2789 14 2.9765303
2789 23 2.957662
2789 70 1.9923055
2792 1 2.6198645
2792 6 2.1916568
2792 9 3.0891683
2792 18 1.017446
2792 42 2.7626257
2793 3 3.708122
2793 15 3.1878424
2793 19 2.704472
2793 28 3.1367936
2793 38 3.543831
2797 6 2.7019267
2797 8 4.269487
2797 12 2.9876995
2797 37 3.472626
2797 53 2.0783327
2800 2 3.7261076
2800 10 3.5739913
2800 11 3.4007719
2800 19 2.7192726
2800 52 2.2535698
2803 3 3.44945
2803 8 3.6008656
2803 16 3.2585797
2803 21 3.1858945
2803 45 2.9113576
2814 1 3.5479112
2814 10 3.6233883
2814 14 3.306268
2814 22 3.1851437
2814 48 3.6244078
2816 3 3.4577594
2816 10 3.346581
2816 12 3.2043276
2816 14 3.0282516
2816 27 3.3298156
2817 9 3.0505424
2817 14 2.4090052
2817 25 1.9250187
2817 28 2.7579002
2817 54 2.9137447
2818 2 2.975795
2818 6 2.4207408
2818 16 3.1773498
2818 25 2.1319425
2818 41 1.5507326
2825 2 3.3421674
2825 12 3.5084133
2825 17 2.193544
2825 30 2.7580125
2825 47 2.8966248
2833 3 3.607532
2833 5 2.4775167
2833 11 2.8930986
2833 19 2.083331
2833 39 2.6345704
2842 2 3.1695476
2842 4 2.934757
2842 6 2.6581488
2842 12 3.0884354
2842 45 2.6161215
2847 7 2.9212065
2847 14 2.9406514
2847 15 2.727982
2847 24 2.2846258
2847 48 3.4112115
2848 4 2.3565106
2848 11 3.2124357
2848 23 3.1147985
2848 27 3.1084964
2848 44 3.0731397
2853 3 3.8435693
2853 7 3.4240851
2853 14 3.1815224
2853 19 2.7224596
2853 25 2.3963587
2855 6 3.5119925
2855 12 3.5508006
2855 13 2.8097022
2855 24 3.0485685
2855 53 2.7557719
2866 2 3.3048687
2866 7 3.3057108
2866 11 3.6580963
2866 14 3.6389585
2866 43 2.8925502
2874 5 3.7894812
2874 8 2.5725484
2874 27 2.3739123
2874 49 2.218428
2874 66 2.3535886
2879 2 2.9037983
2879 10 3.0516386
2879 17 1.9011849
2879 32 2.425387
2879 44 2.857307
2882 2 2.8748944
2882 13 2.3111875
2882 20 3.4591618
2882 27 3.201411
2882 62 3.311985
2885 1 3.1897104
2885 11 2.9515688
2885 12 3.136857
2885 28 2.67512
2885 77 2.9891982
2896 1 3.5586185
2896 5 2.9633183
2896 9 3.786659
2896 15 3.0298567
2896 35 2.9946375
2897 2 3.3586607
2897 9 3.6802561
2897 13 3.2655213
2897 21 3.3883054
2897 45 3.3505542
2901 2 3.1623313
2901 6 2.2512193
2901 9 3.5845735
2901 15 2.6974597
2901 42 3.0843563
2920 8 3.1392558
2920 15 2.393551
2920 25 2.3328228
2920 28 3.6241589
2920 50 1.8867651
2926 2 3.2358305
2926 9 3.4364538
2926 10 3.2981684
2926 18 2.5038588
2926 52 2.3135233
2944 2 3.3745217
2944 5 2.943643
2944 11 3.3449945
2944 15 3.0101814
2944 41 2.4819274
2953 1 2.3724477
2953 5 2.5286314
2953 6 2.5902345
2953 11 2.6865897
2953 23 2.6777656
2955 3 2.5805717
2955 10 2.5095048
2955 11 2.0812213
2955 21 2.211062
2955 33 1.0
2957 1 3.591589
2957 7 3.7088978
2957 16 3.3571208
2957 24 3.0098999
2957 36 2.8496692
2961 4 2.006406
2961 9 2.501893
2961 15 1.7450907
2961 21 2.157032
2961 42 2.1936305
2967 1 2.8550022
2967 18 1.0
2967 20 3.042884
2967 32 2.378785
2967 52 1.6861447
2968 2 2.6795614
2968 12 3.2210877
2968 18 2.0621314
2968 23 3.0452976
2968 58 2.6784751
2971 1 3.3333411
2971 4 3.2668645
2971 12 3.4293807
2971 18 2.1024241
2971 53 2.5222757
2975 3 3.1083977
2975 10 3.0628617
2975 12 2.909452
2975 42 2.9071624
2975 49 2.2512512
2978 1 3.4817412
2978 25 3.0155509
2978 28 3.4345033
2978 40 3.3809953
2978 52 2.8301406
2985 4 3.1493745
2985 10 3.1510665
2985 11 2.9160068
2985 23 2.8918867
2985 76 2.1718168
2986 8 2.4773324
2986 19 2.0655687
2986 20 3.2201297
2986 23 3.0272262
2986 43 1.7258557
2994 6 2.8883703
2994 9 3.8710213
2994 12 3.1240745
2994 18 2.0052245
2994 72 2.7184317
2996 3 3.524103
2996 12 3.0172715
2996 16 3.7756863
2996 32 2.8924358
2996 73 2.6039214
2999 3 3.081574
2999 11 2.3962667
2999 12 2.674221
2999 31 2.057874
2999 70 1.5588313
3001 3 4.1433725
3001 12 3.56432
3001 15 2.8038433
3001 23 3.1434975
3001 41 2.3844984
3004 7 3.1126983
3004 10 3.466817
3004 22 3.0169835
3004 29 2.623818
3004 38 3.6974514
3009 1 3.4066844
3009 12 3.2566524
3009 15 2.8666804
3009 31 2.5961459
3009 59 2.9653494
3015 3 4.3418245
3015 7 3.847448
3015 11 3.0956159
3015 20 3.5614345
3015 53 2.4469886
3025 3 3.4256175
3025 6 2.8430295
3025 8 2.9472966
3025 20 3.387115
3025 60 2.051379
3027 4 2.9592047
3027 10 3.5576463
3027 13 2.452903
3027 17 2.294587
3027 35 2.4374754
3062 3 4.0689816
3062 12 3.8167193
3062 16 3.1252768
3062 47 2.6209965
3062 54 3.4371555
3070 5 3.321982
3070 9 3.8385468
3070 12 3.448046
3070 25 2.8253992
3070 62 3.714109
3087 9 3.9498274
3087 14 3.447472
3087 19 2.7296605
3087 28 3.1826754
3087 55 2.8914518
3091 1 3.3212175
3091 6 2.9920409
3091 10 3.5690358
3091 22 3.046118
3091 50 2.5098648
3092 4 3.095033
3092 12 3.0633566
3092 17 2.2211578
3092 21 3.117534
3092 86 2.2295933
3096 1 3.4135644
3096 6 2.7787583
3096 16 3.0771475
3096 31 2.7072651
3096 52 2.5969694
3100 1 3.2960434
3100 6 2.248762
3100 12 2.9528239
3100 25 1.8131837
3100 34 1.5922954
3102 12 3.0035589
3102 14 2.8398483
3102 16 3.0264378
3102 22 2.718724
3102 55 2.3655558
3121 1 2.4370441
3121 12 3.204761
3121 14 3.4186413
3121 25 2.3468587
3121 55 2.6297548
3124 4 2.6853592
3124 13 2.0719545
3124 17 2.096067
3124 25 1.6125593
3124 38 3.4380388
3125 2 3.1888206
3125 4 2.6351428
3125 5 2.3780384
3125 18 1.6497697
3125 43 1.8659042
3126 4 3.0255418
3126 12 3.2472231
3126 14 3.2875166
3126 21 3.5680919
3126 39 2.8654504
3138 5 1.3490403
3138 7 2.2163074
3138 8 2.8037603
3138 10 3.46906
3138 33 2.3176606
3139 1 3.0241563
3139 7 3.0954835
3139 9 4.080097
3139 18 2.2959404
3139 84 1.7996719
3149 10 3.4270866
3149 18 2.1439013
3149 19 3.4183977
3149 23 3.4608634
3149 49 2.9121773
3151 2 2.6486208
3151 5 2.352328
3151 7 2.8351731
3151 11 2.8025017
3151 40 2.2931993
3157 2 3.4691606
3157 6 3.155938
3157 10 3.7090592
3157 18 2.427202
3157 51 3.0441132
3165 1 2.8429074
3165 5 2.8101652
3165 7 3.3105605
3165 12 3.0960102
3165 31 2.722978
3169 1 3.1545515
3169 5 2.9452257
3169 10 3.2666566
3169 14 3.2693381
3169 28 3.0434663
3181 2 3.6245415
3181 9 4.129376
3181 13 2.9214299
3181 19 2.6016688
3181 36 2.5959654
3186 4 2.5122194
3186 17 1.5488849
3186 20 3.428294
3186 26 2.7320492
3186 38 3.3111882
3189 1 3.2348213
3189 10 3.2863626
3189 12 3.0905104
3189 16 3.345163
3189 38 3.550662
3197 7 4.0299563
3197 11 3.3102224
3197 16 3.683897
3197 18 2.1385589
3197 39 2.6818519
3199 5 2.8957574
3199 14 2.8427262
3199 17 2.4815586
3199 21 3.124028
3199 67 2.43304
3205 5 1.9938903
3205 13 1.8601152
3205 20 2.9274294
3205 27 2.055887
3205 77 2.7370365
3210 2 2.6803956
3210 7 2.599564
3210 9 3.0728574
3210 17 1.9103783
3210 49 2.1086836
3211 1 3.1456285
3211 7 2.9201536
3211 8 2.6152391
3211 18 2.173143
3211 79 2.1367881
3213 1 3.403917
3213 5 2.5576584
3213 8 2.8831558
3213 12 3.0699322
3213 25 2.252841
3215 3 3.0885618
3215 7 2.4987364
3215 15 2.3749542
3215 19 2.0536864
3215 41 1.917345
3218 1 2.6451821
3218 7 2.9590557
3218 8 2.6913054
3218 17 1.9392104
3218 46 2.5743911
3222 4 2.8991277
3222 9 3.4679477
3222 10 3.2107458
3222 20 3.5754955
3222 26 2.7636902
3241 7 2.4860096
3241 17 2.0753465
3241 21 3.0395885
3241 30 2.3760965
3241 50 1.7817401
3244 6 2.5276709
3244 14 2.820715
3244 18 1.8436956
3244 20 3.5278387
3244 36 2.2399585
3246 3 3.4555671
3246 20 3.5987377
3246 22 3.018181
3246 34 2.3202093
3246 54 3.5066242
3255 4 3.8411345
3255 9 3.8642116
3255 12 3.3725858
3255 16 3.6504376
3255 29 2.3251503
3260 6 2.8081913
3260 10 3.6725905
3260 14 3.3320959
3260 21 3.410321
3260 44 3.0844111
3263 8 2.953782
3263 23 3.2099555
3263 27 2.9566915
3263 32 2.7013788
3263 56 2.1738408
3266 1 2.9230294
3266 4 1.9312761
3266 6 2.0173259
3266 23 2.8589704
3266 39 1.9350113
3269 1 2.263528
3269 4 2.1860845
3269 5 2.157686
3269 13 1.7865993
3269 39 2.3341331
3273 4 4.062586
3273 7 4.1551466
3273 8 3.0452042
3273 18 2.254831
3273 53 2.3684177
3281 1 3.8815444
3281 10 3.6401188
3281 18 2.8959427
3281 29 2.4717956
3281 47 2.720923
3293 1 3.3998165
3293 4 3.096492
3293 10 3.696765
3293 21 3.3519356
3293 51 2.907487
3295 2 3.0557508
3295 6 2.7151716
3295 9 3.5296502
3295 14 3.1321301
3295 28 3.0940466
3300 6 1.2396429
3300 12 2.9917228
3300 21 2.8553915
3300 26 2.3639667
3300 54 3.0784116
3307 6 2.3715916
3307 14 2.2537098
3307 17 1.5697036
3307 30 2.2044494
3307 52 1.8982761
3317 3 3.4077017
3317 9 3.5558777
3317 11 2.721802
3317 32 2.595796
3317 67 2.1516526
3324 2 2.9847608
3324 8 2.8159618
3324 10 3.179625
3324 31 2.3605397
3324 36 1.3680508
3326 6 2.375044
3326 12 3.1339176
3326 21 3.0088215
3326 28 2.8699334
3326 45 2.513931
3327 1 3.1168923
3327 14 2.991031
3327 17 2.737864
3327 28 2.8402371
3327 71 2.5144434
3333 2 3.281509
3333 12 3.464529
3333 13 2.9536574
3333 21 3.633308
3333 54 3.460726
3343 4 2.758884
3343 11 2.1210902
3343 14 2.7547188
3343 21 2.3547633
3343 42 2.9248295
3345 2 2.6632156
3345 12 2.746087
3345 13 1.2589074
3345 22 2.2552118
3345 51 2.1697946
3352 2 3.744421
3352 6 3.0872357
3352 9 4.0007997
3352 16 3.843161
3352 44 3.4739895
3353 1 3.0619934
3353 4 2.601088
3353 14 2.6857798
3353 23 3.2399697
3353 58 2.595613
3355 1 2.8233438
3355 19 2.7423294
3355 25 2.5378742
3355 39 2.2529478
3355 89 2.705325
3357 5 2.3456182
3357 9 3.1672647
3357 12 3.0060859
3357 15 2.1128712
3357 45 2.0866213
3367 5 3.3598075
3367 14 3.1285622
3367 17 2.6988378
3367 23 3.4864497
3367 43 3.0870247
3369 1 3.0535433
3369 9 4.0101986
3369 10 3.4007025
3369 14 3.472732
3369 21 3.3081036
3371 2 3.568349
3371 4 2.9917858
3371 7 3.0038676
3371 35 2.7001631
3371 47 2.3691232
3373 7 3.6293628
3373 13 3.2315044
3373 15 3.494413
3373 17 2.5982313
3373 65 2.6008759
3375 10 3.1498733
3375 19 2.030268
3375 22 2.6976993
3375 28 2.5737965
3375 42 3.1793542
3376 2 3.064143
3376 7 2.86274
3376 8 2.7455807
3376 13 2.1486385
3376 53 1.965709
3392 8 2.6852744
3392 11 3.0649881
3392 12 3.4522576
3392 24 2.0043974
3392 60 1.8780379
3399 3 3.1831307
3399 6 2.4095798
3399 7 2.647218
3399 11 2.6870713
3399 27 2.8517666
3400 4 2.7273493
3400 13 2.1052253
3400 17 2.1100132
3400 21 2.6073747
3400 32 2.6914725
3403 7 4.081957
3403 14 3.4547625
3403 15 3.3985405
3403 19 2.881147
3403 50 2.4932978
3405 7 3.1369362
3405 11 3.286044
3405 15 2.700378
3405 19 2.3678222
3405 26 2.8307471
3410 5 1.9854994
3410 9 3.2480593
3410 10 3.3021784
3410 22 2.5841813
3410 44 2.9323206
3412 2 3.1161618
3412 13 2.1902838
3412 18 2.0677059
3412 31 2.232306
3412 46 2.7677903
3438 1 2.7597957
3438 12 2.7450588
3438 15 1.944286
3438 23 3.07852
3438 69 2.0133994
3441 10 3.2495782
3441 12 2.9126592
3441 14 2.2162857
3441 17 1.8792853
3441 27 2.9918807
3442 1 3.4391575
3442 9 3.6655889
3442 12 3.6996772
3442 32 3.0179405
3442 54 3.44558
3457 1 2.947195
3457 13 1.1918802
3457 37 2.6110349
3457 39 2.2021544
3457 60 1.62321
3463 3 3.5859613
3463 10 3.439944
3463 11 3.1027012
3463 21 3.51213
3463 30 2.532096
3466 2 2.4362855
3466 10 2.9313912
3466 15 2.322933
3466 28 2.560079
3466 42 2.7307959
3470 9 3.885077
3470 15 2.9266524
3470 17 2.567745
3470 30 2.1549413
3470 61 2.4683905
3475 5 2.3099353
3475 18 1.5602688
3475 23 3.0317514
3475 35 2.8753538
3475 49 1.8248479
3480 4 2.2229905
3480 11 1.867058
3480 15 2.356625
3480 24 1.8532702
3480 37 2.5269926
3485 1 2.6244013
3485 9 3.0488875
3485 13 1.531293
3485 15 2.1303523
3485 56 1.8211004
3490 1 2.7177937
3490 12 2.6669817
3490 15 2.557715
3490 23 3.0946698
3490 62 3.4927857
3491 6 2.8640423
3491 16 3.5363395
3491 21 3.6248872
3491 24 2.7390225
3491 47 2.7801144
3492 3 3.4379513
3492 10 3.4518783
3492 16 3.1803007
3492 26 2.853973
3492 71 2.7824218
3493 2 3.1897042
3493 15 2.7786987
3493 17 2.4045188
3493 32 3.1576836
3493 62 3.3558593
3497 4 2.7217731
3497 9 3.1018646
3497 12 2.874594
3497 20 3.1775537
3497 43 1.4718361
3498 2 2.5234613
3498 8 2.4893627
3498 23 2.9107122
3498 36 2.0028825
3498 58 2.5937634
3499 5 2.6008604
3499 15 2.8225906
3499 17 2.437033
3499 28 3.1399755
3499 53 2.2092087
3501 3 3.576684
3501 6 3.082785
3501 7 3.1321414
3501 19 2.8895967
3501 87 2.4680417
3502 7 2.4501991
3502 11 2.29181
3502 17 1.3517365
3502 22 2.079739
3502 61 1.5948343
3505 3 3.428806
3505 8 2.6963286
3505 10 3.7008753
3505 19 2.75731
3505 81 2.3202844
3514 1 2.947186
3514 4 2.5414543
3514 7 2.0863545
3514 20 2.3623636
3514 36 1.0
3525 5 2.4329338
3525 12 2.8595815
3525 14 3.0906518
3525 18 1.7580056
3525 45 2.4996676
3529 3 3.1887224
3529 7 2.6142788
3529 11 2.6188805
3529 24 1.631638
3529 31 1.5809801
3534 1 3.067061
3534 4 2.945297
3534 11 2.8691256
3534 23 3.1341398
3534 59 2.2646475
3539 2 3.3011053
3539 8 3.086986
3539 11 3.6012058
3539 29 2.8036075
3539 52 3.0117376
3542 6 2.3727403
3542 10 3.1484284
3542 13 2.0209694
3542 17 2.1856968
3542 51 2.4831903
3544 2 3.044849
3544 11 3.0974066
3544 12 2.8004837
3544 22 2.852091
3544 44 3.1085744
3547 3 3.695721
3547 11 3.1591573
3547 14 3.2897158
3547 37 2.9981604
3547 60 2.2765722
3550 2 3.3951051
3550 5 3.3285027
3550 7 3.6491466
3550 17 3.1131766
3550 42 3.4630601
3555 3 3.2421057
3555 9 2.868792
3555 24 2.0533593
3555 32 2.6170714
3555 55 2.1699045
3561 2 2.8792088
3561 8 2.7274003
3561 10 3.1149511
3561 26 2.4560366
3561 36 2.0921295
3572 2 3.2996664
3572 7 3.1323123
3572 8 2.987475
3572 19 2.8986552
3572 38 3.8262346
3581 6 2.3020244
3581 16 2.8193383
3581 20 3.2384014
3581 31 2.3036747
3581 55 2.6203282
3583 1 3.2177663
3583 6 2.7401218
3583 7 2.9725132
3583 13 2.406632
3583 45 2.6744447
3585 2 3.057912
3585 13 2.2812676
3585 16 2.4943554
3585 28 3.0085301
3585 48 3.2436736
3587 3 2.1379302
3587 9 3.1084275
3587 11 2.750854
3587 13 1.9203702
3587 35 1.7231889
3588 5 2.311966
3588 12 2.7707818
3588 15 2.3102999
3588 24 2.0688186
3588 32 2.226479
3598 7 3.3551862
3598 11 3.153533
3598 18 2.0947344
3598 26 2.935854
3598 49 2.5947802
3609 4 1.8090112
3609 6 2.4163027
3609 10 3.0076585
3609 20 2.9309516
3609 51 2.2578354
3616 2 2.9925938
3616 6 3.4000947
3616 8 2.840257
3616 22 2.8174362
3616 64 2.1956217
3618 2 3.662045
3618 12 3.2820625
3618 14 3.1215668
3618 25 2.897087
3618 81 2.345409
3621 2 3.0774045
3621 15 2.6320977
3621 22 3.0095165
3621 28 3.1237853
3621 57 1.6384643
3623 2 2.5820928
3623 15 3.1886456
3623 37 3.002912
3623 48 3.5087729
3623 75 2.7463448
3631 2 3.1965802
3631 8 3.0391903
3631 13 2.8171802
3631 16 3.0397735
3631 41 2.416836
3632 1 2.7434502
3632 6 2.4009156
3632 7 2.9242215
3632 12 2.6999352
3632 28 2.4676554
3633 5 3.1453264
3633 8 3.3090806
3633 15 2.8887727
3633 17 2.598543
3633 33 2.6877053
3636 1 3.1440094
3636 7 2.7861595
3636 8 2.3468056
3636 17 1.9241885
3636 36 2.0940094
3638 4 2.0385468
3638 6 1.8283491
3638 9 2.5340338
3638 15 1.7772315
3638 26 1.9102314
3649 7 2.3153417
3649 9 2.9777238
3649 18 1.0
3649 27 2.8451917
3649 76 1.9373989
3659 2 3.4714346
3659 7 2.8685184
3659 15 2.8523746
3659 19 2.7389953
3659 41 2.6107376
3660 3 3.4152472
3660 6 2.570478
3660 9 3.4239721
3660 18 2.1931064
3660 27 3.0312095
3661 2 3.2640872
3661 6 3.3187587
3661 7 3.3816547
3661 14 3.8043199
3661 55 2.6547332
3673 7 2.876996
3673 14 2.6570878
3673 16 3.053776
3673 24 2.402853
3673 37 3.095744
3676 2 2.4986916
3676 9 3.2993164
3676 24 2.2196221
3676 44 2.8812833
3676 75 2.347897
3692 8 2.8562791
3692 19 2.5608284
3692 20 3.4670353
3692 27 3.328209
3692 64 2.6223574
3698 4 2.5783713
3698 8 2.6247897
3698 11 2.4831223
3698 13 1.2354631
3698 50 1.3615695
3700 15 3.529
3700 24 2.5742388
3700 25 2.4237192
3700 37 3.5388553
3700 52 2.3878605
3706 7 3.5480914
3706 15 2.9198666
3706 18 2.5469198
3706 38 3.9208174
3706 54 3.3974462
3707 2 2.8796034
3707 4 2.8921807
3707 5 2.561653
3707 11 3.271353
3707 32 2.3917725
3711 1 3.7666209
3711 4 3.2057946
3711 7 3.1924472
3711 13 2.9653344
3711 28 3.4511735
3714 2 3.2403622
3714 17 1.9832766
3714 18 1.705818
3714 26 3.2230144
3714 39 2.072586
3716 5 2.9024775
3716 18 2.2771192
3716 19 2.6340287
3716 44 3.1565745
3716 55 2.6872964
3720 4 2.8395598
3720 7 2.4840884
3720 8 2.8560836
3720 25 1.8890604
3720 45 2.6164234
3729 5 3.1217675
3729 12 3.6391351
3729 14 3.4754245
3729 32 3.2973373
3729 62 3.7974439
3731 5 3.005894
3731 17 2.1222806
3731 30 2.084794
3731 38 3.3544228
3731 66 2.6753283
3732 1 3.0939896
3732 9 3.4295702
3732 10 3.2680154
3732 18 2.2030916
3732 49 2.030682
3734 2 3.314161
3734 10 3.5540597
3734 15 2.9498208
3734 23 3.4501815
3734 61 2.5129893
3740 2 3.2303567
3740 12 3.2687907
3740 15 2.6227846
3740 20 3.8904006
3740 58 2.991995
3741 3 3.819087
3741 9 3.2776394
3741 15 2.831463
3741 24 2.269844
3741 60 1.6927139
3744 1 2.940743
3744 13 2.215386
3744 15 2.5905895
3744 29 1.9135066
3744 54 3.0872443
3758 2 3.2617369
3758 6 3.0775628
3758 8 3.1303399
3758 24 2.9901276
3758 48 3.9182258
3767 5 2.2323914
3767 13 2.6409051
3767 18 2.126593
3767 26 2.4460545
3767 49 2.4475794
3768 3 3.6563091
3768 6 3.0576518
3768 18 2.3289156
3768 23 3.5068948
3768 43 2.4548192
3772 6 2.394673
3772 14 2.6222217
3772 17 1.4912677
3772 24 1.8788024
3772 49 2.1288643
3779 1 3.5065622
3779 5 3.0784593
3779 6 3.3164384
3779 30 2.7937407
3779 69 2.904269
3786 2 2.234949
3786 5 2.8626318
3786 6 2.3923635
3786 14 2.6774242
3786 38 3.124721
3792 1 3.5540164
3792 13 3.233388
3792 23 3.5023086
3792 32 3.3851423
3792 38 3.6594675
3795 5 3.5822706
3795 18 2.3740096
3795 19 2.6725018
3795 34 3.191517
3795 49 2.6421075
3801 3 3.5819025
3801 8 3.051334
3801 14 3.7535195
3801 25 2.3935447
3801 50 2.6386108
3808 3 3.4625878
3808 12 3.7452233
3808 20 3.655936
3808 23 3.7868366
3808 31 2.679129
3815 1 3.5054922
3815 5 2.8326488
3815 6 2.6899474
3815 13 2.5793319
3815 40 2.3279731
3825 2 3.4979706
3825 5 3.067092
3825 14 3.4207492
3825 20 3.9011984
3825 52 2.7346325
3828 1 3.9965858
3828 7 2.9893115
3828 9 3.9713614
3828 22 3.0341997
3828 54 3.3404827
3848 4 2.3049676
3848 16 2.7780242
3848 19 2.2618985
3848 29 1.532718
3848 43 1.7378633
3853 5 2.8088574
3853 10 3.7441604
3853 19 2.504853
3853 34 2.2425437
3853 47 2.5854893
3856 1 2.8441322
3856 7 3.2823408
3856 8 2.8802743
3856 15 2.8652296
3856 27 3.0445278
3857 1 3.0656385
3857 8 2.6718657
3857 13 2.110899
3857 18 1.7546339
3857 93 1.6695042
3860 1 3.5865655
3860 3 3.6139202
3860 8 3.1342435
3860 11 3.8245609
3860 76 2.466404
3863 1 3.5391634
3863 13 2.6720943
3863 16 3.5793877
3863 25 2.7711835
3863 42 3.6143723
3868 2 2.9404006
3868 8 2.6926005
3868 14 2.6870816
3868 23 2.7495358
3868 49 1.9462634
3870 4 2.8895845
3870 6 2.5610197
3870 8 5.0
3870 23 3.1036994
3870 30 2.3057227
3873 1 3.1526358
3873 4 2.2621458
3873 10 2.9465227
3873 24 2.0288498
3873 79 1.8671515
3876 1 3.5167735
3876 3 3.5103183
3876 7 3.4625235
3876 11 3.3657622
3876 49 2.7682483
3879 5 2.9911292
3879 14 3.0843499
3879 22 2.8047547
3879 30 2.5334723
3879 60 2.1899486
3881 6 2.7404268
3881 10 3.3814173
3881 11 2.9047232
3881 23 3.047574
3881 61 1.8743514
3886 8 3.108561
3886 10 3.5759892
3886 11 2.9616437
3886 14 3.1125107
3886 32 3.0762093
3888 2 2.897865
3888 12 3.1285706
3888 16 2.9993436
3888 37 2.3652475
3888 57 1.7609235
3890 6 3.133088
3890 11 3.0685833
3890 20 3.9359722
3890 37 3.3887513
3890 48 3.505398
3891 2 2.9846177
3891 11 2.9063897
3891 12 3.269557
3891 19 2.1406758
3891 62 3.2757833
3895 4 2.693302
3895 12 2.7956629
3895 15 2.6877065
3895 19 2.4052892
3895 43 1.9114261
3896 3 3.4516826
3896 6 2.6366298
3896 9 3.318958
3896 11 2.830744
3896 43 1.9847178
3901 7 2.6276891
3901 12 2.7950094
3901 13 2.0618079
3901 22 2.5101745
3901 46 2.3562825
3902 3 3.3521152
3902 8 2.8137257
3902 10 3.386341
3902 18 2.1137567
3902 40 2.8053033
3903 1 3.4667397
3903 13 2.5692255
3903 15 2.8760264
3903 21 3.2007017
3903 62 3.388547
3904 3 3.156097
3904 6 1.4942318
3904 13 1.9951595
3904 32 2.110866
3904 79 1.7279226
3906 1 3.5341465
3906 7 3.2888937
3906 10 3.6096237
3906 13 2.7230124
3906 40 2.7516913
3911 4 2.7225883
3911 7 3.0019448
3911 11 3.0415459
3911 19 2.1389575
3911 45 2.6299784
3912 1 3.0935566
3912 7 2.8483038
3912 16 3.038503
3912 27 3.0343513
3912 58 2.712861
3917 6 2.4669003
3917 18 1.957699
3917 19 1.9598273
3917 25 2.0663722
3917 72 2.7767906
3919 2 2.2506716
3919 9 2.6431336
3919 11 2.2211444
3919 17 1.4806545
3919 34 1.4567025
3924 1 3.5653257
3924 9 4.220577
3924 10 3.556685
3924 17 2.6480784
3924 38 3.7407644
3935 2 2.5580204
3935 13 1.4503973
3935 14 2.4093468
3935 25 1.7697583
3935 46 2.0270717
3936 4 3.0836682
3936 21 3.4699645
3936 23 3.0782049
3936 33 2.605199
3936 53 2.1971576
3943 1 3.1085496
3943 4 2.9883122
3943 5 2.5894206
3943 11 2.6903298
3943 60 1.6942308
3944 6 2.7550478
3944 8 2.3042498
3944 12 3.1018176
3944 21 2.9641035
3944 72 2.456708
3969 2 3.2520523
3969 8 2.8719156
3969 14 3.2292542
3969 22 3.253164
3969 40 2.8484402
3973 2 2.8262367
3973 10 2.575237
3973 11 2.4679322
3973 13 1.9981697
3973 42 2.8444362
3983 10 2.4332323
3983 17 1.4233165
3983 18 1.1513748
3983 41 1.3007393
3983 69 1.4806342
3984 2 2.8533309
3984 9 3.5933118
3984 14 3.5485525
3984 19 2.702073
3984 48 3.1942084
3987 7 1.5468619
3987 15 1.968616
3987 26 2.1364717
3987 29 1.3280473
3987 33 1.3450116
3990 2 3.5543964
3990 19 2.9261355
3990 23 3.6904168
3990 34 2.7604272
3990 69 2.841697
3991 7 3.2592454
3991 11 3.3301837
3991 14 3.004596
3991 22 2.923407
3991 58 2.9441617
4001 3 3.0140464
4001 6 2.2033017
4001 11 2.5461135
4001 18 1.8120291
4001 22 2.6239452
4003 7 2.8438342
4003 21 3.5565336
4003 22 3.1532671
4003 36 2.523894
4003 63 2.2422295
4010 4 3.070135
4010 9 3.6058304
4010 17 2.3697228
4010 27 3.2441773
4010 44 2.9034586
4011 1 3.211035
4011 6 2.875135
4011 20 3.5914493
4011 35 2.676748
4011 78 1.8387449
4013 8 2.5864987
4013 19 1.0
4013 29 1.0
4013 40 1.8235073
4013 60 1.6024681
4015 1 3.6260097
4015 5 2.2608416
4015 8 2.8533924
4015 27 2.81694
4015 72 2.616172
4021 3 3.6370375
4021 6 3.1456935
4021 8 3.6705132
4021 15 2.8585646
4021 35 2.7061658
4023 2 2.7845356
4023 6 1.9142864
4023 7 2.6617475
4023 15 2.7216032
4023 31 2.172619
4028 5 2.3541214
4028 15 2.3100653
4028 16 2.5853124
4028 29 1.5461199
4028 42 2.7053447
4038 2 2.6898654
4038 6 1.9392184
4038 7 2.6465251
4038 16 2.793442
4038 31 1.8134896
4039 1 3.1306531
4039 10 3.257665
4039 13 2.5202825
4039 19 1.95018
4039 75 2.4621587
4053 3 3.6168327
4053 14 3.3651843
4053 20 3.709432
4053 33 2.9529572
4053 52 2.2234511
4054 8 2.7233346
4054 14 2.7618587
4054 19 1.5647995
4054 30 2.1764088
4054 47 2.456603
4060 3 3.7168107
4060 14 2.9797783
4060 17 2.2998943
4060 24 1.9241302
4060 72 2.8626068
4070 1 3.4646435
4070 4 3.24134
4070 10 3.6706522
4070 23 3.6235547
4070 49 2.9646342
4075 2 2.8537505
4075 4 2.6218402
4075 19 2.1688385
4075 24 2.0062115
4075 59 1.8864721
4082 1 3.041229
4082 13 2.0844755
4082 19 2.06789
4082 28 2.4733644
4082 48 3.1581566
4085 1 3.3129551
4085 5 2.8212976
4085 9 3.4667704
4085 17 2.6546514
4085 41 2.2801292
4086 1 3.3040855
4086 11 3.5256844
4086 12 3.2853575
4086 16 3.776425
4086 32 2.9389842
4088 5 2.3636298
4088 9 3.2217507
4088 10 2.5139513
4088 17 1.7984704
4088 39 1.798671
4089 3 3.8987179
4089 10 3.6818256
4089 12 3.4959629
4089 22 3.6211343
4089 48 3.6616113
4091 1 3.0165732
4091 9 3.481249
4091 16 3.195456
4091 29 1.5829108
4091 79 1.8950481
4092 2 2.4624403
4092 6 3.3267348
4092 8 2.6135209
4092 19 2.1042871
4092 48 3.416242
4094 1 2.5234668
4094 9 3.5265396
4094 21 3.4597363
4094 27 2.8197515
4094 50 2.1303012
4102 4 3.605887
4102 7 3.6434727
4102 9 3.733134
4102 17 2.5506332
4102 36 3.1555328
4104 7 2.4483244
4104 9 3.4096243
4104 17 2.095227
4104 30 2.498413
4104 47 2.476617
4106 4 3.520186
4106 7 3.2719123
4106 15 3.4380538
4106 23 3.8329308
4106 43 2.271184
4117 3 4.0536838
4117 6 2.9079833
4117 8 2.972507
4117 12 3.286552
4117 26 2.938044
4119 4 2.4813464
4119 7 2.3425763
4119 8 1.3435667
4119 11 2.5743864
4119 43 1.1937616
4124 2 2.8562036
4124 11 3.1028416
4124 19 2.359444
4124 21 3.2642293
4124 39 2.743792
4126 1 3.7912335
4126 6 3.5761356
4126 14 3.2903612
4126 32 3.0814016
4126 49 2.7619696
4131 1 3.470508
4131 4 3.3210087
4131 6 2.7480993
4131 19 2.6356282
4131 47 2.8098447
4144 3 3.9013336
4144 11 3.0435467
4144 16 3.2349117
4144 19 2.3832626
4144 36 1.7428259
4149 1 3.1193926
4149 16 2.9789512
4149 18 1.7599714
4149 23 2.9859421
4149 35 1.5072514
4154 1 3.5206494
4154 4 3.253203
4154 5 2.9253492
4154 15 2.9918876
4154 55 2.8047137
4164 2 2.608678
4164 5 2.5952096
4164 6 2.5373592
4164 26 2.8743894
4164 61 2.1129127
4166 1 3.0416095
4166 7 3.1339095
4166 8 2.7212765
4166 11 2.9978623
4166 36 2.344336
4168 5 2.1846464
4168 18 2.0068462
4168 26 2.7105286
4168 29 2.0100627
4168 48 3.2976158
4170 8 2.842557
4170 16 3.0716586
4170 22 2.8247964
4170 30 2.4288373
4170 73 2.770337
4175 1 4.1258183
4175 3 3.6345987
4175 13 2.5602252
4175 30 1.9993815
4175 53 2.685011
4176 2 3.0950859
4176 6 3.155817
4176 8 2.8713813
4176 20 3.515494
4176 34 2.1441486
4177 1 3.4204879
4177 6 2.643984
4177 11 3.084825
4177 20 3.4855506
4177 66 2.7145274
4182 7 2.8209205
4182 10 3.5323694
4182 16 2.307908
4182 40 2.366448
4182 79 1.9056542
4188 2 3.7499404
4188 9 3.624047
4188 15 3.1089373
4188 29 2.3587952
4188 40 2.9513826
4191 5 2.4419835
4191 8 2.6550617
4191 11 2.9688027
4191 15 2.4853587
4191 38 3.0411658
4192 2 2.511164
4192 14 2.6114519
4192 19 1.2323787
4192 25 1.1346241
4192 35 2.3107953
4195 4 2.943733
4195 16 3.1713307
4195 18 2.3091934
4195 25 2.5572374
4195 38 3.3464258
4206 2 3.130947
4206 7 3.2515264
4206 17 2.2187614
4206 28 3.0523555
4206 50 2.1065547
4222 4 3.0617902
4222 13 2.385964
4222 14 3.1460147
4222 20 3.6152809
4222 28 3.239519
4223 1 3.3658032
4223 3 3.442436
4223 4 2.9124844
4223 8 2.953776
4223 24 2.1453278
4225 1 2.9071717
4225 8 2.4581802
4225 12 3.031272
4225 22 2.3573477
4225 35 2.145962
4228 2 3.455896
4228 11 3.4263687
4228 13 2.8091834
4228 18 2.4139373
4228 38 3.773827
4229 1 3.4867277
4229 16 3.253845
4229 19 2.4605706
4229 22 3.0826907
4229 59 2.4003363
4230 6 3.1791875
4230 10 3.8131728
4230 13 2.9564457
4230 19 3.4312327
4230 45 3.6765647
4232 3 2.901221
4232 7 2.3809688
4232 8 1.8985274
4232 25 1.7566017
4232 39 1.552063
4237 4 3.2684665
4237 13 2.140725
4237 14 2.719029
4237 23 2.9401925
4237 52 2.3692648
4241 1 3.17301
4241 6 2.675879
4241 7 2.872635
4241 10 3.281695
4241 53 1.7558954
4243 1 3.1284833
4243 12 2.9197488
4243 17 2.0734508
4243 34 2.0233905
4243 65 1.7676038
4254 7 3.219844
4254 17 2.2617338
4254 22 2.9411366
4254 31 2.658072
4254 71 2.7774699
4259 1 3.7316928
4259 8 3.122673
4259 10 3.726695
4259 18 2.8339586
4259 42 3.8106623
4263 1 3.8292875
4263 4 3.2113326
4263 8 3.8526254
4263 12 3.4533186
4263 19 2.896887
4266 8 2.6348684
4266 11 2.7396493
4266 19 1.9034822
4266 24 1.8939294
4266 33 2.206377
4271 1 3.4898596
4271 12 3.5480583
4271 13 2.8914971
4271 24 2.4535334
4271 48 3.6301947
4274 1 3.5829709
4274 11 3.2894151
4274 14 2.9033592
4274 27 3.4566293
4274 52 2.448119
4276 1 3.0523992
4276 7 2.2514763
4276 15 2.2763765
4276 26 2.410772
4276 46 2.3010347
4278 6 2.86254
4278 13 2.6081133
4278 16 3.334643
4278 26 2.8188474
4278 65 2.4470143
4279 4 3.3291893
4279 10 3.672113
4279 16 3.541582
4279 20 3.8354418
4279 29 2.4943423
4283 6 2.7136316
4283 13 2.7621403
4283 21 3.746008
4283 27 3.3238268
4283 53 2.5657969
4289 2 3.1483233
4289 12 3.69729
4289 15 3.3433158
4289 19 2.5548677
4289 27 3.1927004
4292 2 3.2458463
4292 11 3.7455144
4292 12 3.5774813
4292 24 2.5255854
4292 53 2.5320406
4296 4 2.5804906
4296 19 1.7502326
4296 21 2.766893
4296 26 2.555937
4296 39 1.7098594
4298 10 3.3505945
4298 20 3.379901
4298 22 2.8085563
4298 27 3.2048745
4298 42 3.1073518
4301 5 2.2455819
4301 11 2.7536263
4301 19 2.2643232
4301 21 2.8478174
4301 39 2.30324
4303 2 3.1197944
4303 15 2.7224963
4303 24 2.2279477
4303 29 2.0986257
4303 52 2.0525966
4304 2 2.4225237
4304 4 2.8465695
4304 5 2.0647714
4304 10 3.1395597
4304 34 2.1441772
4308 4 2.389247
4308 7 2.534399
4308 15 2.344319
4308 26 2.5628357
4308 48 3.1463745
4314 2 3.3036883
4314 5 3.3195767
4314 6 3.4088845
4314 12 3.5353062
4314 25 2.4737973
4315 6 2.0988739
4315 8 2.764426
4315 9 3.2291481
4315 36 2.306711
4315 47 2.8680253
4316 5 3.4214177
4316 14 3.165426
4316 17 2.584553
4316 39 2.6205082
4316 65 2.4478147
4318 4 3.913262
4318 6 3.4472864
4318 14 3.4234555
4318 24 3.0244217
4318 58 3.2652879
4321 1 3.0131974
4321 6 2.731091
4321 10 3.3387568
4321 17 2.4130023
4321 42 3.3687043
4322 13 2.2067385
4322 19 2.1058848
4322 22 2.782815
4322 30 2.3027375
4322 59 2.3506818
4323 1 3.3559425
4323 12 2.763838
4323 13 2.1762784
4323 23 3.0551152
4323 38 3.1018887
4324 3 4.0144725
4324 11 3.22202
4324 12 3.56716
4324 17 2.4375606
4324 24 2.7344916
4332 3 3.2019253
4332 22 2.5398035
4332 23 3.053391
4332 33 1.97001
4332 42 2.9100137
4344 1 3.2880697
4344 5 2.0401554
4344 7 2.6094522
4344 9 3.2333527
4344 52 1.8167046
4349 3 3.5149553
4349 7 3.033567
4349 12 3.8508368
4349 17 2.2308934
4349 66 2.6863456
4353 4 2.5677485
4353 20 3.4291584
4353 21 2.903786
4353 27 3.0749164
4353 46 2.6352248
4366 1 2.9730704
4366 14 2.6324322
4366 15 2.523603
4366 33 2.1500208
4366 46 2.4106798
4368 5 2.803231
4368 10 3.8514476
4368 22 3.2744758
4368 24 2.6316442
4368 29 2.3547955
4374 2 3.143988
4374 7 3.037031
4374 12 2.907339
4374 34 2.298024
4374 65 2.1883984
4387 3 3.3824463
4387 8 3.2940714
4387 14 3.3327959
4387 32 2.9478064
4387 73 2.9574685
4389 4 2.387869
4389 10 2.7264347
4389 16 2.614099
4389 37 2.269933
4389 77 2.5625663
4391 2 1.870271
4391 6 1.6588846
4391 10 2.928638
4391 15 1.5441103
4391 32 1.9994136
4400 1 2.484757
4400 5 2.0779407
4400 13 1.9591843
4400 30 1.0
4400 50 1.0
4402 1 3.2719214
4402 3 3.324102
4402 4 3.0884924
4402 32 2.919624
4402 72 3.1425514
4409 1 3.4816997
4409 8 2.9851077
4409 9 4.042421
4409 12 3.3021793
4409 21 3.5483034
4411 2 3.27552
4411 9 3.3047411
4411 24 2.212433
4411 35 2.6313405
4411 64 2.4695373
4418 7 3.1585512
4418 13 2.5902514
4418 16 3.396218
4418 23 3.2382052
4418 50 2.3880665
4420 2 1.9671036
4420 7 1.1592612
4420 8 2.6677113
4420 15 2.1586318
4420 34 1.7064575
4421 1 3.3961089
4421 8 2.75831
4421 25 2.2802896
4421 31 2.501633
4421 62 3.0243754
4438 5 2.1211765
4438 12 2.8220246
4438 13 2.211427
4438 22 3.0528345
4438 47 2.8278494
4439 4 2.7088907
4439 9 3.012476
4439 12 2.7029445
4439 28 2.518427
4439 47 2.4458945
4442 1 3.3977854
4442 6 3.1594038
4442 9 4.0911098
4442 14 3.478116
4442 31 2.820258
4447 2 3.3565652
4447 15 2.992225
4447 16 3.465933
4447 33 2.74776
4447 57 2.296411
4448 2 2.6924033
4448 7 1.79649
4448 10 2.213067
4448 12 2.6357908
4448 42 2.702579
4449 1 3.1681917
4449 12 3.2942002
4449 14 3.3330784
4449 25 2.7635221
4449 39 2.536042
4451 7 2.7318606
4451 11 2.8694324
4451 24 2.199727
4451 27 2.8453372
4451 43 1.7698334
4457 3 3.658592
4457 6 3.312629
4457 9 3.9639182
4457 12 3.896283
4457 23 3.5745764
4462 2 3.2704222
4462 16 3.2128341
4462 19 2.275445
4462 27 3.3909335
4462 50 1.7967957
4464 4 2.6911097
4464 15 2.0684257
4464 16 2.7990694
4464 36 1.5187131
4464 47 2.2454333
4472 1 3.1786277
4472 5 2.3205142
4472 7 2.5425248
4472 10 3.2439685
4472 24 1.7302753
4478 1 3.4920998
4478 7 2.2865646
4478 18 1.8730946
4478 34 2.1297839
4478 39 1.9135741
4485 5 1.6937561
4485 10 2.4923391
4485 13 1.6403685
4485 27 2.4973567
4485 51 2.4677193
4495 1 3.1860464
4495 8 3.0923936
4495 11 2.7219274
4495 16 3.0309527
4495 40 2.3663921
4496 1 3.3929226
4496 16 3.0333993
4496 17 1.9640547
4496 25 1.9861419
4496 76 2.4602947
4506 1 3.2157056
4506 6 2.7065887
4506 8 2.9279823
4506 17 2.3818412
4506 62 3.5145807
4508 1 3.259912
4508 5 2.5916774
4508 7 2.712403
4508 15 2.4540265
4508 26 2.601491
4510 3 2.604486
4510 8 2.6190825
4510 11 2.791701
4510 20 3.3318927
4510 35 1.8661487
4513 3 2.6936843
4513 11 2.1660004
4513 12 2.9862387
4513 17 2.1019464
4513 36 1.2717899
4527 3 3.7267249
4527 9 3.8337522
4527 10 3.6811888
4527 14 3.3640685
4527 28 3.3204288
4530 2 2.4555984
4530 19 2.3949695
4530 21 2.9033
4530 29 1.7480484
4530 53 1.7507021
4535 2 3.266119
4535 7 2.677376
4535 10 3.3430045
4535 14 3.4929163
4535 40 2.5383737
4538 2 2.435688
4538 4 2.2783957
4538 12 1.0
4538 20 2.4850774
4538 27 1.2011771
4540 1 3.000217
4540 11 2.678056
4540 16 2.5309565
4540 33 2.2737107
4540 64 1.7676582
4542 6 3.483023
4542 16 3.9329553
4542 17 2.3520243
4542 29 2.2684724
4542 65 2.4191947
4544 4 3.0568678
4544 9 3.5523548
4544 11 3.1303656
4544 13 2.5131803
4544 28 3.0390315
4550 3 2.758693
4550 11 2.47867
4550 16 2.622756
4550 26 1.9783404
4550 72 2.3167636
4554 8 2.651824
4554 10 3.1696877
4554 15 2.5556955
4554 22 2.750232
4554 31 2.3720849
4555 7 2.7611141
4555 19 2.4161887
4555 21 2.9213917
4555 35 2.551869
4555 73 2.4342437
4560 6 1.8490961
4560 9 3.0436444
4560 11 2.7987611
4560 22 2.1882472
4560 42 2.9077592
4563 2 3.4004467
4563 10 3.6403453
4563 12 3.4869356
4563 25 2.5684443
4563 70 2.382146
4567 4 2.4871845
4567 8 2.4339561
4567 16 2.85634
4567 29 1.0817423
4567 50 1.3051666
4568 4 2.568798
4568 16 3.079901
4568 17 1.8269463
4568 23 3.147934
4568 36 2.3756778
4570 2 3.5687203
4570 12 3.125445
4570 13 2.4316719
4570 16 3.4678586
4570 35 2.8791628
4580 1 3.5400515
4580 9 3.7311456
4580 10 3.853344
4580 20 3.4327726
4580 42 3.5634773
4583 1 2.7451386
4583 5 2.7431047
4583 18 1.9817536
4583 28 3.0070565
4583 64 2.5128806
4599 1 3.319849
4599 7 3.0855162
4599 12 3.4656708
4599 24 2.2713642
4599 31 2.6446774
4602 1 2.8515387
4602 7 2.7109418
4602 9 3.2258193
4602 30 1.9840083
4602 42 2.818173
4605 3 3.032666
4605 17 1.8652579
4605 20 3.1855092
4605 35 2.5966988
4605 59 1.9926757
4617 5 2.4864676
4617 12 3.3303185
4617 21 3.1290796
4617 34 2.2955236
4617 51 3.0941377
4623 3 3.4063966
4623 11 3.4171734
4623 12 3.2494624
4623 17 2.670634
4623 31 2.712997
4627 1 2.4143639
4627 3 2.6111271
4627 13 1.6450579
4627 16 2.8229172
4627 79 1.6885239
4631 1 3.287373
4631 7 3.219373
4631 9 3.4238632
4631 20 3.4538407
4631 54 3.3747616
4632 2 2.2168398
4632 7 2.8344939
4632 12 3.6885042
4632 17 2.2645419
4632 37 3.1561904
4640 2 3.2265642
4640 6 3.0590305
4640 8 2.8718526
4640 11 3.4940784
4640 26 3.1020806
4644 1 3.8910182
4644 7 2.785574
4644 8 2.851818
4644 17 2.894415
4644 39 2.5213053
4651 7 3.4687324
4651 11 3.744157
4651 17 2.465684
4651 28 3.1341527
4651 57 2.0349782
4653 1 2.7363605
4653 3 2.452101
4653 6 2.232518
4653 12 2.5362527
4653 44 2.6849732
4656 1 2.5456414
4656 7 2.955978
4656 13 2.0973516
4656 23 3.017301
4656 63 2.346366
4661 4 2.777879
4661 13 2.2694204
4661 15 2.567904
4661 21 2.9967692
4661 41 2.0201411
4667 3 3.6790683
4667 8 3.2633536
4667 10 3.7212586
4667 26 3.3668528
4667 59 2.8085585
4668 1 3.5817342
4668 8 3.2781606
4668 9 3.8256297
4668 23 3.4578478
4668 33 2.5189145
4672 1 3.3046968
4672 4 3.2509592
4672 13 3.012514
4672 28 3.2618134
4672 40 3.090413
4680 4 3.5905902
4680 9 3.8401995
4680 10 3.705772
4680 12 3.8356187
4680 23 3.3945112
4687 1 2.8196695
4687 3 3.0006924
4687 10 2.4528115
4687 21 2.725134
4687 47 2.0049074
4689 10 3.3729963
4689 17 2.130288
4689 21 2.9984808
4689 29 1.8159037
4689 70 2.0180504
4690 1 2.8768635
4690 5 1.7173822
4690 6 2.503552
4690 24 1.828253
4690 37 2.380876
4695 2 2.804465
4695 9 3.1801405
4695 13 2.1506903
4695 20 3.2034104
4695 50 1.8629768
4700 1 3.7965953
4700 9 3.6633868
4700 15 2.770302
4700 31 2.8629181
4700 42 3.289682
4714 1 2.5784163
4714 9 1.0
4714 10 2.5918736
4714 15 1.0
4714 28 1.0
4719 2 2.261013
4719 6 1.7062244
4719 11 2.1359842
4719 16 1.4571456
4719 60 1.0
4724 2 3.2040443
4724 7 3.4081686
4724 10 3.3852093
4724 13 2.5342739
4724 36 2.3306186
4728 1 3.42944
4728 3 3.7331371
4728 6 3.1146638
4728 14 3.0979683
4728 32 2.983577
4731 4 2.9861598
4731 17 2.4897294
4731 19 3.3464267
4731 21 3.8362837
4731 41 2.4437106
4737 5 2.9386027
4737 12 3.4559703
4737 15 3.005141
4737 28 3.24862
4737 60 2.2188537
4742 6 2.7583122
4742 12 3.2643173
4742 14 3.3740594
4742 19 2.4882789
4742 30 2.320664
4748 2 3.3333087
4748 16 3.3167293
4748 19 2.5252728
4748 41 2.2282424
4748 65 2.7061367
4750 8 3.0656116
4750 11 3.1348226
4750 22 3.041631
4750 33 2.8533747
4750 61 2.2504213
4751 17 2.2481163
4751 24 2.4043214
4751 26 2.8167615
4751 31 2.310393
4751 37 2.5808282
4762 1 2.9160013
4762 6 2.5853286
4762 12 2.8234713
4762 29 1.7550865
4762 36 1.8907542
4765 1 3.641367
4765 9 3.8694074
4765 17 2.7069283
4765 23 3.6129658
4765 57 2.4167912
4780 5 1.46496
4780 11 2.780483
4780 14 2.5108101
4780 18 1.0
4780 50 1.258362
4785 3 3.7416737
4785 26 3.2248986
4785 28 3.3353777
4785 39 2.8344522
4785 58 3.239965
4789 5 2.9633489
4789 8 2.851217
4789 9 3.4910924
4789 31 2.4511807
4789 66 2.7531676
4791 1 3.113144
4791 4 3.2425013
4791 6 3.5497978
4791 12 3.7803893
4791 29 2.2809613
4794 4 3.377497
4794 7 3.0227299
4794 8 2.9725752
4794 16 3.403685
4794 57 2.1400208
4796 2 3.4901717
4796 14 3.1868246
4796 18 2.1068914
4796 26 2.895329
4796 51 2.6517985
4802 1 3.1548023
4802 5 2.594479
4802 9 3.2906737
4802 15 2.6180987
4802 43 1.9093958
4803 3 2.712115
4803 8 2.3412743
4803 10 1.644857
4803 25 1.0
4803 62 2.688772
4805 1 3.4201207
4805 18 2.3787897
4805 22 3.0425696
4805 38 3.8399472
4805 63 2.6115594
4811 5 2.9409769
4811 9 3.6042166
4811 13 2.7217066
4811 22 3.1566305
4811 48 3.7104015
4813 2 2.5874805
4813 8 2.5804853
4813 9 2.8190148
4813 23 2.757888
4813 49 2.0076501
4814 2 2.9864364
4814 12 2.9632468
4814 20 3.390204
4814 32 2.3053117
4814 64 2.1861637
4815 2 3.3514342
4815 4 3.0447936
4815 6 2.9020991
4815 18 2.2714832
4815 59 2.2429848
4820 4 3.016014
4820 10 3.1567206
4820 11 3.0116675
4820 18 2.0254223
4820 33 2.3183196
4822 9 3.5714517
4822 14 3.2604647
4822 15 2.9294643
4822 19 2.4740362
4822 46 2.9151428
4826 1 3.626374
4826 15 3.0976121
4826 17 2.6919353
4826 21 3.5095534
4826 47 3.0342298
4828 9 3.4128377
4828 21 2.6681192
4828 22 2.707202
4828 27 2.9298208
4828 81 1.7236395
4829 3 3.5197837
4829 8 3.3203058
4829 11 3.9394133
4829 20 3.6391287
4829 32 3.1028123
4842 1 3.5360363
4842 22 3.4830675
4842 31 2.895011
4842 40 2.7247524
4842 73 2.8535452
4843 2 3.0747616
4843 10 3.1033893
4843 11 2.7157252
4843 17 2.1949615
4843 35 2.6716034
4845 3 3.0391166
4845 6 3.1010785
4845 7 1.5580523
4845 23 2.8823624
4845 58 2.4988067
4846 1 2.74883
4846 10 2.6993299
4846 15 1.0
4846 24 1.7627885
4846 37 2.1072438
4847 1 3.018279
4847 23 2.5437274
4847 29 2.1709726
4847 33 2.4319074
4847 76 2.3690426
4850 1 3.381476
4850 7 3.7510362
4850 9 3.7999582
4850 18 2.8175626
4850 36 2.598669
4851 4 2.666927
4851 14 3.014326
4851 20 3.3443673
4851 36 2.3227007
4851 75 2.3585234
4857 2 3.1822016
4857 14 3.2529683
4857 19 2.5936105
4857 28 3.147102
4857 61 2.0648358
4859 3 2.9684947
4859 6 2.7149124
4859 12 3.1314592
4859 24 1.6997159
4859 31 2.5676932
4862 1 3.4221582
4862 14 3.1922204
4862 16 3.402884
4862 25 2.6878202
4862 77 3.0806987
4863 1 3.5325253
4863 4 3.3160803
4863 6 3.33742
4863 9 4.2353716
4863 58 3.2887716
4870 7 2.8692567
4870 10 3.2308624
4870 11 2.6505978
4870 18 1.2510266
4870 44 2.9530685
4875 1 2.8621209
4875 10 2.2116477
4875 14 2.6868773
4875 18 1.7341149
4875 44 2.647316
4879 1 3.7464485
4879 20 3.39369
4879 26 2.7888026
4879 35 2.6906848
4879 51 3.0443327
4880 1 3.2302675
4880 17 2.080079
4880 20 3.0154967
4880 33 1.8862212
4880 49 2.2842655
4886 2 2.6831279
4886 6 2.5288858
4886 9 3.7622347
4886 13 1.9575794
4886 57 1.8375343
4888 3 3.7273505
4888 7 3.117682
4888 9 4.055186
4888 20 3.637337
4888 34 2.7086225
4890 3 3.2736633
4890 12 2.9739704
4890 14 2.509927
4890 17 2.07096
4890 36 2.0896606
4893 3 3.1870968
4893 9 3.3929574
4893 10 3.4938378
4893 25 2.118473
4893 87 2.38475
4894 1 3.041313
4894 7 2.3048408
4894 11 2.8653605
4894 28 2.5372126
4894 36 1.8793857
4898 15 3.3845737
4898 23 3.3778367
4898 25 2.977047
4898 32 3.0115488
4898 49 2.1915174
4901 2 2.8599913
4901 5 1.8819553
4901 13 1.6910489
4901 15 2.0163593
4901 61 2.0747776
4914 8 3.401824
4914 23 3.3016174
4914 28 2.432279
4914 32 2.5799565
4914 43 2.1046827
4925 3 2.60107
4925 7 2.528412
4925 18 1.0
4925 32 2.530356
4925 61 1.9319843
4930 1 2.2811863
4930 12 2.6240802
4930 22 2.1777656
4930 31 1.5712048
4930 77 2.0331771
4931 2 2.8350759
4931 14 2.823004
4931 17 2.043992
4931 26 2.3476634
4931 38 3.3896
4934 7 3.906597
4934 12 3.4639697
4934 13 3.490366
4934 17 2.6689494
4934 26 3.1529357
4935 1 3.9783733
4935 3 3.911572
4935 13 2.5771337
4935 23 3.6066728
4935 46 3.0077448
4938 4 2.8656983
4938 8 2.7860026
4938 11 2.8994143
4938 18 1.7029709
4938 40 2.0983207
4943 4 3.2461495
4943 7 3.443388
4943 11 3.5111737
4943 29 3.0897865
4943 50 2.9685602
4947 2 2.9709527
4947 14 3.3604279
4947 15 2.7256577
4947 23 3.5329306
4947 40 2.384697
4954 10 2.9406838
4954 23 2.7362807
4954 25 1.5243529
4954 30 2.191695
4954 62 3.1440074
4955 2 3.2653375
4955 9 3.6767044
4955 11 3.5117993
4955 21 3.370613
4955 46 3.025371
4961 1 2.9229467
4961 13 1.8487763
4961 14 1.7143288
4961 20 2.8559759
4961 39 1.9763926
4964 2 2.5965111
4964 5 2.1852322
4964 9 2.8680017
4964 15 1.7598569
4964 32 2.1611001
4973 2 3.74262
4973 7 3.767699
4973 11 3.2342603
4973 20 3.5369163
4973 83 2.578615
4975 3 2.8087115
4975 10 2.5188866
4975 15 2.117849
4975 18 1.0
4975 49 2.0374491
4984 2 2.6462471
4984 13 2.2875671
4984 25 1.7085873
4984 38 3.1293566
4984 78 1.8077627
4988 5 3.4146962
4988 9 3.8516471
4988 11 3.2605255
4988 21 3.458769
4988 44 3.1522558
4995 4 3.428418
4995 22 3.0136354
4995 24 2.6347578
4995 30 2.7237802
4995 65 2.085528
4997 1 3.0694978
4997 3 3.139423
4997 5 2.599289
4997 9 3.1532419
4997 77 2.9967542
4998 1 2.6934414
4998 12 2.9450781
4998 15 2.426759
4998 24 1.8669686
4998 47 2.4169602
4999 2 3.605754
4999 4 3.0915678
4999 5 3.1115823
4999 22 3.303186
4999 50 2.2070367
