2 7 2.018629
2 13 1.0
2 18 1.0
2 23 2.4470909
2 61 1.0
3 2 3.2469358
3 7 2.7339995
3 14 3.4581747
3 26 2.74765
3 57 2.1672022
8 4 2.781464
8 7 2.4708006
8 9 3.0267797
8 15 2.3657808
8 28 2.2556262
9 1 3.3233995
9 16 3.4435682
9 17 2.6267624
9 23 3.3480415
9 30 2.7033458
24 1 3.076094
24 4 3.155308
24 7 2.7986553
24 14 3.0942428
24 34 2.251887
28 3 3.4701455
28 7 3.1039824
28 13 2.538014
28 24 2.4844034
28 38 3.502715
33 10 2.4826055
33 17 1.0338653
33 19 2.1308093
33 23 2.8997197
33 35 2.3162801
36 2 2.937191
36 7 2.3937867
36 8 2.6682398
36 10 3.1963396
36 34 2.1868844
46 1 2.492588
46 6 2.0401592
46 11 2.7052472
46 15 2.3566053
46 33 1.9986621
47 3 3.8631625
47 7 3.4969995
47 12 3.6645532
47 28 3.456999
47 52 2.8144877
55 4 2.9199593
55 15 2.6767273
55 17 2.3587723
55 21 3.0424662
55 48 3.2186892
59 1 3.3852031
59 8 2.9826005
59 9 4.3062797
59 12 3.3185441
59 57 1.4933631
65 2 2.2669506
65 11 2.6881728
65 12 2.5328457
65 18 1.7241868
65 85 1.0
66 3 3.2964532
66 8 3.6106534
66 10 3.5249712
66 15 2.8837972
66 47 2.7832253
84 7 2.3833938
84 9 3.3120728
84 10 3.0961845
84 14 3.0813453
84 27 2.922999
86 3 3.22632
86 5 2.493537
86 7 2.909327
86 21 2.684985
86 52 2.1405113
90 1 3.1468532
90 19 2.7339106
90 20 3.471694
90 27 3.213543
90 51 2.6344836
92 4 2.8345807
92 8 1.8174839
92 13 1.6306627
92 31 2.3022523
92 56 2.086188
97 1 3.3520648
97 5 2.620802
97 10 3.1398494
97 27 3.1953979
97 44 3.1146278
102 2 2.8844771
102 7 3.1358144
102 9 3.5455563
102 14 2.9781487
102 32 2.9193025
116 2 3.1245992
116 9 3.7854495
116 10 3.4500337
116 17 2.6735332
116 37 3.022108
121 1 3.4469748
121 12 3.5917842
121 16 3.4878728
121 29 2.6157668
121 55 3.370349
122 1 2.7723427
122 8 2.5221453
122 16 2.8017156
122 35 2.1883063
122 58 2.4652388
124 8 2.847048
124 19 2.3378394
124 21 3.0051866
124 33 2.4149323
124 67 2.2476652
127 3 3.432648
127 13 2.954639
127 29 2.5782404
127 36 2.4723992
127 46 2.9278483
128 3 3.2394931
128 5 2.6132915
128 7 2.8689613
128 12 2.979455
128 38 3.3605406
130 1 3.0638819
130 4 2.7854037
130 7 2.9151163
130 20 3.2542205
130 78 1.5355357
142 5 2.2741861
142 10 2.7951686
142 15 2.4240746
142 27 2.8604753
142 43 1.8512942
146 4 2.9293466
146 9 3.9243555
146 13 2.580989
146 24 2.1639647
146 54 3.5731812
149 2 2.792467
149 7 3.041809
149 11 3.128013
149 24 2.3003767
149 38 3.473067
153 6 3.4409645
153 10 3.5524042
153 12 3.4524596
153 24 2.6733663
153 49 2.7354538
157 1 2.82316
157 5 1.9204363
157 7 2.6849484
157 10 2.9981737
157 36 1.6354665
162 2 3.4523706
162 17 2.3250277
162 19 2.219817
162 29 2.1024327
162 86 1.6734288
163 1 2.8448794
163 11 2.8804493
163 22 2.634397
163 30 1.9765522
163 49 1.9549661
164 5 2.626785
164 16 1.9095371
164 17 2.1759403
164 25 2.16126
164 40 2.3114684
169 1 3.4091158
169 11 3.6861663
169 14 3.0634053
169 23 3.3539927
169 45 2.8138819
170 3 3.3270125
170 6 2.7388883
170 7 2.6817005
170 10 3.090521
170 18 1.8001269
171 1 3.3042984
171 9 3.677937
171 11 3.0836678
171 13 2.4083261
171 41 1.9988334
186 5 2.6213276
186 10 3.5745358
186 21 3.3548608
186 36 2.3313615
186 84 2.845594
188 4 3.449456
188 12 2.9684656
188 13 2.4177556
188 26 2.8991458
188 56 1.9007795
203 4 2.6441357
203 6 2.1131268
203 8 2.5272439
203 18 1.0
203 35 2.1420069
209 2 2.8935413
209 9 3.327808
209 13 1.460979
209 21 2.9187253
209 66 1.2673271
245 1 3.2257526
245 13 2.2230496
245 24 1.668762
245 31 2.40487
245 55 1.553823
255 1 3.1615918
255 5 2.5579214
255 8 2.919045
255 20 3.862006
255 52 2.1486561
256 5 2.8343525
256 13 2.569014
256 15 3.133781
256 26 3.055406
256 60 2.538769
264 1 3.3689659
264 7 3.2791436
264 12 3.7854016
264 26 3.2799802
264 66 2.91277
269 1 3.318407
269 13 2.152958
269 17 1.7492564
269 33 1.8656421
269 51 2.397268
274 2 2.7639306
274 6 2.4224727
274 7 2.3968115
274 28 2.465885
274 36 1.6654499
276 1 3.917108
276 3 3.6683109
276 9 3.9566593
276 17 2.5959313
276 47 2.906798
285 1 3.3094375
285 3 3.685967
285 6 2.8010645
285 16 3.2381392
285 54 3.4156613
292 2 2.7747395
292 9 3.514477
292 18 1.6252121
292 25 1.9593337
292 35 2.0426762
307 1 3.3173435
307 5 3.0881639
307 6 3.0574274
307 17 2.4005246
307 38 3.5845773
310 1 3.1958077
310 19 2.384484
310 21 3.1513326
310 25 2.1952946
310 46 2.5545194
311 5 3.1875777
311 11 3.2173066
311 17 2.551436
311 28 3.5005636
311 34 2.7397366
315 2 3.4265401
315 6 3.113658
315 8 3.2273734
315 24 2.7263026
315 59 2.8513777
316 7 3.7943594
316 23 3.560233
316 36 2.6349819
316 43 2.5536993
316 83 3.356135
320 2 3.0232468
320 5 2.4135144
320 10 3.2387514
320 17 2.1105993
320 31 2.094351
324 8 2.9059029
324 10 3.25867
324 12 2.9424174
324 31 2.3774118
324 51 2.786242
337 2 2.7973206
337 14 2.739925
337 15 2.5373802
337 32 2.4961765
337 75 2.2480133
344 2 3.043271
344 19 2.5823326
344 21 3.1238165
344 27 3.176117
344 82 2.2510808
390 3 3.4826574
390 6 3.215166
390 7 3.4445372
390 13 2.563398
390 47 2.8194642
394 2 2.8233268
394 15 2.8950906
394 16 3.4115572
394 21 3.117299
394 38 3.4501562
396 1 3.4721317
396 4 3.4800544
396 5 3.1772213
396 20 4.132617
396 59 2.7075233
411 3 3.0257382
411 11 3.0115035
411 13 2.2035365
411 34 2.360955
411 62 3.0064757
412 3 2.7673547
412 5 1.9005737
412 10 2.8772418
412 25 1.8156669
412 46 4.3075457
415 1 3.2258863
415 8 2.84016
415 18 2.162631
415 31 2.3226578
415 43 1.2763381
419 4 3.1787765
419 16 3.404631
419 20 3.7096057
419 31 2.9512768
419 68 2.6670623
423 4 3.0247557
423 7 3.11505
423 9 3.8290856
423 12 3.1829724
423 24 2.3946984
430 1 3.2573817
430 15 2.6292598
430 16 3.2048378
430 42 3.1658711
430 58 2.7470784
438 5 2.242738
438 13 1.7701427
438 14 2.638224
438 19 2.1640153
438 34 1.7629179
439 1 3.327208
439 13 2.7430205
439 20 3.9756935
439 27 3.2515345
439 71 3.3518815
440 3 3.724092
440 7 3.306817
440 11 3.6300414
440 29 3.1542537
440 75 2.8564672
447 1 3.5631452
447 8 3.6361058
447 16 3.5808344
447 23 3.6046739
447 34 2.6382794
449 4 3.0736783
449 19 2.4568596
449 21 3.0959134
449 29 2.320212
449 55 2.3108537
459 2 3.6316607
459 10 3.76908
459 13 2.6810908
459 15 2.970609
459 44 3.889469
462 2 2.7937517
462 6 2.7478137
462 7 2.8437443
462 21 2.8660696
462 41 2.114082
471 1 3.634062
471 11 3.9508333
471 19 2.7952821
471 32 3.4552097
471 59 3.1219976
477 4 2.8806088
477 12 3.3486443
477 14 3.3977265
477 40 2.3930285
477 54 3.248742
488 5 3.077474
488 13 1.67187
488 14 2.9255326
488 30 1.0
488 64 1.8405489
493 2 3.1071863
493 12 3.142838
493 16 3.164845
493 20 3.4079595
493 73 2.6245558
498 4 3.5763466
498 12 3.7689116
498 14 3.2667062
498 22 3.1339626
498 33 3.017452
505 1 3.0025017
505 6 2.2882082
505 10 3.2924435
505 17 1.7780468
505 41 2.167791
511 2 3.1745756
511 7 3.0419207
511 11 3.1519248
511 21 3.6645026
511 30 3.2319047
513 11 3.4117548
513 18 2.5299873
513 31 2.608521
513 43 2.3550942
513 59 3.571723
517 3 3.1421423
517 7 2.3127773
517 18 1.0
517 41 1.948284
517 53 1.2707152
520 7 3.8701203
520 13 2.7388027
520 29 2.5048728
520 35 3.1985693
520 56 2.6289954
524 5 2.082696
524 9 3.2576258
524 13 1.9644506
524 23 3.0682085
524 35 2.4527209
529 3 3.053183
529 10 3.0078416
529 11 2.7384107
529 30 2.1448874
529 52 2.0045083
533 3 3.3638859
533 9 3.5998783
533 15 2.664186
533 28 2.8837621
533 46 2.7446456
543 5 2.5531754
543 17 2.230142
543 18 1.53435
543 32 2.6733906
543 53 2.0236027
548 2 3.0627544
548 5 2.7561893
548 19 2.2199433
548 24 2.0060863
548 51 2.6413088
549 12 3.3283417
549 22 2.9339461
549 35 2.6928205
549 37 2.8559606
549 60 2.2492702
552 1 3.1933
552 10 3.511916
552 25 2.6902335
552 28 3.6113062
552 65 2.7435808
559 1 2.5899484
559 5 2.3590283
559 6 2.5243254
559 22 2.612237
559 93 1.0
573 4 2.833901
573 10 3.2854087
573 31 2.4584372
573 42 3.0742993
573 73 2.4040992
574 10 3.6098058
574 12 3.5539918
574 13 2.8160362
574 25 2.3770552
574 45 2.8736434
576 3 3.237453
576 6 2.5004401
576 7 2.597169
576 16 3.065431
576 64 1.5528151
589 1 3.014908
589 5 2.6012573
589 6 2.7082458
589 11 2.7269208
589 50 2.007747
593 15 2.9940414
593 20 3.6318479
593 23 3.6261134
593 25 2.7930133
593 53 2.3539815
596 1 3.4536426
596 11 3.292405
596 15 3.3589873
596 21 3.759094
596 35 3.012821
599 3 3.0499735
599 6 2.6649573
599 7 2.3508108
599 22 1.7866516
599 53 1.5662546
601 1 2.987751
601 7 2.7791092
601 11 2.721383
601 22 2.6012812
601 50 1.0
605 3 3.293401
605 12 3.073412
605 14 3.1481113
605 25 2.1149125
605 70 1.7300518
609 1 3.080222
609 5 2.0506885
609 9 2.8755746
609 16 2.6949272
609 68 2.6295345
615 7 2.6881602
615 13 2.2652974
615 20 3.4325233
615 32 2.7449472
615 72 2.794778
617 4 2.7665648
617 8 2.3956997
617 9 3.3232741
617 21 3.1784735
617 40 2.318627
621 1 3.0395353
621 11 2.91449
621 19 2.264827
621 28 2.773433
621 50 1.9875726
624 1 3.3359632
624 19 2.794416
624 21 3.2740142
624 38 3.608383
624 47 3.0411935
633 1 2.5735238
633 8 2.3036485
633 11 2.3107505
633 19 2.0106666
633 42 2.7843056
634 3 3.4614787
634 12 3.3518105
634 20 3.8338656
634 30 2.72766
634 51 2.81539
639 4 2.7616088
639 10 3.4525135
639 11 3.1846921
639 15 2.2735512
639 41 2.2720351
645 1 2.4777412
645 7 2.792653
645 11 2.7289717
645 19 2.159157
645 38 3.1044395
646 1 3.4400227
646 5 3.8210084
646 13 3.5203233
646 17 2.6565626
646 29 2.4268343
647 3 2.7747753
647 10 3.006195
647 11 2.5493605
647 33 1.7568865
647 52 1.7285312
658 2 2.947106
658 16 3.1818223
658 22 2.8331182
658 40 2.3261235
658 51 2.5381405
662 1 2.9634798
662 9 3.284542
662 10 2.9554856
662 14 2.5754352
662 26 2.6036992
667 2 3.4985785
667 6 2.93737
667 8 3.0310793
667 17 2.7388144
667 32 2.942146
672 3 2.4957404
672 17 1.5743759
672 18 1.0
672 28 2.2264686
672 45 2.0014017
677 3 3.2685661
677 12 2.6344132
677 16 3.0410635
677 40 2.2961662
677 48 2.9114804
679 3 3.6505363
679 9 3.7025807
679 10 3.8026516
679 15 3.2913914
679 58 3.117867
682 5 1.4046916
682 10 2.7861419
682 14 2.0107121
682 20 3.1990778
682 25 1.8485287
684 2 3.119801
684 8 2.975583
684 10 3.3101065
684 22 2.7929494
684 54 3.186522
686 2 3.3581555
686 5 2.9709947
686 6 2.7132611
686 22 3.1764913
686 51 2.5441103
687 3 3.508113
687 14 2.9865806
687 16 3.5127609
687 22 2.7487717
687 50 1.0
693 1 3.0059912
693 9 3.4987357
693 11 3.0476253
693 35 2.5390015
693 78 2.0496893
707 5 4.133479
707 8 3.1103654
707 19 3.4565566
707 26 3.1987333
707 48 4.1545525
709 4 3.1503851
709 12 3.2282972
709 13 2.9613543
709 24 2.822136
709 56 2.8764534
712 1 2.8277843
712 5 2.1943216
712 7 2.337611
712 16 1.7869424
712 33 1.7495617
721 1 2.8893802
721 9 2.9167795
721 10 2.9180782
721 30 1.6908125
721 62 2.968805
724 7 2.9882069
724 10 3.2200663
724 18 2.2187026
724 25 2.0256963
724 47 2.429042
726 2 2.9321535
726 15 3.0035875
726 24 2.657071
726 29 2.3567076
726 56 2.3319066
737 5 2.33658
737 8 2.7229285
737 10 3.0816877
737 23 3.010667
737 38 3.1170356
738 6 2.5656085
738 19 2.1726606
738 22 2.6142244
738 30 2.301942
738 44 2.8592274
739 1 3.3533661
739 11 3.2597888
739 14 3.2365947
739 30 2.2664688
739 45 2.7455308
764 6 2.3653672
764 17 2.2226167
764 19 2.3740423
764 38 3.509639
764 50 2.0477386
767 1 2.7327402
767 10 2.2886949
767 17 1.7439699
767 21 2.4996626
767 50 1.3603647
770 6 2.382868
770 15 2.0647075
770 19 2.1931503
770 22 2.5779786
770 43 1.7134962
774 1 3.3750448
774 7 3.177257
774 9 4.0061507
774 28 3.0293992
774 65 2.3354366
779 9 3.1866324
779 15 2.5400498
779 23 3.1568367
779 44 4.419265
779 82 2.1519635
781 3 3.1995716
781 8 2.7149003
781 12 3.0009623
781 21 2.9617937
781 71 2.431309
793 2 3.5472288
793 7 3.4665704
793 11 3.517961
793 17 2.7772837
793 51 3.1223602
809 2 3.0272412
809 9 3.287951
809 14 2.8047462
809 19 1.976412
809 36 2.176807
821 1 3.849625
821 10 3.3679988
821 18 1.8710825
821 50 1.985207
821 88 2.3122647
825 1 3.2968652
825 3 3.557598
825 23 3.2448406
825 30 2.4794939
825 47 2.6638505
830 5 2.710413
830 10 3.6580002
830 21 3.181606
830 28 3.2003546
830 50 2.0996883
834 6 2.444562
834 17 1.5569959
834 18 1.8066907
834 21 2.5878277
834 40 2.1828942
835 5 2.4106586
835 11 2.4709325
835 25 1.8595705
835 36 1.9203651
835 65 2.115972
836 2 3.0451894
836 7 2.8379807
836 11 2.9991877
836 15 2.9930258
836 79 2.4654405
837 4 2.81863
837 12 3.0453017
837 13 2.163387
837 19 2.5647788
837 81 4.532856
838 2 3.0995104
838 11 2.8427672
838 16 3.0121415
838 18 1.8295999
838 32 3.0765774
840 1 3.174543
840 20 3.7125225
840 24 2.2000878
840 30 2.4965985
840 51 2.6298957
846 2 3.1561873
846 8 2.8105874
846 12 3.2884967
846 19 2.6552937
846 59 1.0
856 1 3.723925
856 4 3.230235
856 7 3.6211655
856 9 3.7020304
856 27 3.4044313
860 1 3.3988883
860 5 2.422786
860 8 2.6647012
860 15 2.3221133
860 34 2.292243
861 5 2.5772176
861 11 3.0932255
861 13 2.3933206
861 25 2.2899642
861 52 2.5138912
863 1 3.1514287
863 5 2.2870054
863 7 2.8057313
863 14 2.6701639
863 32 2.7684286
872 3 3.6127846
872 8 2.801815
872 9 3.5379865
872 19 2.3877504
872 41 1.1121143
876 2 3.4038424
876 6 3.116385
876 12 3.736133
876 18 2.224329
876 72 3.0641098
877 4 2.6556375
877 16 3.0343814
877 20 3.4487212
877 40 2.478473
877 79 2.3292644
883 3 3.8234892
883 7 3.771675
883 8 2.7558653
883 17 2.47122
883 31 2.711357
887 5 2.2531533
887 10 3.0989757
887 22 2.607534
887 26 2.8896632
887 95 1.4093245
897 5 2.6958308
897 7 2.8576288
897 9 2.6347625
897 19 2.6957352
897 59 3.3043203
900 8 2.9142394
900 14 3.4394922
900 15 2.6453037
900 25 2.3924208
900 53 2.3052437
927 3 2.703475
927 7 2.7288616
927 17 1.5428952
927 40 2.1584797
927 51 1.7330422
934 1 3.357365
934 6 3.033624
934 17 2.6536586
934 21 3.17309
934 64 3.4227953
935 3 3.1234496
935 13 1.8930815
935 18 1.6937708
935 26 2.7327297
935 62 3.0693793
939 3 3.2794964
939 12 3.4089887
939 13 2.2627413
939 20 3.5961347
939 40 2.3808446
940 1 3.3510296
940 11 3.1605146
940 13 2.7263327
940 28 3.1482546
940 60 2.022228
948 3 3.358523
948 7 3.0060244
948 16 3.2194552
948 37 2.9369602
948 45 2.7396295
949 2 2.4131885
949 15 2.293101
949 17 1.7424145
949 22 2.5104995
949 57 2.2023401
953 2 2.5854516
953 16 3.0622811
953 17 1.779382
953 28 2.7604809
953 42 2.9496987
957 5 2.4645221
957 7 2.7324317
957 8 2.665408
957 16 2.9132047
957 70 1.7016666
960 7 3.2146134
960 11 3.2636356
960 13 3.1622164
960 20 3.8901849
960 54 3.9094105
964 1 2.8587785
964 6 1.4851357
964 14 2.4927945
964 22 2.1892538
964 44 2.4897623
967 2 3.072121
967 24 1.6726258
967 25 1.7739589
967 32 2.9105794
967 48 3.4282634
968 3 3.2727547
968 11 2.8311148
968 13 1.3792717
968 28 2.809421
968 42 1.9701471
974 5 2.483506
974 11 2.60969
974 14 2.8611977
974 23 3.0743275
974 53 1.8769702
1000 1 3.3313608
1000 7 2.833238
1000 10 3.2749827
1000 14 2.8848739
1000 32 2.785515
1003 8 2.3831599
1003 12 2.7759068
1003 13 1.0933691
1003 32 2.3005943
1003 76 1.1793034
1004 2 3.29842
1004 7 3.6955004
1004 9 3.8407054
1004 23 3.3241105
1004 68 2.2833178
1005 11 2.83864
1005 21 2.9156344
1005 24 2.1676702
1005 35 2.4684985
1005 76 2.2583423
1007 1 3.4516225
1007 4 3.266506
1007 5 2.8938584
1007 10 3.8501866
1007 42 3.3985052
1008 3 3.2496011
1008 13 2.171386
1008 17 2.1565216
1008 21 3.266178
1008 62 3.231156
1009 1 3.3587267
1009 10 3.409769
1009 13 2.459878
1009 21 3.3647296
1009 51 2.7225568
1010 6 2.3625023
1010 13 1.2599682
1010 19 1.2047846
1010 31 2.0219548
1010 58 1.0896641
1011 8 2.943982
1011 15 2.8640563
1011 16 3.190927
1011 22 2.9365366
1011 46 3.4569013
1019 1 3.4509816
1019 8 2.7357054
1019 10 3.7744272
1019 14 2.9541638
1019 50 2.0065217
1039 9 3.3463612
1039 13 2.283544
1039 15 2.8166456
1039 25 2.295917
1039 59 2.4012263
1041 1 2.5704944
1041 11 2.7311413
1041 15 2.3612547
1041 31 1.839096
1041 54 2.6851563
1045 3 3.6426277
1045 12 3.969213
1045 16 3.5456467
1045 21 3.4703715
1045 47 3.7061055
1055 3 3.6008914
1055 8 2.7990384
1055 15 2.7508872
1055 23 2.8882723
1055 34 2.3790922
1058 3 3.314657
1058 7 2.866229
1058 11 2.7463074
1058 23 2.7667763
1058 41 1.0
1060 6 2.510893
1060 16 3.0193768
1060 20 3.3938162
1060 28 2.8579621
1060 47 2.5062304
1083 3 3.4696968
1083 6 2.8649254
1083 20 3.783729
1083 31 2.7480025
1083 48 3.0903187
1084 1 3.449617
1084 9 3.0512764
1084 10 2.94323
1084 25 1.8228587
1084 46 2.3191202
1087 7 2.5391002
1087 10 3.1098027
1087 18 1.7697531
1087 35 1.9785641
1087 73 1.0617881
1088 4 3.2881403
1088 8 3.1866894
1088 14 3.8533268
1088 18 2.9810405
1088 40 2.761858
1089 2 2.873385
1089 14 2.7813275
1089 20 3.2135742
1089 24 2.2880433
1089 64 2.2214975
1094 4 3.2977633
1094 9 3.9124818
1094 16 3.452088
1094 44 3.297864
1094 68 4.1738086
1097 3 2.4137146
1097 13 1.4815831
1097 14 2.05132
1097 23 2.2643995
1097 38 2.4462843
1102 4 3.1256785
1102 9 3.6876683
1102 23 3.3126304
1102 34 3.481535
1102 72 5.0
1108 1 3.4138103
1108 5 2.08788
1108 6 2.3513803
1108 18 1.7552235
1108 31 2.21498
1113 6 2.5033772
1113 14 2.3241098
1113 18 1.7798965
1113 22 2.2419834
1113 39 2.0665853
1116 2 3.523485
1116 8 3.3816142
1116 11 3.3838577
1116 35 2.7192857
1116 44 3.3154385
1131 2 3.3425272
1131 13 2.4398265
1131 14 3.3478007
1131 19 2.7088645
1131 36 2.1970077
1135 1 3.0125678
1135 12 3.0704937
1135 15 2.4682324
1135 22 2.6412492
1135 72 2.7478285
1137 4 2.5983698
1137 7 2.0752897
1137 8 2.673064
1137 18 1.8045505
1137 37 2.7029734
1143 1 2.904449
1143 7 2.6049395
1143 10 2.8265173
1143 21 2.687046
1143 36 1.9924872
1144 1 3.1251738
1144 3 3.8755815
1144 5 2.9786365
1144 16 3.0435507
1144 40 2.3750827
1145 1 3.251444
1145 8 3.123722
1145 10 3.5630682
1145 26 3.1032197
1145 47 2.6375852
1149 1 3.2043064
1149 8 2.981583
1149 10 3.4373088
1149 18 2.1735635
1149 38 3.5322466
1154 2 3.256113
1154 17 2.3184466
1154 19 2.2865522
1154 38 3.5683866
1154 47 2.608116
1161 4 3.3624175
1161 21 3.3834705
1161 22 3.7931676
1161 25 2.2867012
1161 37 2.974443
1163 1 4.0131836
1163 5 2.88155
1163 10 3.6474373
1163 23 4.082917
1163 89 3.255486
1165 2 2.2607005
1165 5 1.7473984
1165 7 2.1526198
1165 11 1.7874291
1165 46 1.7724621
1178 5 2.859913
1178 14 3.694655
1178 26 3.3589642
1178 36 2.7757587
1178 80 3.759811
1179 3 2.9994276
1179 7 2.6495774
1179 9 3.2119603
1179 15 2.4980042
1179 37 2.2390282
1186 1 3.1063585
1186 19 2.3638778
1186 26 3.3122172
1186 34 1.7254297
1186 51 2.6056314
1191 3 3.7256775
1191 8 3.0615306
1191 10 3.2248507
1191 30 2.515378
1191 49 2.2376199
1197 4 2.9338024
1197 17 2.1134386
1197 20 3.3549993
1197 37 2.6553607
1197 51 2.5263078
1203 2 2.8092928
1203 10 2.8465037
1203 12 2.7003796
1203 14 2.6226287
1203 33 2.2340753
1206 1 3.1038437
1206 5 2.6224647
1206 6 2.5071895
1206 22 2.1199362
1206 43 2.150108
1211 6 2.4298577
1211 8 2.4040625
1211 9 3.1107092
1211 29 1.0
1211 48 2.8642187
1212 2 3.1713004
1212 6 2.5941572
1212 16 3.569789
1212 23 3.144145
1212 63 2.4937825
1215 3 3.6083248
1215 18 1.94735
1215 20 3.3805976
1215 46 2.6252973
1215 65 2.2076747
1217 10 3.5105171
1217 14 3.674459
1217 24 3.0110257
1217 40 2.5864348
1217 44 3.0438793
1219 1 2.8374443
1219 9 3.2847939
1219 16 3.0040402
1219 23 3.1535773
1219 85 1.0
1220 11 2.8509705
1220 17 1.6594332
1220 21 2.9307475
1220 61 1.7700393
1220 90 1.9483068
1221 1 3.1285343
1221 7 3.2302556
1221 9 3.2313895
1221 15 2.5847547
1221 45 2.5011942
1226 2 3.299657
1226 12 3.2101045
1226 22 2.975486
1226 30 2.3633795
1226 52 2.7382243
1232 1 3.2528312
1232 14 2.971883
1232 15 2.4879959
1232 19 2.2625222
1232 35 2.4507308
1233 6 2.6310744
1233 12 2.7189167
1233 14 2.4147692
1233 25 2.0629897
1233 44 2.8171086
1237 4 2.6389246
1237 6 2.5843968
1237 11 3.036331
1237 13 2.2843347
1237 26 2.7472756
1238 4 3.3676047
1238 8 3.0621014
1238 11 4.0053835
1238 20 3.655648
1238 56 2.4844954
1240 3 3.6128063
1240 10 3.7584417
1240 11 3.3334692
1240 27 3.516487
1240 43 2.640033
1252 3 3.810169
1252 11 3.4953966
1252 18 2.482981
1252 21 3.572391
1252 50 2.527812
1255 1 3.2600245
1255 6 2.7681642
1255 8 2.913262
1255 20 4.0106554
1255 28 3.1742642
1258 3 3.253929
1258 8 2.6527338
1258 11 2.2479973
1258 18 1.3851587
1258 30 2.0126984
1259 5 2.809556
1259 10 3.282128
1259 12 3.2342896
1259 25 2.3772366
1259 48 3.3690436
1262 6 3.2089646
1262 13 2.8851795
1262 18 2.4514832
1262 21 3.2008188
1262 29 2.2768433
1264 2 2.442276
1264 10 3.3562253
1264 14 2.8723528
1264 24 2.1041343
1264 35 2.5418646
1266 3 3.8527405
1266 7 3.0069985
1266 9 3.5183651
1266 18 2.1686416
1266 69 3.360407
1271 1 3.056104
1271 6 3.173591
1271 7 2.7267153
1271 17 2.0652
1271 36 1.932725
1273 3 3.3186507
1273 13 1.5181859
1273 14 2.7074077
1273 31 2.5429254
1273 52 1.0
1278 3 3.1714156
1278 7 3.6305022
1278 10 3.3271816
1278 14 3.2884672
1278 32 2.8384545
1281 2 2.8906229
1281 4 2.8655396
1281 10 3.2854805
1281 14 2.737807
1281 33 2.1318548
1306 1 3.0779557
1306 4 3.1803715
1306 6 2.713068
1306 18 1.6928551
1306 55 2.451086
1331 3 3.4988315
1331 9 3.2004576
1331 11 2.5439382
1331 15 2.307441
1331 66 2.4218032
1341 3 3.3511188
1341 9 3.5911336
1341 10 3.31656
1341 13 2.5712855
1341 39 2.5983524
1346 1 3.6548913
1346 6 3.0620003
1346 12 3.4828973
1346 17 3.0564234
1346 72 3.2655604
1351 1 2.7796335
1351 4 2.8200674
1351 5 2.9143145
1351 11 3.0100243
1351 44 2.8849218
1358 1 3.1097221
1358 9 3.58613
1358 14 2.7426322
1358 19 2.5265474
1358 33 2.4764519
1363 3 3.0487006
1363 6 2.9091601
1363 8 2.9253347
1363 20 3.2056541
1363 63 2.197006
1369 1 3.1104474
1369 8 2.7049754
1369 15 2.5182629
1369 26 3.0104496
1369 36 2.0997899
1374 1 3.4523108
1374 12 3.33929
1374 20 4.04713
1374 32 2.9291165
1374 43 2.5280395
1385 7 3.202911
1385 22 3.17814
1385 25 2.5065117
1385 42 3.7348094
1385 67 2.7911513
1395 4 2.3127544
1395 9 3.262362
1395 11 2.690462
1395 19 2.132122
1395 59 1.0
1401 4 3.3304286
1401 7 3.175805
1401 13 2.8851182
1401 19 2.8801155
1401 25 2.3595016
1409 2 2.776919
1409 4 2.6764178
1409 11 2.7689495
1409 24 2.1971257
1409 62 3.0939593
1411 6 2.420825
1411 9 2.2464247
1411 10 2.6682258
1411 15 2.3680177
1411 45 2.3452442
1416 2 3.5613341
1416 8 2.7629986
1416 11 3.1367598
1416 16 3.0740979
1416 37 2.8142107
1417 3 3.7173586
1417 7 4.038118
1417 12 3.9330492
1417 21 3.4678311
1417 38 4.0269685
1424 1 3.145327
1424 10 3.3025188
1424 11 3.0472252
1424 18 2.0859077
1424 55 2.3229735
1429 1 3.326075
1429 5 2.9845912
1429 20 3.745193
1429 31 2.308741
1429 43 2.0710845
1430 3 3.3748994
1430 8 2.1744008
1430 9 3.5573006
1430 29 2.0117033
1430 63 2.629796
1436 6 2.8937423
1436 9 4.2405744
1436 11 3.1510298
1436 21 3.602789
1436 79 2.551388
1452 1 2.8706067
1452 6 2.3437529
1452 8 2.5567307
1452 25 1.0354458
1452 79 1.1772251
1453 1 3.0028856
1453 4 3.128156
1453 18 2.034915
1453 25 1.9018738
1453 59 2.296671
1462 6 3.036466
1462 9 3.6482244
1462 11 3.3360202
1462 16 3.4343452
1462 39 2.678046
1465 2 3.3467462
1465 11 3.1692214
1465 12 3.2198606
1465 25 2.3283453
1465 53 2.407496
1467 4 3.3370614
1467 14 3.3630323
1467 19 2.8118408
1467 27 3.5453248
1467 70 2.4217315
1471 1 2.9963987
1471 7 2.7778003
1471 12 2.8294883
1471 28 2.7127314
1471 67 1.838853
1475 3 3.6846194
1475 11 2.9807143
1475 14 2.7806323
1475 32 2.7152352
1475 59 2.3930972
1485 1 3.2454376
1485 14 3.1003175
1485 17 2.4664996
1485 34 1.818462
1485 49 2.3511057
1488 1 3.5351105
1488 7 2.5685525
1488 16 3.1670592
1488 24 2.2769897
1488 43 2.00288
1492 2 3.429974
1492 22 3.292034
1492 24 2.7992005
1492 31 2.9835715
1492 77 3.2688103
1503 3 3.1014707
1503 5 2.4113052
1503 10 3.1123703
1503 24 1.8987457
1503 61 2.0674913
1506 4 2.9493334
1506 9 3.174461
1506 10 2.9773748
1506 28 2.8418515
1506 46 2.3291645
1508 5 2.5188231
1508 9 3.672257
1508 11 2.891043
1508 15 2.6024392
1508 41 1.6639016
1510 3 3.4158049
1510 8 3.1058931
1510 14 3.4829886
1510 31 2.4690864
1510 46 3.5661767
1514 3 3.9950848
1514 8 4.0256577
1514 14 3.193943
1514 24 3.1676545
1514 44 3.3277118
1515 3 3.5827632
1515 7 3.281354
1515 8 3.5753858
1515 11 3.4027107
1515 80 4.010334
1516 5 2.422496
1516 7 2.9334574
1516 11 2.6626756
1516 24 2.2102966
1516 40 2.10974
1520 3 3.3347254
1520 11 2.9463656
1520 16 3.2615993
1520 34 2.0875957
1520 51 2.331901
1526 3 3.1578968
1526 11 2.9103272
1526 12 2.8997734
1526 15 3.0680034
1526 34 2.1690307
1527 2 3.3625722
1527 6 3.620011
1527 8 3.0283978
1527 17 2.613717
1527 40 3.0785954
1548 2 3.6023033
1548 4 3.4635565
1548 11 2.4988027
1548 18 2.2199297
1548 30 2.695147
1550 2 3.0458443
1550 8 2.849161
1550 10 3.7239199
1550 23 3.4973989
1550 39 2.4514253
1558 7 2.9532151
1558 15 2.615641
1558 17 2.032829
1558 30 2.1979876
1558 52 2.4161456
1559 1 3.6095395
1559 5 2.8218653
1559 8 2.9528003
1559 21 3.251055
1559 41 2.2754335
1564 3 3.2514899
1564 14 2.600226
1564 27 2.9326491
1564 43 2.0474694
1564 52 2.1633136
1565 6 2.7957551
1565 16 3.1790695
1565 19 2.2158852
1565 27 3.4608645
1565 52 2.2972887
1567 8 2.251542
1567 12 2.7060456
1567 15 2.4784546
1567 25 1.8114351
1567 43 1.6823444
1569 2 2.8643034
1569 16 3.0245252
1569 29 1.9183714
1569 37 2.880139
1569 52 2.1339996
1573 1 2.8612194
1573 8 2.3688476
1573 10 2.8994355
1573 24 2.0183668
1573 54 2.3066092
1574 3 3.09892
1574 6 2.4457216
1574 9 3.1601112
1574 13 1.0708914
1574 33 2.0181165
1580 5 2.646654
1580 7 2.9264863
1580 9 4.089033
1580 19 2.5060792
1580 59 3.1304345
1584 1 2.9651413
1584 14 2.7287323
1584 20 3.3880677
1584 28 2.8842232
1584 34 2.0727937
1597 4 2.957276
1597 18 2.3971186
1597 19 2.376111
1597 28 3.2305303
1597 63 2.8440146
1603 6 3.0027895
1603 11 3.4490035
1603 17 2.2955084
1603 25 2.4396815
1603 43 1.9258617
1604 1 3.0472496
1604 11 2.7009666
1604 17 2.1127777
1604 25 2.0238328
1604 60 1.5200462
1612 4 3.3424027
1612 9 3.8378868
1612 11 3.4159958
1612 29 2.5075173
1612 44 3.38907
1616 5 2.7488515
1616 18 2.021188
1616 21 3.04302
1616 32 2.8689644
1616 42 3.4455523
1617 6 2.4986825
1617 21 2.8592913
1617 23 2.9477541
1617 27 2.9169672
1617 47 2.3839633
1618 5 3.04874
1618 10 3.719405
1618 19 2.8511603
1618 34 2.6854696
1618 47 3.0516405
1626 1 2.938578
1626 4 2.7166662
1626 6 2.6389406
1626 18 1.8711693
1626 49 2.2776864
1627 3 3.598543
1627 10 3.3969924
1627 18 1.9420389
1627 25 2.3080928
1627 62 3.4953294
1628 2 3.6306005
1628 15 3.1977015
1628 20 3.6490266
1628 31 2.5868752
1628 43 2.2563279
1634 6 2.8325274
1634 10 3.3853266
1634 11 3.1378193
1634 25 3.0432403
1634 87 3.5490592
1640 16 3.0886738
1640 26 2.4842768
1640 27 2.6521738
1640 56 2.1115198
1640 64 2.014651
1645 4 2.2421463
1645 9 2.9394548
1645 13 1.880721
1645 25 1.8482195
1645 65 1.8801571
1658 2 2.851808
1658 12 2.8636994
1658 17 2.1776283
1658 41 1.9845471
1658 51 2.4890542
1665 4 2.2897716
1665 11 2.8133729
1665 16 2.8710885
1665 23 2.787846
1665 44 2.7690709
1671 1 2.8228762
1671 16 2.820452
1671 17 1.626399
1671 23 2.7195332
1671 93 1.4795408
1672 1 3.120634
1672 10 3.283477
1672 11 2.7153246
1672 16 2.8214417
1672 50 1.5946405
1673 1 2.9706078
1673 13 2.185495
1673 17 2.1463435
1673 21 2.856508
1673 58 2.539419
1674 1 2.5241196
1674 6 2.3119032
1674 8 2.3571272
1674 18 1.4638009
1674 47 1.982308
1705 6 3.1156318
1705 10 3.668677
1705 12 3.5154092
1705 16 3.5380664
1705 30 2.805723
1712 1 3.402859
1712 11 3.5648408
1712 14 3.4422805
1712 20 3.6435716
1712 75 2.8155222
1721 1 1.6394478
1721 11 2.1840281
1721 13 1.6290145
1721 22 2.0825036
1721 32 1.8222921
1726 5 3.4672794
1726 9 4.1052732
1726 11 3.169971
1726 14 3.609957
1726 55 2.7728596
1730 7 3.1697104
1730 11 2.9411833
1730 15 2.9153292
1730 23 3.2241905
1730 42 3.2536151
1732 3 2.865781
1732 7 2.7697368
1732 10 3.0570803
1732 20 2.1539435
1732 42 2.7563088
1734 2 3.302923
1734 12 3.492752
1734 17 2.573219
1734 30 2.5306883
1734 74 3.0129423
1736 1 3.4781752
1736 8 2.9094067
1736 12 3.1645026
1736 15 2.8740783
1736 39 2.3840377
1738 1 2.89862
1738 4 2.5278554
1738 5 1.7747546
1738 11 2.8469
1738 31 2.0840669
1746 1 2.3523192
1746 11 2.505617
1746 12 2.5715969
1746 18 1.534302
1746 56 1.9057918
1747 2 2.7782505
1747 9 3.2145243
1747 16 2.8505445
1747 28 2.8564255
1747 65 5.0
1749 4 3.868301
1749 7 3.0626245
1749 11 3.2140594
1749 33 2.661632
1749 59 1.4757977
1750 6 2.7849014
1750 8 3.2753935
1750 11 3.156021
1750 15 2.7125523
1750 50 2.2710254
1753 8 2.5574055
1753 13 2.1107094
1753 21 2.8227177
1753 28 2.6598144
1753 44 2.5544975
1755 1 2.5396378
1755 7 2.2730145
1755 11 2.6408541
1755 22 2.5059423
1755 36 2.0381656
1756 6 2.4347098
1756 10 3.0497637
1756 13 2.1915672
1756 19 1.7342703
1756 51 2.3962595
1761 1 3.4440932
1761 9 3.1512523
1761 10 3.0591595
1761 15 2.3884964
1761 49 3.0919256
1766 3 3.6795952
1766 9 3.7867138
1766 17 2.6241457
1766 25 2.5621502
1766 37 3.1317585
1775 1 3.147621
1775 5 2.7784514
1775 11 3.2316196
1775 23 3.3371332
1775 75 2.3243303
1781 4 2.9315302
1781 8 2.965206
1781 9 3.7658126
1781 17 2.338429
1781 27 3.4002936
1802 1 2.9978604
1802 19 2.480331
1802 22 2.8386135
1802 35 2.5233579
1802 77 2.8326273
1803 2 3.3166492
1803 9 3.736518
1803 12 3.9519467
1803 25 2.979948
1803 43 2.799275
1806 4 2.6352298
1806 14 3.010646
1806 20 3.4333146
1806 26 3.0222316
1806 65 2.2499037
1807 8 2.7147584
1807 14 2.7558753
1807 15 2.4070785
1807 34 1.017349
1807 40 2.240678
1825 4 2.754863
1825 10 3.4320307
1825 11 3.0695562
1825 30 2.500331
1825 36 1.487284
1842 1 1.9909234
1842 6 2.0187356
1842 14 1.769049
1842 21 2.362224
1842 30 1.7756445
1846 1 3.3856099
1846 11 3.1918936
1846 19 2.5930798
1846 31 2.608489
1846 64 2.5830097
1852 1 2.8254147
1852 5 2.191663
1852 6 2.4419365
1852 24 1.7409589
1852 61 1.6213562
1858 5 2.1274018
1858 7 2.7342882
1858 17 2.1367862
1858 26 2.511155
1858 59 5.0
1864 9 3.1178172
1864 12 3.1782615
1864 17 2.0590343
1864 23 2.9004114
1864 38 3.0818324
1867 5 2.7957697
1867 7 3.3774858
1867 9 3.6107194
1867 15 2.8706768
1867 67 3.1294749
1872 1 3.8079214
1872 16 3.2272308
1872 25 2.2436953
1872 28 3.1243348
1872 87 5.0
1874 1 3.0785372
1874 7 2.4307637
1874 12 2.751933
1874 29 2.0184476
1874 73 1.4913962
1889 1 2.6331785
1889 10 2.7728877
1889 16 2.7537923
1889 21 2.808605
1889 61 1.1965907
1890 2 3.3453827
1890 4 3.2309377
1890 5 2.6046038
1890 18 2.084208
1890 36 2.1682658
1905 2 2.8892512
1905 9 3.4044828
1905 12 2.8748174
1905 21 3.059241
1905 32 2.7582726
1906 8 2.8241155
1906 13 2.3782706
1906 16 3.1869698
1906 27 3.1243033
1906 47 2.7385406
1909 3 3.9899316
1909 10 3.3693364
1909 11 3.3798172
1909 24 2.6362805
1909 47 2.4180045
1910 8 2.2924347
1910 16 2.5657825
1910 18 1.0
1910 26 2.1504095
1910 54 2.6973867
1920 1 3.2471447
1920 7 2.6144722
1920 9 3.3641055
1920 18 1.9953077
1920 46 2.760603
1923 3 3.5102496
1923 7 3.1760273
1923 8 3.4448035
1923 22 3.0520675
1923 54 3.3432214
1927 1 2.5834064
1927 5 2.1484263
1927 6 1.2736778
1927 14 1.805131
1927 75 1.7604901
1937 1 2.8953605
1937 7 1.9462862
1937 8 2.4539886
1937 25 1.6266458
1937 35 1.9894241
1941 3 3.442423
1941 7 2.8269887
1941 10 3.279701
1941 30 2.354475
1941 69 1.9865519
1944 4 3.1264017
1944 11 2.5649002
1944 17 2.4008965
1944 41 2.4376717
1944 65 2.3897016
1949 4 4.042918
1949 8 3.0224643
1949 12 3.422252
1949 18 2.1575649
1949 54 3.257312
1963 1 3.0528686
1963 6 2.4672458
1963 10 3.1177726
1963 13 2.17472
1963 29 1.9307144
1965 2 2.469245
1965 9 3.0533185
1965 12 2.7070866
1965 23 2.1078498
1965 58 1.9446683
1966 1 3.1501718
1966 6 3.0461662
1966 14 2.549567
1966 18 1.5666542
1966 65 2.0484264
1970 7 2.5380282
1970 13 1.8699889
1970 15 2.0568042
1970 25 1.8946351
1970 33 2.0162845
1973 9 3.537363
1973 12 3.0942338
1973 21 2.620902
1973 29 2.0440507
1973 47 2.5889313
1987 1 3.4759946
1987 7 3.591232
1987 15 2.8895772
1987 17 3.048561
1987 58 3.3857465
1993 3 4.42735
1993 15 2.7823524
1993 18 2.2080486
1993 23 3.488221
1993 57 5.0
1995 7 3.371725
1995 9 3.8579133
1995 13 2.4903495
1995 21 3.1645448
1995 41 2.0766232
2002 6 2.9166481
2002 8 3.7794497
2002 9 4.160937
2002 12 3.3183317
2002 39 2.6920223
2004 3 3.401847
2004 17 2.4426062
2004 23 3.7338777
2004 27 3.176159
2004 35 2.709623
2008 6 2.3209362
2008 11 2.461007
2008 25 1.378896
2008 28 2.5760102
2008 39 2.0744975
2012 4 2.668555
2012 8 2.7566197
2012 10 2.8367965
2012 28 2.509921
2012 41 1.7739816
2013 1 2.6821594
2013 13 2.0853088
2013 15 1.8138574
2013 31 2.2537127
2013 51 2.4268696
2019 2 2.0792508
2019 8 2.5492449
2019 13 1.0
2019 16 2.8206542
2019 31 1.952838
2037 1 3.4693842
2037 7 3.5602427
2037 13 2.8789036
2037 20 3.9702764
2037 33 2.8172016
2038 1 3.422479
2038 9 3.5156348
2038 13 2.94118
2038 21 3.3532324
2038 31 2.586553
2042 1 3.75388
2042 11 3.0958652
2042 25 2.2373083
2042 35 2.6829646
2042 39 2.321576
2049 12 3.322059
2049 15 2.9077008
2049 18 2.0706358
2049 24 2.4173026
2049 52 2.4334052
2051 4 3.2983005
2051 16 3.812932
2051 17 2.56767
2051 24 2.9615712
2051 58 3.4595609
2052 2 2.9726822
2052 8 3.4374201
2052 9 3.3845668
2052 13 2.3986597
2052 57 1.9912952
2054 1 3.4781353
2054 3 3.5893857
2054 10 3.5629451
2054 21 3.413407
2054 49 2.664355
2056 11 3.4414306
2056 13 2.8240714
2056 14 3.3938084
2056 18 2.429015
2056 48 3.7117622
2057 2 3.0206048
2057 30 2.4485524
2057 33 2.3923666
2057 38 3.494169
2057 77 3.5150695
2060 3 2.9124815
2060 10 2.399144
2060 11 2.513146
2060 19 1.583481
2060 39 1.9739916
2063 3 3.3237202
2063 14 2.7633924
2063 16 3.01472
2063 29 1.9025636
2063 78 2.2933886
2070 8 2.590662
2070 10 3.2670379
2070 17 2.3684297
2070 37 2.877887
2070 52 2.5125675
2071 2 3.2221172
2071 16 3.2792804
2071 17 2.3947442
2071 26 3.2453444
2071 42 3.3919847
2076 1 3.1907003
2076 7 2.7800353
2076 13 2.0934913
2076 20 3.6759555
2076 47 2.448665
2078 1 3.034329
2078 4 2.6285815
2078 13 2.3275867
2078 23 2.9608252
2078 53 2.12166
2083 2 3.0619214
2083 12 3.0140467
2083 13 2.4146807
2083 20 3.1078086
2083 58 2.7729657
2084 2 2.7716253
2084 13 2.1736884
2084 24 2.0114217
2084 26 3.0733137
2084 43 1.7597783
2096 3 3.5374455
2096 8 2.9375494
2096 11 3.0581157
2096 26 3.4843345
2096 48 3.545979
2104 1 3.007534
2104 20 3.6946127
2104 23 2.8925061
2104 29 1.5577708
2104 56 1.5777441
2109 3 3.2656739
2109 11 2.9807231
2109 13 2.2354226
2109 26 2.6975887
2109 62 3.180858
2118 1 3.3596141
2118 4 3.0591614
2118 5 2.9872813
2118 16 3.313071
2118 25 2.4798265
2128 4 2.8108633
2128 11 3.064555
2128 14 3.0256104
2128 18 2.4641623
2128 32 3.1848981
2131 3 3.2350724
2131 8 3.03038
2131 9 3.3662603
2131 13 2.0586886
2131 29 1.6637003
2133 1 3.4123983
2133 4 3.2511094
2133 5 3.0375583
2133 11 3.5340354
2133 31 2.9160113
2135 2 3.0822234
2135 4 3.239135
2135 11 2.7909267
2135 22 2.9130695
2135 39 2.559669
2136 4 3.0611525
2136 11 3.1356745
2136 13 2.661868
2136 19 2.4613926
2136 55 2.7361054
2147 12 3.439785
2147 21 3.3999114
2147 22 3.5107868
2147 25 3.2582276
2147 39 2.7280054
2157 6 2.8405735
2157 20 3.5264447
2157 22 2.918435
2157 32 2.845759
2157 73 1.8054543
2161 6 2.5438683
2161 10 3.6274219
2161 14 2.9296722
2161 21 3.2779562
2161 48 3.312234
2162 1 3.2829728
2162 11 3.2575905
2162 12 3.1117887
2162 15 3.4383512
2162 57 2.1773627
2167 1 3.1445518
2167 4 2.9230325
2167 10 3.4610808
2167 12 2.6482596
2167 33 1.9257509
2173 3 3.4233222
2173 6 2.7180111
2173 11 3.2083855
2173 24 2.4694893
2173 41 2.3282557
2176 2 2.560605
2176 10 2.2758336
2176 13 2.1436415
2176 28 2.6947289
2176 70 1.7890522
2178 1 2.9931424
2178 8 2.5870023
2178 15 2.4554532
2178 29 1.8825493
2178 55 1.0
2181 2 3.4669018
2181 17 2.4256318
2181 21 3.43982
2181 34 2.5879261
2181 65 3.234882
2184 3 3.2514713
2184 7 2.50956
2184 8 1.8812377
2184 13 1.9204253
2184 28 2.7579038
2187 2 3.4653559
2187 5 2.8503375
2187 10 3.5371912
2187 22 3.083062
2187 36 2.4822736
2192 2 2.3566103
2192 16 2.5090463
2192 17 1.9190686
2192 33 1.0679369
2192 78 1.5560478
2193 4 3.6253855
2193 6 3.166929
2193 15 3.1203988
2193 26 3.344812
2193 48 3.8958745
2194 1 3.4231956
2194 5 2.9589725
2194 6 3.4088993
2194 13 2.983162
2194 30 2.6860101
2201 2 2.7958434
2201 15 2.3079534
2201 16 2.8643358
2201 18 1.7074404
2201 53 1.884043
2206 4 2.7069805
2206 11 2.2047691
2206 14 2.9665608
2206 28 3.1150122
2206 57 1.739328
2210 2 3.0426686
2210 7 2.8624105
2210 9 3.2468114
2210 43 2.061607
2210 73 1.4125357
2217 1 3.6095846
2217 6 2.9889588
2217 7 3.3608284
2217 11 3.7022443
2217 21 3.7686281
2219 4 3.238771
2219 12 3.5525892
2219 23 3.317224
2219 38 3.576197
2219 67 2.4812171
2225 5 3.280725
2225 11 3.378051
2225 12 3.451238
2225 18 2.3149388
2225 32 3.2904177
2228 4 3.5709531
2228 10 3.6160412
2228 14 3.395887
2228 18 2.3973093
2228 49 2.9905531
2230 3 2.561846
2230 8 1.7971864
2230 11 2.0965
2230 18 1.7956507
2230 38 3.28884
2243 3 3.806484
2243 5 3.2288141
2243 9 3.7876506
2243 17 3.0260797
2243 33 2.83548
2246 12 2.9840958
2246 16 2.6598945
2246 23 2.7661283
2246 29 1.6297846
2246 70 4.207683
2249 1 2.677431
2249 6 2.4102752
2249 11 2.305303
2249 18 1.4670258
2249 42 2.8155034
2251 1 2.8883684
2251 8 3.2231517
2251 9 3.0286818
2251 14 2.703177
2251 42 2.3056626
2252 1 3.2753613
2252 17 2.3314502
2252 23 3.2506256
2252 28 2.91444
2252 43 2.0501833
2255 2 3.1645927
2255 7 3.2807074
2255 8 3.046427
2255 14 3.08437
2255 60 2.1740005
2256 3 3.4929764
2256 8 2.6474814
2256 13 2.356742
2256 18 1.8877318
2256 36 2.243382
2258 8 2.7362359
2258 16 3.0999978
2258 17 1.9788338
2258 25 2.0849435
2258 69 2.2264588
2274 1 2.9464424
2274 6 2.5099308
2274 8 2.6762798
2274 15 1.9677835
2274 31 1.9580572
2281 2 3.1022348
2281 14 2.8567796
2281 19 2.3120623
2281 25 1.9247702
2281 85 2.2487373
2282 5 2.2469392
2282 9 2.7108011
2282 12 2.7206318
2282 15 1.6328075
2282 46 2.3089592
2286 2 2.6871233
2286 6 2.4454505
2286 10 2.257872
2286 22 2.5941062
2286 46 2.3788688
2291 2 3.0493422
2291 20 3.549435
2291 28 2.089614
2291 33 2.5307603
2291 69 1.0
2296 1 3.4155433
2296 21 3.34782
2296 25 2.6501913
2296 37 2.938065
2296 71 2.8513358
2303 3 3.2013667
2303 11 2.9704034
2303 19 2.1601863
2303 29 1.7704155
2303 53 1.725174
2310 2 2.6042433
2310 7 2.500731
2310 13 1.683568
2310 16 2.9909456
2310 82 1.0
2317 1 3.1383317
2317 7 1.9242983
2317 16 3.2137496
2317 19 2.3870788
2317 39 2.0441973
2337 1 3.4761753
2337 3 3.7498777
2337 20 3.5990555
2337 39 1.0
2337 59 1.0
2339 3 3.3163419
2339 5 2.0756173
2339 6 2.444568
2339 12 2.9115815
2339 39 1.7716299
2340 5 3.6254845
2340 11 3.0981472
2340 14 3.1296742
2340 20 3.6834452
2340 42 3.9070287
2347 1 3.469917
2347 5 3.0078886
2347 7 3.164674
2347 11 3.4244397
2347 50 2.2526524
2360 6 2.694125
2360 11 3.2310555
2360 12 3.3647797
2360 21 3.1262388
2360 30 2.2929296
2374 2 3.3595154
2374 12 3.8223941
2374 15 3.0092378
2374 32 3.0200758
2374 66 3.0450053
2375 3 3.125205
2375 6 3.0143948
2375 8 2.612382
2375 12 2.776764
2375 54 2.884416
2381 1 3.3670273
2381 5 2.7428722
2381 15 2.6223516
2381 20 3.5407147
2381 30 2.630209
2384 1 3.344735
2384 8 2.8722193
2384 19 2.285876
2384 39 2.434586
2384 62 3.1689897
2387 1 3.2385993
2387 12 2.9092004
2387 20 3.3169355
2387 23 3.0419767
2387 71 5.0
2390 1 3.1023672
2390 7 2.6532407
2390 9 3.1012206
2390 22 1.8814414
2390 38 3.0700142
2392 3 3.3325827
2392 12 3.1160028
2392 20 3.5842714
2392 26 2.687024
2392 52 2.336587
2394 1 3.2919168
2394 3 3.1388285
2394 7 2.8824928
2394 12 3.0072882
2394 38 3.3572965
2399 1 2.7058842
2399 20 2.8434148
2399 22 2.4870038
2399 33 2.0255058
2399 51 2.1713514
2414 2 2.967306
2414 6 2.7737105
2414 8 2.7360253
2414 23 2.8872187
2414 83 1.3056304
2415 3 3.0138214
2415 5 2.5710828
2415 6 2.5695772
2415 19 2.1210027
2415 46 2.752955
2424 4 3.333126
2424 7 3.3553286
2424 8 3.2368202
2424 21 3.4837136
2424 39 2.814364
2427 7 3.030784
2427 11 2.9048517
2427 12 3.2267256
2427 24 2.32747
2427 59 1.0
2430 3 3.5322225
2430 11 3.1774457
2430 12 3.3842866
2430 15 2.4292874
2430 23 3.203277
2435 7 3.0089915
2435 17 2.5926518
2435 20 3.625771
2435 33 1.8494803
2435 52 2.0133574
2442 10 3.490781
2442 12 3.1649911
2442 14 2.7259219
2442 27 3.1734166
2442 36 2.305611
2450 1 2.5443294
2450 8 2.6163151
2450 14 2.6925092
2450 20 3.1345074
2450 48 1.9086859
2453 9 3.6460915
2453 13 2.7494655
2453 18 2.5148249
2453 27 3.2552893
2453 78 2.3008997
2456 1 3.3343337
2456 7 3.234956
2456 9 3.7857704
2456 15 3.0594678
2456 53 3.100929
2457 1 2.829109
2457 10 3.5705886
2457 11 2.9486961
2457 15 2.673504
2457 37 2.721647
2465 5 2.5738432
2465 11 3.3545172
2465 14 2.982339
2465 21 3.4649239
2465 50 2.1438982
2468 6 2.589769
2468 9 3.1881027
2468 11 2.9507985
2468 14 2.8903184
2468 27 2.7831025
2474 2 3.790235
2474 4 3.1137164
2474 7 3.0550296
2474 15 3.012791
2474 33 3.0633025
2475 2 3.4388595
2475 7 3.0761986
2475 9 3.7479413
2475 17 2.556688
2475 42 3.3708081
2479 1 3.023916
2479 11 2.5789447
2479 14 2.8036108
2479 25 1.7079041
2479 35 1.9753096
2485 1 3.2045374
2485 19 2.9304686
2485 25 2.2582831
2485 28 3.6418693
2485 35 2.7034233
2487 11 2.406537
2487 17 1.5959033
2487 21 2.7864194
2487 28 2.274954
2487 58 2.4552073
2497 3 3.3848996
2497 5 2.8026843
2497 10 3.358036
2497 23 3.364539
2497 52 2.5681307
2499 4 2.6979105
2499 8 2.638641
2499 9 3.40183
2499 16 2.987661
2499 33 1.4044644
2504 9 3.7167375
2504 19 2.6683855
2504 22 3.0655222
2504 26 3.028932
2504 31 2.7033863
2507 7 2.8008811
2507 12 2.9778209
2507 17 2.186916
2507 28 2.6360948
2507 66 2.5508296
2509 1 3.8032446
2509 8 3.1492326
2509 14 3.3878427
2509 20 3.8440332
2509 77 3.6308274
2516 6 2.5004601
2516 8 2.3692935
2516 11 2.8014205
2516 18 1.4609258
2516 32 2.3256633
2527 3 3.1939738
2527 5 2.5271137
2527 7 3.0392175
2527 12 3.1400487
2527 41 1.8799948
2530 9 3.5933714
2530 11 3.1660569
2530 16 3.437914
2530 22 2.844475
2530 32 2.9630024
2540 1 3.2467198
2540 8 2.8751838
2540 12 3.4209185
2540 24 2.6238708
2540 53 2.2009728
2542 1 3.6487179
2542 11 3.180488
2542 13 2.8529239
2542 24 2.47234
2542 45 3.0634665
2545 4 2.9916487
2545 15 2.4630518
2545 18 1.6250681
2545 22 2.417387
2545 55 1.4747595
2562 10 3.0148628
2562 15 2.5325835
2562 23 3.0713732
2562 30 2.3648934
2562 41 2.083298
2565 3 4.610108
2565 8 3.9718592
2565 11 3.4530132
2565 45 3.1815486
2565 70 3.2072785
2567 7 3.3441944
2567 12 3.511748
2567 16 3.5344052
2567 30 2.8020618
2567 61 2.6238441
2580 2 3.0085914
2580 10 3.3224916
2580 23 3.3295488
2580 28 2.8842247
2580 41 2.0376716
2592 5 2.6966045
2592 12 3.6459277
2592 24 2.3856282
2592 26 2.9252405
2592 50 2.0640209
2596 1 3.169435
2596 7 2.7813015
2596 14 2.8072844
2596 25 1.5176437
2596 33 2.049977
2597 5 2.4346178
2597 9 3.587152
2597 11 2.8546157
2597 15 2.6297522
2597 66 2.6724935
2600 5 2.3715014
2600 14 3.0932133
2600 21 3.1141984
2600 26 2.6291838
2600 67 1.6187081
2604 4 2.654261
2604 6 2.1060157
2604 10 2.9837587
2604 20 3.1161015
2604 38 2.7040133
2609 4 3.40635
2609 10 3.6706796
2609 20 3.5340428
2609 32 3.0044653
2609 52 2.4195309
2611 2 2.6846228
2611 6 2.7763941
2611 12 2.7482321
2611 21 2.1456585
2611 94 1.0
2613 3 3.0837557
2613 21 3.395039
2613 22 2.678103
2613 31 2.3554227
2613 42 3.17761
2616 9 3.879075
2616 15 3.1223469
2616 17 2.716507
2616 20 3.8898442
2616 44 3.4302583
2624 1 2.9791033
2624 13 1.7182657
2624 15 2.536225
2624 29 1.54791
2624 51 2.4151702
2627 2 2.6381762
2627 11 2.2682981
2627 17 1.8793287
2627 25 1.4321774
2627 73 2.1442773
2630 1 2.5062978
2630 5 2.2108457
2630 8 2.377864
2630 30 1.7944725
2630 51 2.1698081
2637 3 3.2978635
2637 19 3.0632305
2637 22 3.3825405
2637 24 2.921327
2637 62 3.536654
2638 2 3.750568
2638 11 3.8008118
2638 16 3.4294314
2638 23 3.4819813
2638 33 2.7345262
2646 2 2.9506423
2646 7 2.8604207
2646 10 3.0028374
2646 21 2.7976375
2646 63 2.436409
2649 2 3.1158795
2649 7 2.3248587
2649 9 3.4597483
2649 13 2.126582
2649 35 2.778218
2661 7 1.7653067
2661 17 1.9713631
2661 27 2.854785
2661 30 1.9966576
2661 62 2.9647923
2666 6 2.929817
2666 14 3.220527
2666 18 2.2049804
2666 28 3.299087
2666 70 2.0418012
2667 3 3.0524607
2667 6 2.3956485
2667 9 3.1222446
2667 14 2.071523
2667 35 2.1280205
2677 1 3.1264026
2677 8 2.869087
2677 10 3.2416937
2677 16 2.7115974
2677 49 2.3237917
2682 4 2.8885634
2682 8 3.0106637
2682 22 2.8507383
2682 30 2.6471019
2682 52 2.5246663
2683 4 3.2412164
2683 11 3.310067
2683 12 3.25927
2683 20 3.5464053
2683 40 2.697088
2689 9 3.857694
2689 18 2.0494602
2689 19 2.4164567
2689 31 2.3500257
2689 54 3.2651753
2699 1 3.4410856
2699 3 4.332844
2699 5 3.7184136
2699 15 3.197606
2699 40 2.858128
2704 4 2.7681947
2704 8 1.5494232
2704 14 2.8336573
2704 18 1.88904
2704 46 2.5818882
2711 2 2.7695067
2711 17 1.8781767
2711 27 3.126021
2711 40 2.1165884
2711 65 2.1290667
2714 5 3.0800219
2714 17 2.3716848
2714 19 2.6750882
2714 27 3.6472661
2714 40 2.5999231
2717 1 2.961603
2717 4 2.8487697
2717 7 3.093019
2717 20 3.6917982
2717 36 2.032169
2721 1 3.3906682
2721 7 3.5430272
2721 8 2.9672878
2721 14 3.4729323
2721 28 3.4698882
2724 1 3.6501546
2724 12 3.5726013
2724 14 3.408816
2724 19 2.8576245
2724 35 3.0862968
2726 6 2.8020241
2726 12 3.1811578
2726 14 2.9094338
2726 21 3.1973138
2726 39 2.48629
2733 3 3.8881288
2733 9 3.626187
2733 11 3.1823545
2733 23 3.3754897
2733 77 3.6772807
2740 1 3.2156596
2740 5 2.4805303
2740 11 2.6924412
2740 36 1.1747043
2740 67 1.3819427
2755 13 3.057273
2755 24 2.574383
2755 29 2.7792604
2755 38 3.5596163
2755 58 3.0691745
2759 2 3.1967664
2759 10 3.607687
2759 12 3.602649
2759 24 2.3642323
2759 48 3.4721022
2762 2 2.79082
2762 5 2.227816
2762 7 2.3608553
2762 20 2.9472473
2762 31 2.1448925
2772 3 3.2034116
2772 11 2.8373559
2772 12 3.0725167
2772 18 2.0353498
2772 33 2.0450363
2777 2 2.9113567
2777 9 3.2619143
2777 10 3.2866008
2777 14 3.1056025
2777 42 3.362858
2782 1 2.7254808
2782 11 2.140044
2782 12 1.6397108
2782 30 1.8235757
2782 52 1.5551751
2789 1 2.5542545
2789 9 3.394308
2789 14 2.9752877
2789 23 2.7420952
2789 70 2.3807893
2792 1 2.8345582
2792 6 2.316705
2792 9 3.090798
2792 18 1.6494632
2792 42 2.5213034
2793 3 3.705998
2793 15 2.8161225
2793 19 2.7027204
2793 28 3.1365654
2793 38 3.543458
2797 6 2.7021298
2797 8 2.4245667
2797 12 3.0042565
2797 37 2.6274364
2797 53 2.0819962
2800 2 3.7280872
2800 10 3.5721917
2800 11 3.3962896
2800 19 2.7218926
2800 52 2.2284954
2803 3 3.459494
2803 8 3.604136
2803 16 3.2583494
2803 21 3.1868162
2803 45 2.8739555
2814 1 3.5477567
2814 10 3.6234713
2814 14 3.306418
2814 22 3.1851206
2814 48 3.624372
2816 3 3.471584
2816 10 3.3363597
2816 12 3.3949685
2816 14 3.0392585
2816 27 3.3176389
2817 9 3.0484993
2817 14 2.4089444
2817 25 1.947402
2817 28 2.7488198
2817 54 2.88179
2818 2 2.9512777
2818 6 2.4269712
2818 16 3.1621807
2818 25 2.131453
2818 41 1.5304476
2825 2 3.3312523
2825 12 3.4988775
2825 17 2.1972551
2825 30 2.7595081
2825 47 2.9159348
2833 3 3.608279
2833 5 2.5397086
2833 11 3.0330136
2833 19 2.0786247
2833 39 2.5954454
2842 2 3.1719558
2842 4 2.7631066
2842 6 2.722407
2842 12 3.098527
2842 45 2.631441
2847 7 2.916492
2847 14 2.9402544
2847 15 2.7262259
2847 24 2.2865193
2847 48 3.410276
2848 4 2.7810736
2848 11 3.2143924
2848 23 3.0956643
2848 27 3.1094034
2848 44 3.0493064
2853 3 3.8509562
2853 7 3.378895
2853 14 3.1815045
2853 19 2.7230327
2853 25 2.448487
2855 6 3.5054746
2855 12 3.5500736
2855 13 2.8131645
2855 24 3.049214
2855 53 2.7527406
2866 2 3.3047776
2866 7 3.3056204
2866 11 3.657469
2866 14 3.639777
2866 43 2.3335032
2874 5 1.8925027
2874 8 2.5731936
2874 27 2.3787942
2874 49 2.2178893
2874 66 1.9427402
2879 2 2.8761702
2879 10 3.0507395
2879 17 1.897241
2879 32 2.4262962
2879 44 2.8283694
2882 2 2.8748538
2882 13 2.3218029
2882 20 3.4652615
2882 27 3.214512
2882 62 3.3107893
2885 1 3.1998842
2885 11 2.9526806
2885 12 3.1106138
2885 28 2.6515632
2885 77 3.3803487
2896 1 3.5584474
2896 5 2.963497
2896 9 3.786622
2896 15 3.0298939
2896 35 2.9945896
2897 2 3.358268
2897 9 3.680552
2897 13 3.2696104
2897 21 3.394546
2897 45 2.913178
2901 2 3.1623187
2901 6 2.26708
2901 9 3.5895922
2901 15 2.6958451
2901 42 3.0894275
2920 8 3.0993729
2920 15 2.4031162
2920 25 2.3300457
2920 28 3.1223838
2920 50 1.0
2926 2 3.2375674
2926 9 3.4365892
2926 10 3.2991898
2926 18 2.5213158
2926 52 2.2363293
2944 2 3.374326
2944 5 2.943824
2944 11 3.3450582
2944 15 3.010221
2944 41 2.481885
2953 1 2.6506531
2953 5 2.5246122
2953 6 2.587239
2953 11 2.7059777
2953 23 2.9408484
2955 3 2.556984
2955 10 2.526851
2955 11 2.103276
2955 21 2.2364101
2955 33 1.0
2957 1 3.5927339
2957 7 3.7141507
2957 16 3.3639421
2957 24 2.9517481
2957 36 2.5930762
2961 4 2.0063617
2961 9 2.5018458
2961 15 1.7451177
2961 21 2.1569493
2961 42 2.1936278
2967 1 2.86618
2967 18 1.0
2967 20 3.0542474
2967 32 2.4032307
2967 52 1.0
2968 2 2.694315
2968 12 3.2439146
2968 18 2.0644007
2968 23 2.9932144
2968 58 2.7023344
2971 1 3.1229994
2971 4 3.1548681
2971 12 3.4127877
2971 18 2.1177442
2971 53 2.519606
2975 3 3.1082816
2975 10 3.0629401
2975 12 2.9096723
2975 42 2.9071822
2975 49 2.2511833
2978 1 3.481973
2978 25 2.4380198
2978 28 3.5163653
2978 40 2.712219
2978 52 2.98901
2985 4 3.1227906
2985 10 3.1385806
2985 11 2.9045942
2985 23 2.8908446
2985 76 2.0013158
2986 8 2.489292
2986 19 2.0455992
2986 20 3.20696
2986 23 3.0266814
2986 43 1.7456161
2994 6 2.7625425
2994 9 3.7158785
2994 12 3.2869353
2994 18 2.284073
2994 72 2.7596662
2996 3 3.4661567
2996 12 2.9834685
2996 16 3.7242918
2996 32 2.894217
2996 73 1.94888
2999 3 3.092426
2999 11 2.3600507
2999 12 2.6971505
2999 31 2.0345452
2999 70 1.0
3001 3 4.1431017
3001 12 3.5504754
3001 15 2.8044178
3001 23 3.1517146
3001 41 2.3571558
3004 7 3.4313805
3004 10 3.48873
3004 22 2.9806437
3004 29 2.236846
3004 38 3.7651954
3009 1 3.381536
3009 12 3.2831542
3009 15 2.8822086
3009 31 2.616472
3009 59 3.6726503
3015 3 3.3694649
3015 7 2.9571004
3015 11 3.0935555
3015 20 3.7606409
3015 53 2.437903
3025 3 3.4326768
3025 6 2.843835
3025 8 2.9471686
3025 20 3.389078
3025 60 2.050991
3027 4 2.9600623
3027 10 3.5591938
3027 13 2.468243
3027 17 2.2761753
3027 35 2.4293947
3062 3 4.0674367
3062 12 3.812917
3062 16 3.127097
3062 47 2.675425
3062 54 3.2399335
3070 5 2.8419065
3070 9 3.8533468
3070 12 3.4693916
3070 25 2.869734
3070 62 3.8735294
3087 9 3.917488
3087 14 3.4389572
3087 19 2.6572647
3087 28 3.1967008
3087 55 3.145589
3091 1 3.3212125
3091 6 2.9965658
3091 10 3.566656
3091 22 3.0303915
3091 50 2.2838764
3092 4 3.0958948
3092 12 3.0763102
3092 17 2.2264051
3092 21 3.1189537
3092 86 2.225872
3096 1 3.426891
3096 6 2.778783
3096 16 3.7647963
3096 31 2.7039263
3096 52 2.6407788
3100 1 3.321682
3100 6 2.2508292
3100 12 2.9391072
3100 25 1.7854488
3100 34 1.8786695
3102 12 3.0037804
3102 14 2.8399951
3102 16 3.0264375
3102 22 2.7186975
3102 55 2.365489
3121 1 2.7276971
3121 12 3.685004
3121 14 3.5707464
3121 25 2.3601322
3121 55 2.637018
3124 4 2.6896422
3124 13 2.037353
3124 17 2.100354
3124 25 1.5883
3124 38 3.4096706
3125 2 3.1771169
3125 4 2.6358259
3125 5 2.3745232
3125 18 1.6491361
3125 43 1.8653753
3126 4 3.0163949
3126 12 3.2490044
3126 14 3.3826551
3126 21 3.6057947
3126 39 2.780097
3138 5 1.3698564
3138 7 2.2178266
3138 8 2.7913792
3138 10 3.4668386
3138 33 2.3187833
3139 1 3.0184138
3139 7 3.0949173
3139 9 4.0958776
3139 18 2.3054466
3139 84 1.0
3149 10 3.4736207
3149 18 2.1304033
3149 19 3.4201167
3149 23 3.5290682
3149 49 2.9288778
3151 2 2.6294918
3151 5 2.358665
3151 7 2.8613157
3151 11 2.8273427
3151 40 2.1597042
3157 2 3.468963
3157 6 3.1560807
3157 10 3.709126
3157 18 2.4272795
3157 51 3.0440946
3165 1 2.8540416
3165 5 2.8309913
3165 7 3.3178535
3165 12 3.0918
3165 31 2.712205
3169 1 3.1623363
3169 5 2.9465156
3169 10 3.2649524
3169 14 3.2596169
3169 28 3.0385256
3181 2 3.6251485
3181 9 4.1309657
3181 13 2.9212983
3181 19 2.6179042
3181 36 2.6176784
3186 4 2.5116475
3186 17 1.5513755
3186 20 3.4357402
3186 26 2.717807
3186 38 3.7922928
3189 1 3.3208954
3189 10 3.4482508
3189 12 3.076534
3189 16 3.5101445
3189 38 3.9448607
3197 7 4.0155563
3197 11 3.3099434
3197 16 3.6768966
3197 18 2.137624
3197 39 2.647799
3199 5 2.8219502
3199 14 2.8545437
3199 17 2.5081177
3199 21 3.4064572
3199 67 2.4550118
3205 5 1.8782976
3205 13 1.8601817
3205 20 2.9282978
3205 27 1.9888543
3205 77 1.756866
3210 2 2.68019
3210 7 2.5995317
3210 9 3.0728133
3210 17 1.9102452
3210 49 2.1085963
3211 1 3.1456006
3211 7 2.9187424
3211 8 2.605611
3211 18 2.1685877
3211 79 2.1366198
3213 1 3.3931582
3213 5 2.5480165
3213 8 2.901191
3213 12 3.0643783
3213 25 2.2776258
3215 3 3.010561
3215 7 2.4964304
3215 15 2.335996
3215 19 2.0490282
3215 41 1.9282225
3218 1 2.6654458
3218 7 2.9665127
3218 8 2.7279735
3218 17 1.9391327
3218 46 2.5828426
3222 4 2.867714
3222 9 3.4548132
3222 10 3.2230327
3222 20 3.5870094
3222 26 2.7008586
3241 7 2.6529393
3241 17 2.2228951
3241 21 2.9721615
3241 30 2.3808622
3241 50 1.8505982
3244 6 2.5337892
3244 14 2.8304443
3244 18 1.864107
3244 20 3.5248911
3244 36 2.2633595
3246 3 3.4480774
3246 20 3.5334463
3246 22 3.0185618
3246 34 2.43428
3246 54 3.5802934
3255 4 3.7966573
3255 9 3.8647242
3255 12 3.3724263
3255 16 3.657672
3255 29 2.290839
3260 6 2.8116038
3260 10 3.6662335
3260 14 3.3035786
3260 21 3.3952782
3260 44 3.1074944
3263 8 2.8133428
3263 23 3.2007723
3263 27 2.9916377
3263 32 2.7289667
3263 56 2.2219205
3266 1 2.9231129
3266 4 2.4548507
3266 6 2.035709
3266 23 2.7935371
3266 39 1.0
3269 1 2.2481675
3269 4 2.1747766
3269 5 2.1996598
3269 13 1.5317336
3269 39 2.0525765
3273 4 4.0679393
3273 7 3.322982
3273 8 3.0406983
3273 18 2.2548292
3273 53 2.382413
3281 1 3.877953
3281 10 3.6399844
3281 18 2.8817577
3281 29 2.3810441
3281 47 3.461527
3293 1 3.3971684
3293 4 3.0966675
3293 10 3.6825414
3293 21 3.2971013
3293 51 2.8980308
3295 2 3.0619729
3295 6 2.7143407
3295 9 3.4313045
3295 14 3.0746186
3295 28 3.060114
3300 6 2.0210679
3300 12 2.9900215
3300 21 2.8510826
3300 26 2.357885
3300 54 3.097844
3307 6 2.361194
3307 14 2.6074524
3307 17 1.6207163
3307 30 2.2258162
3307 52 1.0
3317 3 3.413408
3317 9 3.544382
3317 11 2.7167711
3317 32 2.600484
3317 67 2.166697
3324 2 2.9589646
3324 8 2.8176546
3324 10 3.1819592
3324 31 2.3811235
3324 36 1.3827984
3326 6 2.369887
3326 12 3.098383
3326 21 2.9924133
3326 28 2.8822052
3326 45 2.5172894
3327 1 3.1157455
3327 14 2.9891903
3327 17 2.7287107
3327 28 2.8208914
3327 71 2.5063696
3333 2 3.2815478
3333 12 3.4665983
3333 13 2.954469
3333 21 3.6325603
3333 54 3.4654756
3343 4 2.7603886
3343 11 2.1222653
3343 14 2.7547443
3343 21 2.3537474
3343 42 2.8924704
3345 2 2.6523266
3345 12 2.74604
3345 13 1.2660965
3345 22 2.2534256
3345 51 2.1362445
3352 2 3.4802434
3352 6 3.0875998
3352 9 4.0005765
3352 16 3.7590394
3352 44 3.706812
3353 1 3.5411515
3353 4 2.055352
3353 14 2.690534
3353 23 3.2309022
3353 58 2.5955472
3355 1 2.8177972
3355 19 2.800859
3355 25 2.579809
3355 39 2.5322104
3355 89 2.6879227
3357 5 2.3806593
3357 9 3.1548586
3357 12 3.0061176
3357 15 2.1200216
3357 45 2.0980163
3367 5 3.3675146
3367 14 3.656248
3367 17 2.5106807
3367 23 3.99158
3367 43 2.3811102
3369 1 3.0670571
3369 9 4.0038834
3369 10 3.400785
3369 14 3.4643254
3369 21 3.323841
3371 2 3.5575674
3371 4 2.991792
3371 7 3.003903
3371 35 2.6918933
3371 47 2.3570368
3373 7 3.6320672
3373 13 2.8072467
3373 15 3.3463266
3373 17 2.6000655
3373 65 2.5347826
3375 10 3.1503966
3375 19 2.0209866
3375 22 2.686191
3375 28 2.5648186
3375 42 3.1836548
3376 2 3.0669785
3376 7 2.869102
3376 8 2.737711
3376 13 2.1491635
3376 53 1.9648329
3392 8 2.7277062
3392 11 3.4169605
3392 12 3.1427522
3392 24 2.1173737
3392 60 1.8827996
3399 3 3.1844356
3399 6 2.4110632
3399 7 2.636163
3399 11 2.7122285
3399 27 2.8531651
3400 4 2.7235413
3400 13 2.0790482
3400 17 2.1056826
3400 21 2.6118817
3400 32 2.7231748
3403 7 4.0813255
3403 14 3.4433067
3403 15 4.062216
3403 19 2.8793995
3403 50 2.5190477
3405 7 3.1402903
3405 11 3.28565
3405 15 2.7011213
3405 19 2.3692098
3405 26 2.8424118
3410 5 1.9859579
3410 9 3.2516062
3410 10 3.3128812
3410 22 2.592169
3410 44 2.9364166
3412 2 3.1086752
3412 13 2.2009377
3412 18 2.0756874
3412 31 2.2334678
3412 46 2.759208
3438 1 2.7475634
3438 12 2.7445476
3438 15 1.9410468
3438 23 3.0746038
3438 69 1.5540428
3441 10 3.158124
3441 12 2.872611
3441 14 2.15104
3441 17 2.0251644
3441 27 3.0402796
3442 1 3.4476445
3442 9 3.6663342
3442 12 3.7006214
3442 32 3.0359385
3442 54 3.4528968
3457 1 2.9356186
3457 13 1.1930708
3457 37 2.5865607
3457 39 2.2056098
3457 60 1.6260797
3463 3 3.5534542
3463 10 3.4535916
3463 11 3.0787992
3463 21 3.5104432
3463 30 2.545423
3466 2 2.397478
3466 10 2.9358566
3466 15 2.339328
3466 28 2.8517375
3466 42 2.7418482
3470 9 3.8818266
3470 15 2.9188442
3470 17 2.578924
3470 30 2.1190279
3470 61 2.464294
3475 5 2.3125772
3475 18 1.5856309
3475 23 3.044661
3475 35 2.8579576
3475 49 1.8260437
3480 4 2.230853
3480 11 1.838003
3480 15 2.3753788
3480 24 1.8589354
3480 37 2.5040772
3485 1 2.6313353
3485 9 3.0535684
3485 13 1.5238429
3485 15 2.1267307
3485 56 1.8034849
3490 1 2.8557615
3490 12 2.7750123
3490 15 2.6285372
3490 23 3.099942
3490 62 3.7220387
3491 6 2.8839827
3491 16 3.5493402
3491 21 3.625169
3491 24 2.7379498
3491 47 2.8088799
3492 3 3.465919
3492 10 3.448473
3492 16 3.1916964
3492 26 2.8586066
3492 71 2.7934072
3493 2 3.1982903
3493 15 2.810785
3493 17 2.4227207
3493 32 3.163361
3493 62 3.3543625
3497 4 2.7240238
3497 9 2.8457966
3497 12 2.865655
3497 20 3.17748
3497 43 1.8625869
3498 2 2.64175
3498 8 2.5260522
3498 23 3.1432743
3498 36 2.0918012
3498 58 2.6259968
3499 5 2.6009562
3499 15 2.8225226
3499 17 2.4380887
3499 28 3.1451201
3499 53 2.207363
3501 3 3.5889919
3501 6 3.0409625
3501 7 3.120194
3501 19 2.8887818
3501 87 3.0375066
3502 7 2.4132097
3502 11 1.9122036
3502 17 1.3941249
3502 22 2.2264261
3502 61 1.1048203
3505 3 3.4387362
3505 8 3.798763
3505 10 3.7166219
3505 19 2.7557983
3505 81 2.3437734
3514 1 2.8425336
3514 4 2.5240278
3514 7 2.0871449
3514 20 2.3774142
3514 36 1.4451526
3525 5 2.4459178
3525 12 2.8947947
3525 14 2.7782488
3525 18 1.7567143
3525 45 2.739349
3529 3 3.1826012
3529 7 2.5931048
3529 11 2.11808
3529 24 1.5733781
3529 31 2.1671314
3534 1 3.071325
3534 4 2.91867
3534 11 2.8422763
3534 23 3.0123694
3534 59 2.2845068
3539 2 3.3135142
3539 8 3.0890963
3539 11 3.6104817
3539 29 2.8077555
3539 52 2.9990816
3542 6 2.3760557
3542 10 3.142005
3542 13 2.0243728
3542 17 2.1856835
3542 51 2.4879656
3544 2 3.0449274
3544 11 3.09711
3544 12 3.1583333
3544 22 2.5783558
3544 44 3.1047056
3547 3 4.0183134
3547 11 3.1590252
3547 14 3.2937243
3547 37 3.023243
3547 60 2.2090037
3550 2 3.3712971
3550 5 3.3192112
3550 7 3.6468198
3550 17 3.1088903
3550 42 3.466546
3555 3 3.2920837
3555 9 2.9652557
3555 24 2.276777
3555 32 2.6230686
3555 55 2.2732463
3561 2 2.8798141
3561 8 2.7282588
3561 10 3.1194293
3561 26 2.4721854
3561 36 2.0965497
3572 2 3.2987163
3572 7 3.131701
3572 8 2.9950488
3572 19 2.9164753
3572 38 3.8226533
3581 6 2.3874998
3581 16 2.8111012
3581 20 3.2384038
3581 31 2.3559623
3581 55 2.65098
3583 1 3.2175834
3583 6 2.7402527
3583 7 2.9724765
3583 13 2.406508
3583 45 2.6744003
3585 2 3.0704515
3585 13 2.321931
3585 16 2.6053677
3585 28 3.000816
3585 48 3.2764423
3587 3 3.1828
3587 9 3.1075292
3587 11 2.7466364
3587 13 1.1355176
3587 35 1.2430916
3588 5 2.3470762
3588 12 2.784648
3588 15 2.3657172
3588 24 2.1078594
3588 32 2.2514057
3598 7 3.354764
3598 11 3.1584415
3598 18 2.142677
3598 26 2.9590366
3598 49 2.5821242
3609 4 2.0402365
3609 6 2.2846365
3609 10 2.998919
3609 20 3.0128255
3609 51 2.2331514
3616 2 2.9925961
3616 6 2.5494328
3616 8 2.9203155
3616 22 2.8210862
3616 64 2.19341
3618 2 3.6714125
3618 12 3.2765117
3618 14 3.1214762
3618 25 2.8963928
3618 81 2.8550549
3621 2 3.0683646
3621 15 2.5950625
3621 22 3.0023954
3621 28 3.107118
3621 57 1.0
3623 2 2.5678
3623 15 3.1942642
3623 37 2.9987133
3623 48 3.5087233
3623 75 3.1964571
3631 2 3.2140143
3631 8 3.0426366
3631 13 2.7678728
3631 16 3.0635276
3631 41 2.3594856
3632 1 2.709278
3632 6 2.3700657
3632 7 3.826058
3632 12 2.6925547
3632 28 2.4676135
3633 5 3.1381905
3633 8 3.28975
3633 15 2.8666186
3633 17 2.596921
3633 33 2.704326
3636 1 3.1343641
3636 7 2.8485105
3636 8 2.3605695
3636 17 1.9501349
3636 36 2.074323
3638 4 2.0384774
3638 6 1.8284563
3638 9 2.5339618
3638 15 1.7772335
3638 26 1.9101001
3649 7 2.30061
3649 9 2.9889398
3649 18 1.0
3649 27 2.8602762
3649 76 1.9314724
3659 2 3.2340603
3659 7 2.8427293
3659 15 2.8761272
3659 19 2.6846151
3659 41 2.582857
3660 3 3.4059985
3660 6 2.5793076
3660 9 3.41692
3660 18 2.0605116
3660 27 3.034116
3661 2 3.2640326
3661 6 3.327982
3661 7 3.3814576
3661 14 3.8034427
3661 55 2.682458
3673 7 2.8755865
3673 14 2.656521
3673 16 3.053785
3673 24 2.4054053
3673 37 3.117803
3676 2 2.5110047
3676 9 3.3208935
3676 24 2.2196774
3676 44 3.134811
3676 75 2.378659
3692 8 2.8611672
3692 19 2.5649524
3692 20 3.5155983
3692 27 3.4643517
3692 64 2.6625974
3698 4 2.5943727
3698 8 2.6439347
3698 11 2.4686108
3698 13 1.23347
3698 50 1.0
3700 15 2.665176
3700 24 2.5691261
3700 25 2.641631
3700 37 3.2833476
3700 52 2.3873837
3706 7 3.5451782
3706 15 2.9121525
3706 18 2.546863
3706 38 3.914072
3706 54 3.398998
3707 2 2.873004
3707 4 2.8833754
3707 5 2.8887842
3707 11 3.2453296
3707 32 2.3123372
3711 1 3.7710989
3711 4 3.231918
3711 7 3.2102168
3711 13 2.9810796
3711 28 3.7467782
3714 2 3.2327445
3714 17 2.2081137
3714 18 1.7698249
3714 26 2.8659904
3714 39 2.230271
3716 5 2.903911
3716 18 2.2785163
3716 19 2.6360748
3716 44 3.2666025
3716 55 2.6873493
3720 4 2.8472667
3720 7 2.482124
3720 8 2.8547506
3720 25 2.158828
3720 45 2.6270988
3729 5 3.1219735
3729 12 3.6393707
3729 14 3.4755855
3729 32 3.297311
3729 62 3.797434
3731 5 3.0077372
3731 17 2.1195872
3731 30 2.096835
3731 38 3.365421
3731 66 2.6733391
3732 1 3.09009
3732 9 3.4278553
3732 10 3.2632866
3732 18 2.1968362
3732 49 2.3498826
3734 2 3.3139834
3734 10 3.5541465
3734 15 2.9498785
3734 23 3.450173
3734 61 2.5129747
3740 2 3.2318504
3740 12 3.2692037
3740 15 2.626257
3740 20 3.6627476
3740 58 3.000441
3741 3 3.8025012
3741 9 3.258583
3741 15 3.4032593
3741 24 2.2638938
3741 60 1.7754673
3744 1 2.9871604
3744 13 2.2183688
3744 15 2.5583155
3744 29 1.9433069
3744 54 3.0870268
3758 2 3.263545
3758 6 3.0786335
3758 8 3.1163843
3758 24 2.9896252
3758 48 3.627021
3767 5 2.41708
3767 13 2.4013166
3767 18 2.0801356
3767 26 2.5107777
3767 49 2.4848702
3768 3 3.6561766
3768 6 3.0577898
3768 18 2.3289886
3768 23 3.5068614
3768 43 2.4547498
3772 6 2.3831553
3772 14 2.6130662
3772 17 1.4701666
3772 24 1.8655418
3772 49 2.142196
3779 1 3.5118124
3779 5 3.0928907
3779 6 3.3209217
3779 30 2.7921526
3779 69 2.9034662
3786 2 2.601155
3786 5 2.8609853
3786 6 2.4029825
3786 14 2.6651163
3786 38 3.1150858
3792 1 3.553956
3792 13 3.2339056
3792 23 3.5026686
3792 32 3.3762193
3792 38 3.6490283
3795 5 3.5764534
3795 18 2.3776286
3795 19 2.6683025
3795 34 2.7527454
3795 49 3.3048742
3801 3 3.575229
3801 8 3.0595753
3801 14 3.742316
3801 25 2.433032
3801 50 2.646513
3808 3 3.4676235
3808 12 3.746157
3808 20 3.6713827
3808 23 3.3158677
3808 31 2.6790645
3815 1 3.5045195
3815 5 2.8362594
3815 6 2.678566
3815 13 2.5778825
3815 40 2.3133128
3825 2 3.4977815
3825 5 3.0672796
3825 14 3.4208915
3825 20 3.9011738
3825 52 2.7346113
3828 1 3.9944017
3828 7 3.0186257
3828 9 3.9990978
3828 22 3.0354376
3828 54 3.3439467
3848 4 2.3026662
3848 16 2.7687216
3848 19 2.2588897
3848 29 1.5215634
3848 43 1.7086396
3853 5 2.811291
3853 10 3.7466836
3853 19 2.5038521
3853 34 2.2064176
3853 47 2.4490423
3856 1 2.9760194
3856 7 3.0530424
3856 8 2.8753903
3856 15 2.8621228
3856 27 3.0421367
3857 1 3.0672774
3857 8 2.8027444
3857 13 2.1573603
3857 18 1.9228241
3857 93 1.8466159
3860 1 3.589455
3860 3 3.6315749
3860 8 3.1279137
3860 11 3.8204834
3860 76 1.9878676
3863 1 3.5063944
3863 13 2.9230237
3863 16 3.8449392
3863 25 2.9111772
3863 42 3.5966396
3868 2 2.9362738
3868 8 2.679384
3868 14 2.686805
3868 23 2.7438684
3868 49 1.9445822
3870 4 2.8895965
3870 6 2.5654957
3870 8 2.2707636
3870 23 3.103336
3870 30 2.3068066
3873 1 3.0783398
3873 4 2.246447
3873 10 2.6691372
3873 24 2.0829854
3873 79 1.9313973
3876 1 3.5240378
3876 3 3.4837732
3876 7 2.404983
3876 11 3.3734853
3876 49 2.6982567
3879 5 2.9901307
3879 14 3.0840466
3879 22 2.810955
3879 30 2.5435452
3879 60 2.1954355
3881 6 2.774974
3881 10 3.3880117
3881 11 2.9188275
3881 23 3.0350854
3881 61 1.5447477
3886 8 3.100931
3886 10 3.565758
3886 11 3.1659915
3886 14 3.112494
3886 32 3.077947
3888 2 2.8969743
3888 12 3.1224885
3888 16 2.9982018
3888 37 2.3634114
3888 57 1.7609786
3890 6 3.1343257
3890 11 3.066951
3890 20 3.913549
3890 37 3.212617
3890 48 3.531493
3891 2 2.9869807
3891 11 2.9066703
3891 12 3.2717974
3891 19 2.1436443
3891 62 3.2732532
3895 4 2.6499493
3895 12 2.7077262
3895 15 2.6694214
3895 19 2.1013021
3895 43 1.8605223
3896 3 3.435909
3896 6 2.6754708
3896 9 3.3187702
3896 11 2.8524532
3896 43 1.9911281
3901 7 2.6276648
3901 12 2.7952185
3901 13 2.0616963
3901 22 2.5101357
3901 46 2.3562744
3902 3 3.4011416
3902 8 2.7543864
3902 10 3.388473
3902 18 2.1124327
3902 40 2.7997983
3903 1 3.4681895
3903 13 2.5687408
3903 15 2.8474288
3903 21 3.2063098
3903 62 3.3889198
3904 3 3.1420794
3904 6 2.252307
3904 13 2.008378
3904 32 2.1154435
3904 79 1.295091
3906 1 3.5339782
3906 7 3.2888713
3906 10 3.6096928
3906 13 2.7229028
3906 40 2.7516546
3911 4 2.7238555
3911 7 3.00604
3911 11 3.0357308
3911 19 2.1390634
3911 45 2.6299055
3912 1 3.0933905
3912 7 2.8482835
3912 16 3.0384943
3912 27 3.0343444
3912 58 2.7127604
3917 6 2.472532
3917 18 1.9128712
3917 19 1.9470718
3917 25 2.0431304
3917 72 4.0215816
3919 2 2.2504702
3919 9 2.643093
3919 11 2.2212024
3919 17 1.4805251
3919 34 1.4566978
3924 1 3.552861
3924 9 4.219704
3924 10 3.5062897
3924 17 2.6314356
3924 38 3.7395322
3935 2 2.5585568
3935 13 1.4553168
3935 14 2.411208
3935 25 1.7646133
3935 46 2.030717
3936 4 3.1017423
3936 21 3.1502104
3936 23 3.081533
3936 33 2.5041587
3936 53 2.2050323
3943 1 3.1209986
3943 4 2.9785047
3943 5 2.6048698
3943 11 2.6984124
3943 60 1.6923002
3944 6 2.7678862
3944 8 2.2621572
3944 12 3.10173
3944 21 2.9686213
3944 72 3.1324046
3969 2 3.2522597
3969 8 2.8710747
3969 14 3.2296784
3969 22 3.2583427
3969 40 2.8446116
3973 2 2.776429
3973 10 2.7087007
3973 11 2.595387
3973 13 2.2915857
3973 42 2.88567
3983 10 2.433318
3983 17 1.4232099
3983 18 1.1514714
3983 41 1.3007138
3983 69 1.4805329
3984 2 2.8496494
3984 9 3.5766888
3984 14 3.4342272
3984 19 2.6695266
3984 48 3.1971467
3987 7 1.5589693
3987 15 2.0695033
3987 26 2.1148045
3987 29 1.0
3987 33 1.6908685
3990 2 3.5542247
3990 19 2.9261432
3990 23 3.6904142
3990 34 2.7604525
3990 69 2.8416028
3991 7 3.260746
3991 11 3.3679197
3991 14 3.0034657
3991 22 2.9162636
3991 58 2.9701374
4001 3 3.004747
4001 6 2.3947856
4001 11 2.5467916
4001 18 1.5872757
4001 22 2.6240883
4003 7 2.8508272
4003 21 3.5467334
4003 22 3.1500134
4003 36 2.3064525
4003 63 2.3620949
4010 4 3.0814588
4010 9 3.6091719
4010 17 2.384612
4010 27 3.253834
4010 44 5.0
4011 1 3.2139935
4011 6 2.8719456
4011 20 3.5798779
4011 35 2.6814291
4011 78 2.6432164
4013 8 2.586447
4013 19 1.0
4013 29 1.0
4013 40 1.2178427
4013 60 1.0
4015 1 3.534985
4015 5 2.2436156
4015 8 2.8531346
4015 27 2.805282
4015 72 3.391011
4021 3 3.6429987
4021 6 3.157779
4021 8 3.673879
4021 15 2.8828034
4021 35 2.7063441
4023 2 2.781276
4023 6 1.9370632
4023 7 2.6703165
4023 15 2.720062
4023 31 2.1781077
4028 5 2.346266
4028 15 2.3107822
4028 16 2.5896728
4028 29 1.5425011
4028 42 2.70113
4038 2 2.6902025
4038 6 1.9274999
4038 7 2.6561904
4038 16 2.794067
4038 31 1.8021162
4039 1 3.1249838
4039 10 3.2594454
4039 13 2.5165813
4039 19 1.9333792
4039 75 2.4638596
4053 3 3.613894
4053 14 3.3998995
4053 20 3.831821
4053 33 3.0734305
4053 52 2.973847
4054 8 2.7234216
4054 14 2.7619238
4054 19 1.5688964
4054 30 1.6004306
4054 47 2.128339
4060 3 3.7110367
4060 14 2.976495
4060 17 2.269485
4060 24 1.929271
4060 72 2.8370287
4070 1 3.6791174
4070 4 3.2061696
4070 10 3.7316427
4070 23 3.6308835
4070 49 3.029398
4075 2 2.8353534
4075 4 2.6315577
4075 19 2.1909974
4075 24 2.1359851
4075 59 5.0
4082 1 3.0411215
4082 13 2.1011853
4082 19 2.068783
4082 28 2.4917185
4082 48 3.155673
4085 1 3.3112621
4085 5 2.818913
4085 9 3.4705505
4085 17 2.2737885
4085 41 2.2801208
4086 1 3.3110857
4086 11 3.5270462
4086 12 3.286186
4086 16 3.287297
4086 32 2.927009
4088 5 2.3937392
4088 9 3.265556
4088 10 2.2978187
4088 17 1.7985629
4088 39 1.8877139
4089 3 3.9016783
4089 10 3.7042372
4089 12 3.495561
4089 22 3.613538
4089 48 3.9780858
4091 1 3.009842
4091 9 3.4825056
4091 16 3.1651223
4091 29 1.6033614
4091 79 2.0582185
4092 2 2.8556702
4092 6 3.2205813
4092 8 2.6959302
4092 19 2.1042926
4092 48 3.339473
4094 1 3.231355
4094 9 3.5411868
4094 21 3.4499474
4094 27 2.8821552
4094 50 2.1439714
4102 4 3.622568
4102 7 3.234195
4102 9 3.733261
4102 17 2.5455408
4102 36 3.041025
4104 7 2.8562248
4104 9 3.356464
4104 17 2.054144
4104 30 2.4704225
4104 47 2.5366044
4106 4 3.5229337
4106 7 3.2745905
4106 15 3.4342303
4106 23 3.836567
4106 43 2.2997105
4117 3 3.9125438
4117 6 3.4403377
4117 8 2.8873389
4117 12 3.1304078
4117 26 2.9686298
4119 4 2.4846635
4119 7 2.3411798
4119 8 1.3505317
4119 11 2.5646598
4119 43 1.5747201
4124 2 3.0716655
4124 11 3.1028001
4124 19 2.3647242
4124 21 3.2638035
4124 39 2.5112517
4126 1 3.8166356
4126 6 2.9558685
4126 14 3.264342
4126 32 3.0807714
4126 49 2.760785
4131 1 3.4702976
4131 4 3.3310218
4131 6 2.7500188
4131 19 2.6361604
4131 47 2.8153937
4144 3 3.904652
4144 11 3.009559
4144 16 3.2526648
4144 19 2.3867912
4144 36 1.7383423
4149 1 3.098898
4149 16 2.9720397
4149 18 1.7581427
4149 23 2.9654617
4149 35 1.4990484
4154 1 3.5204928
4154 4 3.2531834
4154 5 2.9255424
4154 15 2.9919393
4154 55 2.8046482
4164 2 3.0589454
4164 5 2.46126
4164 6 2.5776455
4164 26 2.8628082
4164 61 2.2101686
4166 1 3.0471818
4166 7 3.1325676
4166 8 2.7195911
4166 11 2.9958272
4166 36 2.3362334
4168 5 2.1828253
4168 18 1.9945779
4168 26 2.7675169
4168 29 1.9973346
4168 48 3.306054
4170 8 2.8849435
4170 16 3.0962744
4170 22 2.8109007
4170 30 2.0430505
4170 73 2.6851382
4175 1 4.117548
4175 3 3.6338286
4175 13 3.319083
4175 30 2.1880512
4175 53 2.4933527
4176 2 3.084231
4176 6 3.1343284
4176 8 2.9973888
4176 20 3.5142787
4176 34 1.8643668
4177 1 3.4141114
4177 6 2.6446688
4177 11 3.0790062
4177 20 3.503606
4177 66 2.7141652
4182 7 2.808942
4182 10 3.3393555
4182 16 2.3066235
4182 40 2.3497186
4182 79 1.1520153
4188 2 3.6928816
4188 9 3.6179495
4188 15 2.9790277
4188 29 2.589163
4188 40 2.9469604
4191 5 2.44164
4191 8 2.655044
4191 11 2.9446383
4191 15 2.5037782
4191 38 3.060628
4192 2 1.6151289
4192 14 2.6358933
4192 19 1.7494432
4192 25 1.8447374
4192 35 2.3138287
4195 4 2.9039598
4195 16 3.2091227
4195 18 2.310878
4195 25 2.5513449
4195 38 3.3964293
4206 2 3.0068557
4206 7 3.110066
4206 17 2.2206244
4206 28 2.869086
4206 50 2.143184
4222 4 3.0644867
4222 13 2.3887367
4222 14 3.145615
4222 20 3.5134668
4222 28 3.2036507
4223 1 3.3729672
4223 3 3.4410527
4223 4 2.91839
4223 8 2.9544134
4223 24 2.150756
4225 1 2.9571602
4225 8 2.4630446
4225 12 3.0313025
4225 22 2.3651886
4225 35 2.1514142
4228 2 3.4557035
4228 11 3.4264357
4228 13 2.8090765
4228 18 2.41402
4228 38 3.7737777
4229 1 3.4874358
4229 16 3.2535956
4229 19 2.5520847
4229 22 3.046524
4229 59 4.0061674
4230 6 3.1933656
4230 10 3.7756474
4230 13 2.923368
4230 19 3.4223409
4230 45 3.1582017
4232 3 2.9056528
4232 7 2.3737736
4232 8 1.91471
4232 25 1.7776374
4232 39 1.548168
4237 4 3.2747445
4237 13 2.1414585
4237 14 2.7189999
4237 23 2.929346
4237 52 2.3697073
4241 1 3.1532319
4241 6 2.6619513
4241 7 2.9082491
4241 10 3.3115401
4241 53 2.140396
4243 1 3.1300633
4243 12 2.9305031
4243 17 2.0824819
4243 34 2.0419705
4243 65 2.9415777
4254 7 3.228035
4254 17 2.2786307
4254 22 2.925827
4254 31 2.6627054
4254 71 2.7969341
4259 1 3.7264366
4259 8 3.1064875
4259 10 3.7226295
4259 18 2.823132
4259 42 3.8129585
4263 1 3.4463303
4263 4 3.2112682
4263 8 2.9940326
4263 12 3.4659555
4263 19 3.325552
4266 8 2.6453788
4266 11 2.7731469
4266 19 1.9117696
4266 24 1.8988223
4266 33 2.211501
4271 1 3.5348084
4271 12 3.557636
4271 13 2.9072874
4271 24 2.4663582
4271 48 3.6513975
4274 1 3.6041055
4274 11 3.3104582
4274 14 2.9066038
4274 27 3.5192287
4274 52 2.4445558
4276 1 3.055158
4276 7 2.2312455
4276 15 2.3115199
4276 26 2.4215515
4276 46 2.2983127
4278 6 2.8647895
4278 13 2.618028
4278 16 3.3043187
4278 26 2.826505
4278 65 2.440309
4279 4 3.3291688
4279 10 3.6721928
4279 16 3.541582
4279 20 3.835422
4279 29 2.4942834
4283 6 3.4406533
4283 13 2.6577652
4283 21 3.7732942
4283 27 3.433511
4283 53 2.294719
4289 2 3.1483436
4289 12 3.2337222
4289 15 3.2387364
4289 19 2.5548763
4289 27 3.191638
4292 2 3.2443268
4292 11 3.647254
4292 12 3.154232
4292 24 2.504536
4292 53 2.8488717
4296 4 2.6113372
4296 19 1.7564564
4296 21 2.7744637
4296 26 2.571992
4296 39 1.1044078
4298 10 3.2945843
4298 20 3.426734
4298 22 2.81632
4298 27 3.2151423
4298 42 3.2076068
4301 5 2.3683884
4301 11 2.4185145
4301 19 2.2091742
4301 21 2.8205884
4301 39 1.810354
4303 2 3.1166275
4303 15 2.7229052
4303 24 2.2282522
4303 29 2.0992439
4303 52 2.0563998
4304 2 2.4082284
4304 4 2.8588324
4304 5 2.067018
4304 10 3.1537554
4304 34 2.1386385
4308 4 2.3902428
4308 7 2.5493014
4308 15 2.340018
4308 26 2.5390975
4308 48 3.1410592
4314 2 3.3013148
4314 5 3.317742
4314 6 3.39486
4314 12 3.5520294
4314 25 2.4643471
4315 6 2.12149
4315 8 2.764336
4315 9 3.2637384
4315 36 2.2933893
4315 47 2.891187
4316 5 3.427273
4316 14 3.2048423
4316 17 2.5831516
4316 39 2.6351748
4316 65 2.44771
4318 4 3.7561657
4318 6 3.4838817
4318 14 3.28168
4318 24 2.9861248
4318 58 3.2387938
4321 1 3.2754896
4321 6 2.7313137
4321 10 3.3278737
4321 17 2.412845
4321 42 3.3319592
4322 13 2.2089005
4322 19 2.1010127
4322 22 2.783649
4322 30 2.235228
4322 59 2.3520494
4323 1 3.3578172
4323 12 2.7955513
4323 13 2.1714342
4323 23 3.0545347
4323 38 3.09555
4324 3 4.013207
4324 11 3.235093
4324 12 3.565477
4324 17 2.4378667
4324 24 2.734642
4332 3 3.183463
4332 22 2.5314972
4332 23 2.9487836
4332 33 1.9936924
4332 42 2.9144883
4344 1 3.252308
4344 5 2.046744
4344 7 2.5768561
4344 9 3.2335927
4344 52 1.8146371
4349 3 3.5164332
4349 7 3.0343432
4349 12 3.841918
4349 17 2.7699757
4349 66 3.4614294
4353 4 2.569362
4353 20 3.4359
4353 21 2.9006786
4353 27 3.0749166
4353 46 2.6329436
4366 1 2.9701636
4366 14 2.6268237
4366 15 2.5228515
4366 33 2.14107
4366 46 2.410728
4368 5 3.0980632
4368 10 4.033621
4368 22 2.97217
4368 24 2.561308
4368 29 2.3408666
4374 2 3.3555691
4374 7 3.4034371
4374 12 2.8312347
4374 34 2.3312519
4374 65 2.2772782
4387 3 3.3867874
4387 8 3.2908542
4387 14 3.3354933
4387 32 2.9060247
4387 73 2.946762
4389 4 2.3375492
4389 10 2.7080302
4389 16 2.6376512
4389 37 2.2696862
4389 77 1.478116
4391 2 2.4925401
4391 6 1.6594529
4391 10 2.9322145
4391 15 1.6956261
4391 32 2.0467534
4400 1 2.4830697
4400 5 2.104665
4400 13 1.969323
4400 30 2.0380971
4400 50 1.0
4402 1 3.2542288
4402 3 3.3229408
4402 4 3.0566795
4402 32 2.8955019
4402 72 1.5094094
4409 1 3.706291
4409 8 3.0575514
4409 9 3.9843462
4409 12 3.3018126
4409 21 3.5989869
4411 2 3.232557
4411 9 3.3428926
4411 24 2.1894546
4411 35 2.3727298
4411 64 2.512496
4418 7 3.165155
4418 13 2.5866618
4418 16 3.4051654
4418 23 3.2004678
4418 50 2.3858802
4420 2 2.6033065
4420 7 1.2950821
4420 8 2.7016115
4420 15 2.2813315
4420 34 1.9189473
4421 1 3.361447
4421 8 2.704527
4421 25 2.2719433
4421 31 2.419295
4421 62 2.955857
4438 5 2.2552936
4438 12 3.1034107
4438 13 2.2469306
4438 22 2.9905183
4438 47 2.7300053
4439 4 2.705684
4439 9 3.0317433
4439 12 2.6715636
4439 28 2.5202518
4439 47 2.445165
4442 1 3.3978148
4442 6 3.1614873
4442 9 3.7980175
4442 14 3.4770956
4442 31 2.8176258
4447 2 3.3563669
4447 15 2.992262
4447 16 3.4659193
4447 33 2.7477682
4447 57 2.2964015
4448 2 2.7008545
4448 7 2.3765876
4448 10 2.221184
4448 12 2.6396854
4448 42 2.7125185
4449 1 3.1463192
4449 12 3.3027773
4449 14 3.3498833
4449 25 2.7506433
4449 39 2.512876
4451 7 2.7338583
4451 11 2.8579526
4451 24 2.05323
4451 27 2.8669195
4451 43 1.7337016
4457 3 3.6585655
4457 6 3.311105
4457 9 3.9709766
4457 12 3.8877769
4457 23 3.574309
4462 2 3.2710612
4462 16 3.2175756
4462 19 2.2750192
4462 27 3.3914378
4462 50 1.7926049
4464 4 2.6569295
4464 15 1.5548496
4464 16 2.7957075
4464 36 1.3923827
4464 47 2.1925685
4472 1 3.169794
4472 5 2.296406
4472 7 2.5402596
4472 10 3.2443898
4472 24 1.7223989
4478 1 3.507021
4478 7 2.2853265
4478 18 1.8691388
4478 34 2.1401958
4478 39 1.0
4485 5 2.2712317
4485 10 2.4914663
4485 13 1.6419698
4485 27 3.0079203
4485 51 2.4675493
4495 1 3.1847343
4495 8 3.0796738
4495 11 2.7258937
4495 16 3.0291827
4495 40 2.3734853
4496 1 3.3863697
4496 16 3.0531917
4496 17 1.9612346
4496 25 2.0090723
4496 76 2.4679732
4506 1 3.2186487
4506 6 2.7162516
4506 8 2.9166489
4506 17 2.3834229
4506 62 3.7668815
4508 1 3.2599182
4508 5 2.5923927
4508 7 2.7101827
4508 15 2.4556582
4508 26 2.6028154
4510 3 2.5813246
4510 8 2.6238708
4510 11 2.8193889
4510 20 3.3090215
4510 35 2.2420745
4513 3 2.690174
4513 11 2.178911
4513 12 2.985629
4513 17 2.1030285
4513 36 1.2725368
4527 3 3.7266235
4527 9 3.8337421
4527 10 3.681282
4527 14 3.364229
4527 28 3.32046
4530 2 2.4484448
4530 19 2.3865712
4530 21 2.8667443
4530 29 1.9736291
4530 53 1.8300253
4535 2 3.264791
4535 7 2.671904
4535 10 3.3685062
4535 14 3.4893723
4535 40 2.5459986
4538 2 2.437062
4538 4 2.2762382
4538 12 2.090284
4538 20 2.4870515
4538 27 2.5860686
4540 1 3.0016649
4540 11 2.6727595
4540 16 2.5343137
4540 33 2.2492545
4540 64 1.5555758
4542 6 3.3268516
4542 16 3.9572985
4542 17 2.5216334
4542 29 2.2714026
4542 65 2.4327762
4544 4 3.0568404
4544 9 3.5523245
4544 11 3.1304336
4544 13 2.5130744
4544 28 3.0390425
4550 3 2.7340276
4550 11 2.5259273
4550 16 2.656032
4550 26 1.9846128
4550 72 2.3145404
4554 8 2.665308
4554 10 3.170061
4554 15 2.5823934
4554 22 2.75329
4554 31 2.3611069
4555 7 2.7494473
4555 19 2.4215143
4555 21 3.4338417
4555 35 2.5683742
4555 73 2.8133848
4560 6 1.8517933
4560 9 3.0427763
4560 11 2.8155444
4560 22 2.1939416
4560 42 2.9077537
4563 2 3.4002604
4563 10 3.6404235
4563 12 3.4871557
4563 25 2.56832
4563 70 2.3820696
4567 4 2.4567747
4567 8 2.4468696
4567 16 2.8343093
4567 29 1.654891
4567 50 1.3411698
4568 4 2.5725017
4568 16 3.079417
4568 17 1.8666401
4568 23 3.0647702
4568 36 2.3640056
4570 2 3.554711
4570 12 3.135198
4570 13 2.4195197
4570 16 3.467901
4570 35 2.8957047
4580 1 3.5605433
4580 9 3.705275
4580 10 3.8533328
4580 20 3.4223397
4580 42 3.5830843
4583 1 2.744903
4583 5 2.7367997
4583 18 1.9798205
4583 28 3.0215082
4583 64 2.5132048
4599 1 3.331366
4599 7 3.0056224
4599 12 3.47455
4599 24 2.4361496
4599 31 2.6472065
4602 1 2.8512242
4602 7 2.6886964
4602 9 3.2158897
4602 30 1.9834743
4602 42 2.8162246
4605 3 3.0293725
4605 17 1.8702852
4605 20 3.1839807
4605 35 2.5766938
4605 59 5.0
4617 5 2.0344703
4617 12 3.378953
4617 21 3.3005037
4617 34 1.8449023
4617 51 3.192608
4623 3 3.4039464
4623 11 3.411213
4623 12 3.2488592
4623 17 2.669325
4623 31 2.7123456
4627 1 2.4057064
4627 3 2.6070325
4627 13 1.6427977
4627 16 2.8243701
4627 79 1.6535347
4631 1 3.376808
4631 7 3.2427251
4631 9 3.4237862
4631 20 3.455224
4631 54 3.3747594
4632 2 2.3275995
4632 7 2.8349264
4632 12 3.189282
4632 17 2.2645876
4632 37 3.0079257
4640 2 3.2093818
4640 6 3.3637736
4640 8 2.8695085
4640 11 3.2022896
4640 26 3.0869858
4644 1 3.8914979
4644 7 2.7927341
4644 8 2.8402836
4644 17 2.9184234
4644 39 2.5062726
4651 7 3.4991395
4651 11 3.842737
4651 17 2.4663527
4651 28 3.184386
4651 57 1.4755824
4653 1 2.736918
4653 3 2.4538152
4653 6 2.2178178
4653 12 2.5298996
4653 44 5.0
4656 1 2.90727
4656 7 2.951718
4656 13 2.101474
4656 23 3.0171473
4656 63 2.3348386
4661 4 2.7815
4661 13 2.2568889
4661 15 2.5787888
4661 21 2.9993935
4661 41 2.0203793
4667 3 3.689918
4667 8 3.322014
4667 10 3.716636
4667 26 3.1662266
4667 59 2.7565084
4668 1 3.577739
4668 8 3.279688
4668 9 3.8259983
4668 23 3.446953
4668 33 2.5130072
4672 1 3.3047101
4672 4 3.2623723
4672 13 2.9398875
4672 28 3.2931297
4672 40 2.521378
4680 4 3.8016691
4680 9 3.902239
4680 10 3.6127813
4680 12 3.8376112
4680 23 3.3665428
4687 1 2.8202572
4687 3 2.9972806
4687 10 2.4605782
4687 21 2.784308
4687 47 1.5410537
4689 10 3.3875115
4689 17 2.1318936
4689 21 3.0018234
4689 29 1.8122036
4689 70 3.3090007
4690 1 2.8772135
4690 5 1.7139311
4690 6 2.4999008
4690 24 1.8214118
4690 37 2.4584699
4695 2 2.6908994
4695 9 3.2259722
4695 13 2.1587718
4695 20 3.2857761
4695 50 1.8634721
4700 1 3.3318853
4700 9 3.662926
4700 15 2.8325508
4700 31 2.8630028
4700 42 3.6002738
4714 1 2.570024
4714 9 2.3187609
4714 10 2.595308
4714 15 1.0
4714 28 1.0
4719 2 2.14333
4719 6 1.8304479
4719 11 2.1140623
4719 16 2.2528825
4719 60 1.0
4724 2 3.20251
4724 7 3.1268165
4724 10 3.3845584
4724 13 2.5295367
4724 36 2.3375835
4728 1 3.4323032
4728 3 3.7282379
4728 6 3.1210876
4728 14 3.084791
4728 32 2.9954472
4731 4 2.9806292
4731 17 3.0899806
4731 19 3.3707013
4731 21 3.835751
4731 41 2.44438
4737 5 2.9387813
4737 12 3.4561784
4737 15 3.0051782
4737 28 3.2486243
4737 60 2.2187088
4742 6 2.890199
4742 12 2.963645
4742 14 3.4450448
4742 19 2.500351
4742 30 2.5366654
4748 2 3.3398995
4748 16 3.3077953
4748 19 2.897699
4748 41 2.2095656
4748 65 2.364389
4750 8 3.0660288
4750 11 3.1492126
4750 22 3.0217125
4750 33 2.8406131
4750 61 2.2578566
4751 17 2.2558846
4751 24 2.4007032
4751 26 2.8412843
4751 31 2.3610153
4751 37 2.5959735
4762 1 2.904212
4762 6 2.5647664
4762 12 2.832948
4762 29 1.7836658
4762 36 1.919158
4765 1 3.6412027
4765 9 3.8693795
4765 17 2.7069185
4765 23 3.6129646
4765 57 2.416819
4780 5 2.09125
4780 11 2.777967
4780 14 2.4630964
4780 18 1.0983604
4780 50 1.6210542
4785 3 3.741531
4785 26 3.2249203
4785 28 3.3353524
4785 39 2.8344646
4785 58 3.2399461
4789 5 2.942347
4789 8 2.7999237
4789 9 3.4697692
4789 31 2.4511395
4789 66 2.7538562
4791 1 3.2650166
4791 4 3.2030578
4791 6 3.0390146
4791 12 3.7791011
4791 29 2.2661264
4794 4 3.3734193
4794 7 3.0227294
4794 8 2.9698558
4794 16 3.388483
4794 57 2.161781
4796 2 3.4878678
4796 14 3.1866193
4796 18 2.1392689
4796 26 2.8889036
4796 51 2.6691084
4802 1 3.1745074
4802 5 2.5711918
4802 9 3.3052568
4802 15 2.6721609
4802 43 1.9274782
4803 3 2.723241
4803 8 2.3316648
4803 10 1.6311219
4803 25 1.0
4803 62 2.7076943
4805 1 3.4199872
4805 18 2.374601
4805 22 3.0317922
4805 38 3.830183
4805 63 2.6570964
4811 5 2.94058
4811 9 3.604351
4811 13 2.7198238
4811 22 3.1594236
4811 48 5.0
4813 2 2.5886314
4813 8 2.5738626
4813 9 2.8398328
4813 23 2.7425988
4813 49 1.1428508
4814 2 2.9864082
4814 12 2.953214
4814 20 3.369563
4814 32 2.7871828
4814 64 2.0009234
4815 2 3.3150113
4815 4 3.0451875
4815 6 2.8047028
4815 18 2.204659
4815 59 1.6754198
4820 4 3.0125103
4820 10 3.1606011
4820 11 3.0059285
4820 18 1.9585981
4820 33 2.307115
4822 9 3.5713046
4822 14 3.2594817
4822 15 2.931689
4822 19 2.4776375
4822 46 2.928108
4826 1 3.6264615
4826 15 3.0976205
4826 17 2.6919196
4826 21 3.5095682
4826 47 3.0342035
4828 9 3.4320166
4828 21 2.729976
4828 22 2.6502142
4828 27 2.9628196
4828 81 1.0
4829 3 3.5207522
4829 8 3.3177414
4829 11 3.931899
4829 20 3.6472692
4829 32 3.1005151
4842 1 3.5359333
4842 22 3.4820888
4842 31 2.8964891
4842 40 2.7248483
4842 73 2.853342
4843 2 3.074755
4843 10 3.1298735
4843 11 2.721795
4843 17 2.1985064
4843 35 2.6723206
4845 3 3.0338008
4845 6 3.0904355
4845 7 1.5501474
4845 23 2.8746307
4845 58 2.4981902
4846 1 2.8214946
4846 10 2.718909
4846 15 1.6607622
4846 24 1.7590218
4846 37 2.1128206
4847 1 3.0268981
4847 23 3.2582803
4847 29 2.217578
4847 33 2.420466
4847 76 2.349173
4850 1 3.3949962
4850 7 3.7508037
4850 9 3.8005733
4850 18 2.819723
4850 36 2.6031778
4851 4 2.7098815
4851 14 3.013081
4851 20 3.3448925
4851 36 2.327358
4851 75 2.4157968
4857 2 3.1748114
4857 14 3.2568786
4857 19 2.5950062
4857 28 3.1540701
4857 61 2.079244
4859 3 3.2921426
4859 6 3.0999002
4859 12 2.962579
4859 24 1.5987756
4859 31 2.6224372
4862 1 3.4156742
4862 14 3.1976075
4862 16 3.4014618
4862 25 2.6869063
4862 77 3.0894282
4863 1 3.6350443
4863 4 3.4488957
4863 6 3.3977423
4863 9 3.7030864
4863 58 3.2982798
4870 7 2.787432
4870 10 3.0692933
4870 11 2.9490662
4870 18 1.2297821
4870 44 2.902753
4875 1 2.8733222
4875 10 2.194829
4875 14 2.6887004
4875 18 1.7183417
4875 44 2.647289
4879 1 3.7250643
4879 20 3.3908365
4879 26 2.778188
4879 35 2.686108
4879 51 2.5245512
4880 1 3.2349427
4880 17 2.0384476
4880 20 3.0361762
4880 33 1.2804012
4880 49 2.3471327
4886 2 2.8799787
4886 6 2.567087
4886 9 3.6633887
4886 13 2.0227027
4886 57 1.8375133
4888 3 4.2144566
4888 7 3.1124213
4888 9 4.0586257
4888 20 3.697428
4888 34 2.712123
4890 3 2.7336144
4890 12 2.9673026
4890 14 2.6886556
4890 17 2.1154647
4890 36 2.0896158
4893 3 3.397844
4893 9 3.3366995
4893 10 3.4882178
4893 25 2.15676
4893 87 2.5567935
4894 1 3.0444868
4894 7 2.5551047
4894 11 2.8643508
4894 28 2.5438128
4894 36 1.8808529
4898 15 3.2559247
4898 23 3.778815
4898 25 2.3827403
4898 32 3.0132535
4898 49 2.1903782
4901 2 2.8556564
4901 5 1.8774853
4901 13 1.694493
4901 15 2.003633
4901 61 1.9773542
4914 8 2.6212077
4914 23 3.611827
4914 28 2.3909628
4914 32 2.2902665
4914 43 2.1062486
4925 3 2.5900435
4925 7 2.3054268
4925 18 1.0
4925 32 2.5401907
4925 61 1.9258481
4930 1 2.2839823
4930 12 2.566915
4930 22 2.2354693
4930 31 1.6080737
4930 77 1.5526211
4931 2 2.5355096
4931 14 2.9196293
4931 17 2.1908886
4931 26 2.7403395
4931 38 2.94639
4934 7 3.9026668
4934 12 3.4661634
4934 13 2.870824
4934 17 2.6683164
4934 26 3.3014994
4935 1 3.9831386
4935 3 3.906875
4935 13 2.5765502
4935 23 3.6099708
4935 46 3.0081513
4938 4 2.8376555
4938 8 2.8077831
4938 11 2.9112434
4938 18 1.7047596
4938 40 2.1045935
4943 4 3.2402942
4943 7 3.45137
4943 11 4.001551
4943 29 3.2042408
4943 50 2.5490093
4947 2 2.9748964
4947 14 3.0692537
4947 15 2.7261145
4947 23 3.4859931
4947 40 2.3308263
4954 10 2.959764
4954 23 2.7546287
4954 25 1.5215998
4954 30 2.2002604
4954 62 1.9681847
4955 2 3.265389
4955 9 3.6766934
4955 11 3.509109
4955 21 3.356974
4955 46 3.0078907
4961 1 2.9132915
4961 13 1.8336437
4961 14 1.7128782
4961 20 2.867187
4961 39 1.9912001
4964 2 2.5678082
4964 5 2.2325084
4964 9 2.9440255
4964 15 1.7624924
4964 32 2.1675107
4973 2 3.728353
4973 7 3.7632036
4973 11 3.2226565
4973 20 3.527052
4973 83 2.610218
4975 3 2.7930758
4975 10 2.6033783
4975 15 2.135808
4975 18 1.0
4975 49 1.2184148
4984 2 2.6133037
4984 13 2.2833214
4984 25 2.1153185
4984 38 3.1457608
4984 78 1.6146832
4988 5 3.8258934
4988 9 4.643201
4988 11 3.2503233
4988 21 3.498044
4988 44 3.1653554
4995 4 3.4276798
4995 22 2.989315
4995 24 2.5997617
4995 30 2.6413767
4995 65 4.6833277
4997 1 3.0699942
4997 3 3.3289068
4997 5 2.6742458
4997 9 3.76236
4997 77 3.3726864
4998 1 2.6934693
4998 12 2.928377
4998 15 2.43963
4998 24 1.8725468
4998 47 2.40428
4999 2 3.4589343
4999 4 3.0782223
4999 5 2.7724602
4999 22 2.9851117
4999 50 2.1978457
