2 7 2.028773
2 13 1.2132422
2 18 1.0618699
2 23 2.4821987
2 61 1.4746383
3 2 3.0227745
3 7 2.9593163
3 14 2.945341
3 26 2.776004
3 57 1.6970624
8 4 3.2903385
8 7 2.6286118
8 9 3.076662
8 15 2.769589
8 28 2.6869838
9 1 3.323334
9 16 3.217416
9 17 2.3062503
9 23 3.3027468
9 30 2.7068956
24 1 3.1060688
24 4 3.0370953
24 7 2.6786158
24 14 3.2567863
24 34 2.266122
28 3 3.4701455
28 7 3.1039824
28 13 2.538014
28 24 2.4844034
28 38 3.502715
33 10 3.1548367
33 17 1.8397303
33 19 2.173218
33 23 2.8898764
33 35 2.255115
36 2 2.9681146
36 7 3.062311
36 8 2.924375
36 10 3.1227112
36 34 2.1883242
46 1 2.8975332
46 6 2.3287153
46 11 2.6780825
46 15 2.3760707
46 33 1.9496052
47 3 3.8631625
47 7 3.4969995
47 12 3.6645532
47 28 3.456999
47 52 2.8144877
55 4 2.9325333
55 15 2.604012
55 17 2.1032715
55 21 3.0239441
55 48 3.2157476
59 1 3.3851771
59 8 2.7488022
59 9 3.7526417
59 12 3.3439696
59 57 1.9647907
65 2 2.8179724
65 11 2.690157
65 12 2.5576725
65 18 1.8182063
65 85 2.0176811
66 3 3.256098
66 8 2.6476226
66 10 3.5656314
66 15 2.8837874
66 47 2.8377564
84 7 2.635881
84 9 3.284921
84 10 3.2022097
84 14 2.953502
84 27 2.6464841
86 3 3.301681
86 5 2.491174
86 7 2.863805
86 21 2.9004338
86 52 2.165539
90 1 3.158144
90 19 2.7344034
90 20 3.4842982
90 27 3.1964345
90 51 2.525352
92 4 2.878413
92 8 3.0164373
92 13 2.1452723
92 31 2.3022406
92 56 2.0610623
97 1 3.3566718
97 5 2.9330575
97 10 3.2879488
97 27 3.114456
97 44 3.1977377
102 2 2.782471
102 7 3.0648215
102 9 3.4866524
102 14 3.0601485
102 32 3.0623891
116 2 3.217723
116 9 3.8043194
116 10 3.0559926
116 17 2.0156431
116 37 2.6903658
121 1 3.43952
121 12 3.5983443
121 16 3.5015829
121 29 2.627675
121 55 2.7345848
122 1 2.842828
122 8 2.423285
122 16 2.8585439
122 35 2.4019756
122 58 2.4501164
124 8 2.815527
124 19 2.159047
124 21 3.2810411
124 33 2.4693718
124 67 2.03579
127 3 3.3662677
127 13 2.504317
127 29 2.231117
127 36 2.0095613
127 46 2.9634585
128 3 3.10967
128 5 2.501592
128 7 2.8689477
128 12 3.1532974
128 38 3.356551
130 1 2.9334855
130 4 2.348754
130 7 2.894677
130 20 3.4124303
130 78 1.8278018
142 5 2.1792648
142 10 3.0890176
142 15 2.4348629
142 27 2.8093174
142 43 1.8512738
146 4 2.9286773
146 9 3.5950294
146 13 2.3422892
146 24 2.1844044
146 54 3.2288296
149 2 2.78582
149 7 3.1063483
149 11 3.103096
149 24 2.1869414
149 38 3.5470607
153 6 3.2001977
153 10 3.5693986
153 12 3.4932106
153 24 2.658895
153 49 2.8485706
157 1 3.2334428
157 5 2.106145
157 7 2.6849458
157 10 2.9998236
157 36 1.8394583
162 2 3.4670677
162 17 1.9516
162 19 2.362791
162 29 2.0318155
162 86 1.0
163 1 2.9368355
163 11 2.6982036
163 22 2.478698
163 30 2.0012197
163 49 2.2173314
164 5 2.5820546
164 16 2.7128265
164 17 2.1759057
164 25 2.1616454
164 40 2.3114192
169 1 3.2843566
169 11 3.061629
169 14 3.3920193
169 23 3.2223659
169 45 2.7243242
170 3 3.3104708
170 6 2.965431
170 7 2.9115844
170 10 3.3848572
170 18 1.7274209
171 1 3.362668
171 9 3.524018
171 11 3.210364
171 13 2.3199513
171 41 1.8497429
186 5 2.6362803
186 10 3.595973
186 21 3.234138
186 36 2.323733
186 84 1.2921182
188 4 3.1804094
188 12 3.0607622
188 13 2.409558
188 26 2.5386755
188 56 1.9202139
203 4 2.6804342
203 6 2.4739194
203 8 2.8950422
203 18 1.5438325
203 35 2.2165825
209 2 2.9339857
209 9 3.3551805
209 13 1.6787806
209 21 2.9230554
209 66 2.334896
245 1 3.2722666
245 13 2.2298415
245 24 1.9105872
245 31 2.1751359
245 55 2.0896015
255 1 3.111077
255 5 2.5690897
255 8 2.87435
255 20 3.5587525
255 52 2.0469952
256 5 2.8343089
256 13 2.5633187
256 15 2.680054
256 26 2.8383114
256 60 2.037288
264 1 3.3287253
264 7 3.1200798
264 12 3.5089333
264 26 3.2288156
264 66 2.7231557
269 1 3.2213871
269 13 2.0945513
269 17 2.003156
269 33 2.068439
269 51 2.4578254
274 2 2.760353
274 6 2.4183824
274 7 2.464697
274 28 2.4360242
274 36 1.7471476
276 1 3.6124787
276 3 3.6617048
276 9 3.9315183
276 17 2.6625712
276 47 2.8962405
285 1 3.3838944
285 3 3.295751
285 6 2.9348722
285 16 3.2341878
285 54 2.9159608
292 2 2.8598533
292 9 3.4400964
292 18 1.848444
292 25 2.0126784
292 35 2.3497145
307 1 3.476165
307 5 3.0549152
307 6 2.9751751
307 17 2.2227905
307 38 3.6401389
310 1 3.1412172
310 19 2.4771442
310 21 3.1765716
310 25 1.9369711
310 46 2.3141768
311 5 2.5689185
311 11 3.1977224
311 17 2.409402
311 28 3.0694892
311 34 2.3639069
315 2 3.4265401
315 6 3.113658
315 8 3.2273734
315 24 2.7263026
315 59 2.8513777
316 7 2.8030763
316 23 3.5909245
316 36 2.468535
316 43 2.5851223
316 83 2.864066
320 2 2.949085
320 5 2.5647955
320 10 3.2781432
320 17 2.0561836
320 31 2.1942194
324 8 2.961164
324 10 3.3268933
324 12 3.2323608
324 31 2.442747
324 51 2.8437324
337 2 2.7865164
337 14 2.7368994
337 15 2.6175563
337 32 2.3391254
337 75 2.3195968
344 2 3.0538037
344 19 2.4582713
344 21 3.149804
344 27 3.114111
344 82 1.6411372
390 3 3.331777
390 6 2.866591
390 7 2.8135972
390 13 2.5353837
390 47 2.801957
394 2 2.6690228
394 15 2.6974993
394 16 3.2025187
394 21 3.1786382
394 38 3.5058672
396 1 3.4720104
396 4 3.067162
396 5 2.6549668
396 20 3.8356314
396 59 2.477835
411 3 3.2123063
411 11 3.1514869
411 13 1.970088
411 34 2.0589375
411 62 3.2419586
412 3 3.058191
412 5 2.360533
412 10 2.877231
412 25 1.8164071
412 46 2.1645377
415 1 3.202175
415 8 2.8687859
415 18 2.2214475
415 31 2.3788114
415 43 2.0019224
419 4 3.1787667
419 16 3.4081678
419 20 3.6816974
419 31 2.600573
419 68 2.5352306
423 4 3.0213878
423 7 3.1000836
423 9 3.6432998
423 12 2.8770278
423 24 2.1269338
430 1 3.0677898
430 15 2.456843
430 16 3.090751
430 42 2.988727
430 58 2.7155223
438 5 2.272377
438 13 1.9003578
438 14 2.6703558
438 19 2.0671942
438 34 1.9555433
439 1 3.3215678
439 13 2.2407725
439 20 3.5445597
439 27 3.2624285
439 71 2.734441
440 3 3.5589707
440 7 3.3433533
440 11 3.5358782
440 29 2.9413857
440 75 2.7867763
447 1 3.513193
447 8 3.0883465
447 16 3.475439
447 23 3.5878525
447 34 2.4629486
449 4 3.0854223
449 19 2.2325556
449 21 3.1577911
449 29 2.6836114
449 55 2.1486666
459 2 3.4924877
459 10 3.715879
459 13 2.6708632
459 15 2.913486
459 44 3.1783729
462 2 2.9430711
462 6 2.623131
462 7 2.8335352
462 21 2.894205
462 41 2.0715957
471 1 3.6651297
471 11 3.0972347
471 19 2.809892
471 32 2.91066
471 59 2.497334
477 4 2.9262447
477 12 3.2046878
477 14 3.1237462
477 40 2.360283
477 54 3.3027139
488 5 2.7083178
488 13 2.464871
488 14 2.948871
488 30 2.0851436
488 64 1.9126893
493 2 3.0630765
493 12 3.1502306
493 16 3.2764459
493 20 3.3806756
493 73 2.4664354
498 4 3.117317
498 12 3.5035264
498 14 3.272931
498 22 3.140247
498 33 2.8814635
505 1 3.1744034
505 6 2.5965924
505 10 3.2570844
505 17 2.000037
505 41 2.1501875
511 2 3.1808455
511 7 3.0419018
511 11 3.1677105
511 21 3.3342693
511 30 2.6423278
513 11 3.0049453
513 18 1.80216
513 31 2.557315
513 43 2.1593697
513 59 2.8527033
517 3 3.1581938
517 7 2.1666288
517 18 1.4930416
517 41 1.9654177
517 53 2.051979
520 7 2.7340684
520 13 2.5647097
520 29 2.257468
520 35 2.8896196
520 56 2.648016
524 5 2.1349497
524 9 3.2576113
524 13 2.1516328
524 23 2.874868
524 35 2.4527245
529 3 3.053183
529 10 3.0078416
529 11 2.7384107
529 30 2.1448874
529 52 2.0045083
533 3 3.4980078
533 9 3.545259
533 15 2.5484488
533 28 3.0390503
533 46 2.888669
543 5 2.5578098
543 17 2.4484158
543 18 2.0408163
543 32 2.678679
543 53 1.9235309
548 2 3.0351474
548 5 2.8136852
548 19 2.2488866
548 24 2.0344396
548 51 2.5652983
549 12 3.2447822
549 22 2.8445387
549 35 2.5841355
549 37 2.7796388
549 60 1.8307546
552 1 3.3177178
552 10 3.5224762
552 25 2.3064299
552 28 3.570147
552 65 2.129259
559 1 3.1635108
559 5 2.297463
559 6 2.7702496
559 22 2.84401
559 93 1.9611461
573 4 3.078866
573 10 3.2822592
573 31 2.458432
573 42 3.0996537
573 73 2.5905976
574 10 3.7939062
574 12 3.3893232
574 13 2.6791346
574 25 2.194396
574 45 2.8452425
576 3 3.3302536
576 6 2.6853704
576 7 2.4367087
576 16 2.926872
576 64 2.0729454
589 1 2.9653616
589 5 2.562782
589 6 2.712952
589 11 2.7715428
589 50 1.8502932
593 15 2.9931688
593 20 3.595532
593 23 3.1647193
593 25 2.1696055
593 53 2.8116302
596 1 3.4361885
596 11 3.2834103
596 15 2.8329446
596 21 3.237315
596 35 2.8594427
599 3 3.0650299
599 6 2.6333847
599 7 2.4233882
599 22 2.2766125
599 53 1.5452719
601 1 2.9980257
601 7 2.8148365
601 11 2.7605968
601 22 2.6251616
601 50 1.4904199
605 3 3.1467497
605 12 3.068704
605 14 2.8760328
605 25 2.059614
605 70 1.6706388
609 1 2.916499
609 5 2.0606952
609 9 2.99632
609 16 2.7823193
609 68 2.0909026
615 7 3.2742083
615 13 1.9990002
615 20 3.4441593
615 32 2.7448177
615 72 3.0443041
617 4 2.591306
617 8 2.70281
617 9 3.4392693
617 21 2.9866593
617 40 2.2927024
621 1 2.8605175
621 11 2.9072537
621 19 2.146974
621 28 3.0155518
621 50 2.0135052
624 1 3.3554385
624 19 2.4325318
624 21 3.3150146
624 38 3.7195663
624 47 2.6570458
633 1 2.692237
633 8 2.2043781
633 11 2.4931655
633 19 2.1269553
633 42 2.8773196
634 3 3.3069031
634 12 3.1103423
634 20 3.779825
634 30 2.4879189
634 51 3.0086691
639 4 2.9012535
639 10 3.6349325
639 11 3.1481905
639 15 2.5016127
639 41 2.328324
645 1 3.1743243
645 7 2.81228
645 11 2.7416985
645 19 1.9367169
645 38 3.0264187
646 1 3.4459946
646 5 3.1083622
646 13 2.450413
646 17 2.686574
646 29 2.1671052
647 3 3.2404022
647 10 2.9961302
647 11 2.844924
647 33 1.9751803
647 52 1.8937496
658 2 3.0195093
658 16 3.1936479
658 22 2.7480125
658 40 2.1794438
658 51 2.5839102
662 1 2.9145463
662 9 3.2434385
662 10 3.1131086
662 14 2.5967836
662 26 2.546632
667 2 2.9622874
667 6 3.0130038
667 8 3.0234034
667 17 2.3797076
667 32 2.9162555
672 3 2.556982
672 17 1.8249111
672 18 1.0927315
672 28 2.1863966
672 45 1.9409122
677 3 3.2682936
677 12 2.7918866
677 16 3.0082967
677 40 2.1382997
677 48 3.223968
679 3 3.7278175
679 9 3.6629355
679 10 3.4805193
679 15 2.8250434
679 58 3.1178982
682 5 2.19009
682 10 3.1028519
682 14 2.3738344
682 20 3.195505
682 25 1.6677461
684 2 3.1281798
684 8 2.5663502
684 10 3.32986
684 22 2.7114398
684 54 3.189243
686 2 3.3948648
686 5 3.0578482
686 6 2.49072
686 22 3.1968694
686 51 2.992307
687 3 3.5524318
687 14 2.8948636
687 16 3.104126
687 22 2.6831605
687 50 1.939675
693 1 3.143268
693 9 3.5539436
693 11 3.0576591
693 35 2.9482236
693 78 1.9779475
707 5 3.430393
707 8 3.0932484
707 19 3.1430368
707 26 3.198717
707 48 3.9574642
709 4 3.1621678
709 12 3.191554
709 13 2.2463694
709 24 2.1993508
709 56 2.3401706
712 1 2.8477051
712 5 2.2260609
712 7 2.286291
712 16 2.3062851
712 33 1.7173628
721 1 2.8382754
721 9 3.1502917
721 10 2.954443
721 30 1.9345428
721 62 2.8228347
724 7 2.9728749
724 10 3.2239401
724 18 1.4638402
724 25 1.7787168
724 47 2.5411057
726 2 3.1205325
726 15 2.8657014
726 24 2.4356177
726 29 2.145697
726 56 2.245964
737 5 2.2986422
737 8 2.6981819
737 10 3.0853965
737 23 3.0254412
737 38 3.08661
738 6 2.6568108
738 19 1.9841654
738 22 2.715827
738 30 2.2818525
738 44 2.9652336
739 1 3.227513
739 11 3.1869223
739 14 3.054165
739 30 2.442701
739 45 2.7650335
764 6 2.6624994
764 17 2.183527
764 19 2.3368726
764 38 3.4783514
764 50 1.9698237
767 1 2.7132459
767 10 2.8435423
767 17 1.8745109
767 21 2.6557498
767 50 1.4580697
770 6 2.3712614
770 15 2.5689318
770 19 2.0037825
770 22 2.498734
770 43 1.9155079
774 1 3.541257
774 7 2.8023262
774 9 3.618326
774 28 2.7336564
774 65 2.291095
779 9 3.1929295
779 15 2.6227944
779 23 3.2610674
779 44 2.6682532
779 82 2.3373349
781 3 3.1995716
781 8 2.7149003
781 12 3.0009623
781 21 2.9617937
781 71 2.431309
793 2 3.5472288
793 7 3.4665704
793 11 3.517961
793 17 2.7772837
793 51 3.1223602
809 2 3.0987978
809 9 3.1852667
809 14 2.6560888
809 19 1.7592407
809 36 2.045582
821 1 3.4261186
821 10 3.3675094
821 18 1.9192402
821 50 2.0301268
821 88 2.1050842
825 1 3.3022103
825 3 3.5669613
825 23 3.3259544
825 30 2.1438513
825 47 2.6427474
830 5 2.4495165
830 10 3.560886
830 21 3.2989619
830 28 3.1724658
830 50 2.046671
834 6 2.538324
834 17 1.7359134
834 18 1.9344156
834 21 2.9212751
834 40 2.1940908
835 5 2.4207556
835 11 2.5407495
835 25 1.8056589
835 36 1.8175125
835 65 1.7426342
836 2 3.1192603
836 7 2.8803396
836 11 2.6373057
836 15 2.6337159
836 79 1.9647137
837 4 2.8835535
837 12 3.0678098
837 13 1.771337
837 19 2.1644232
837 81 2.490348
838 2 3.065948
838 11 3.1221476
838 16 3.1149683
838 18 1.9755673
838 32 2.734171
840 1 3.162481
840 20 3.4942794
840 24 2.1371953
840 30 2.5149326
840 51 2.6394315
846 2 2.9702673
846 8 2.7306006
846 12 3.1799583
846 19 2.2578993
846 59 2.082647
856 1 3.3370993
856 4 3.2451274
856 7 3.3377728
856 9 3.69613
856 27 3.3504183
860 1 3.3328247
860 5 2.279334
860 8 2.916335
860 15 2.3871613
860 34 2.1814015
861 5 2.591535
861 11 2.8117588
861 13 2.3780072
861 25 2.04263
861 52 1.8898566
863 1 3.1514096
863 5 2.4412057
863 7 2.6919622
863 14 3.0438535
863 32 2.5837584
872 3 3.540539
872 8 2.750445
872 9 3.5337245
872 19 2.5798657
872 41 1.8784435
876 2 3.4508672
876 6 2.785112
876 12 3.637448
876 18 2.2371376
876 72 3.1675909
877 4 2.7173305
877 16 2.9967682
877 20 3.4389055
877 40 2.47806
877 79 2.2052748
883 3 3.3473053
883 7 3.33695
883 8 2.818309
883 17 2.4553933
883 31 2.566741
887 5 2.046361
887 10 3.0999691
887 22 2.5964394
887 26 2.4820695
887 95 1.0
897 5 2.5268552
897 7 3.1529627
897 9 2.9892168
897 19 2.3882992
897 59 1.8954849
900 8 2.9439235
900 14 3.126098
900 15 2.6404657
900 25 2.0436885
900 53 1.9805111
927 3 3.180755
927 7 2.7288256
927 17 1.9230365
927 40 2.268199
927 51 2.3054748
934 1 3.1220117
934 6 2.8318112
934 17 2.443436
934 21 3.1518908
934 64 2.4891512
935 3 3.1480637
935 13 1.906405
935 18 1.6772912
935 26 2.4864783
935 62 3.1862867
939 3 3.2794507
939 12 3.131445
939 13 2.218535
939 20 3.4661098
939 40 2.3835862
940 1 3.3510153
940 11 3.142395
940 13 2.0389543
940 28 3.136312
940 60 1.8688381
948 3 3.5368636
948 7 2.774526
948 16 3.227712
948 37 2.8811111
948 45 2.6298578
949 2 2.792516
949 15 2.3146265
949 17 2.0417862
949 22 2.5314128
949 57 1.1613162
953 2 3.0309455
953 16 3.0024424
953 17 2.3321865
953 28 2.5260625
953 42 3.1648402
957 5 2.5426588
957 7 2.6762505
957 8 2.232203
957 16 2.798546
957 70 1.6324283
960 7 3.2145886
960 11 3.263768
960 13 2.8010943
960 20 3.747771
960 54 3.5808687
964 1 2.890369
964 6 1.9468467
964 14 3.003066
964 22 2.9753485
964 44 3.0033765
967 2 3.0877433
967 24 2.3207955
967 25 2.2690494
967 32 2.9240596
967 48 3.4244256
968 3 3.3077922
968 11 2.8259606
968 13 1.935625
968 28 2.8155456
968 42 2.7709916
974 5 2.0505397
974 11 2.4798832
974 14 3.1463635
974 23 2.6719809
974 53 1.719169
1000 1 3.0659757
1000 7 2.7129622
1000 10 3.3290539
1000 14 2.896137
1000 32 2.5212088
1003 8 2.2923195
1003 12 2.8882754
1003 13 1.5575008
1003 32 2.422422
1003 76 1.8863256
1004 2 3.0457072
1004 7 3.4803522
1004 9 3.8087451
1004 23 3.072683
1004 68 2.6464539
1005 11 2.83864
1005 21 2.9156344
1005 24 2.1676702
1005 35 2.4684985
1005 76 2.2583423
1007 1 3.4516046
1007 4 2.8143222
1007 5 2.8938339
1007 10 3.5136192
1007 42 3.4589508
1008 3 3.2966073
1008 13 2.2055726
1008 17 2.2770677
1008 21 3.1847446
1008 62 3.2845743
1009 1 3.2783833
1009 10 3.5037317
1009 13 2.2521129
1009 21 3.40739
1009 51 2.8582597
1010 6 2.389674
1010 13 1.6869156
1010 19 1.6876885
1010 31 1.9797027
1010 58 2.0870132
1011 8 2.7834852
1011 15 2.4762654
1011 16 3.1421297
1011 22 2.8105235
1011 46 2.9528754
1019 1 3.1893656
1019 8 2.7561104
1019 10 3.1531978
1019 14 2.9242854
1019 50 1.7917182
1039 9 3.345304
1039 13 2.2835226
1039 15 2.726661
1039 25 2.0542798
1039 59 2.4228544
1041 1 3.1261976
1041 11 2.7201014
1041 15 2.4757404
1041 31 2.2238438
1041 54 2.6544147
1045 3 3.6420805
1045 12 3.663175
1045 16 3.5456376
1045 21 3.4764915
1045 47 3.1472435
1055 3 3.190902
1055 8 2.6184835
1055 15 2.7971554
1055 23 2.9764395
1055 34 2.5513046
1058 3 3.2286236
1058 7 2.749248
1058 11 3.1114647
1058 23 3.0982366
1058 41 1.756054
1060 6 2.6120105
1060 16 3.2750022
1060 20 3.4452822
1060 28 2.9606614
1060 47 2.7621627
1083 3 3.4696832
1083 6 2.864918
1083 20 3.4919398
1083 31 2.37746
1083 48 3.3174613
1084 1 3.1746786
1084 9 3.0505042
1084 10 2.9114654
1084 25 1.8460082
1084 46 2.3423584
1087 7 2.9834344
1087 10 3.1100411
1087 18 1.7855264
1087 35 2.2317944
1087 73 2.7000952
1088 4 3.3138847
1088 8 3.1866653
1088 14 3.118388
1088 18 2.4636214
1088 40 2.7619188
1089 2 3.0576148
1089 14 3.0485003
1089 20 3.3877683
1089 24 2.1055393
1089 64 2.153375
1094 4 3.4459834
1094 9 3.5505245
1094 16 3.4561546
1094 44 3.2114017
1094 68 2.665387
1097 3 2.4137146
1097 13 1.4815831
1097 14 2.05132
1097 23 2.2643995
1097 38 2.4462843
1102 4 2.9301114
1102 9 3.6312425
1102 23 3.2403362
1102 34 2.7059379
1102 72 2.605906
1108 1 3.2622263
1108 5 2.3544533
1108 6 2.476733
1108 18 1.678406
1108 31 2.0760174
1113 6 2.516265
1113 14 2.849201
1113 18 1.7953314
1113 22 2.8417819
1113 39 2.3283124
1116 2 3.05881
1116 8 2.9934444
1116 11 3.210283
1116 35 2.8263278
1116 44 3.4340212
1131 2 3.5785105
1131 13 2.154384
1131 14 3.2411401
1131 19 2.7622807
1131 36 2.334203
1135 1 2.9958084
1135 12 3.1527023
1135 15 2.4159496
1135 22 2.7378328
1135 72 2.869906
1137 4 2.8848429
1137 7 2.4636836
1137 8 2.726405
1137 18 1.9647288
1137 37 2.759839
1143 1 2.9044206
1143 7 2.8220322
1143 10 2.8626323
1143 21 2.7723591
1143 36 2.0401857
1144 1 3.1084647
1144 3 3.4100611
1144 5 2.6910355
1144 16 3.1927335
1144 40 2.382376
1145 1 3.2462015
1145 8 2.7922246
1145 10 3.1957958
1145 26 3.2583613
1145 47 2.647393
1149 1 3.2560365
1149 8 2.974015
1149 10 3.407452
1149 18 2.1027095
1149 38 3.542893
1154 2 3.1635952
1154 17 2.1516113
1154 19 2.2708702
1154 38 3.5160944
1154 47 2.563507
1161 4 2.800058
1161 21 3.39843
1161 22 3.1270373
1161 25 2.3059967
1161 37 3.0741403
1163 1 3.66902
1163 5 2.880055
1163 10 3.666083
1163 23 3.5395117
1163 89 3.2244
1165 2 2.0705562
1165 5 1.7227153
1165 7 2.1610534
1165 11 2.4092932
1165 46 1.7826298
1178 5 2.7147737
1178 14 3.1051319
1178 26 3.001108
1178 36 2.0873995
1178 80 3.7611477
1179 3 3.0093389
1179 7 3.0144134
1179 9 3.2466772
1179 15 2.5715835
1179 37 2.5396564
1186 1 3.0781214
1186 19 2.5245967
1186 26 2.8941383
1186 34 2.1887605
1186 51 2.6413503
1191 3 3.333855
1191 8 2.920876
1191 10 3.256475
1191 30 2.3482223
1191 49 2.222633
1197 4 2.9000854
1197 17 2.0699759
1197 20 3.40168
1197 37 2.484299
1197 51 2.5835853
1203 2 2.7141695
1203 10 3.2269008
1203 12 3.1424632
1203 14 3.0575585
1203 33 2.0977829
1206 1 3.4291391
1206 5 2.6287684
1206 6 2.7129679
1206 22 2.870787
1206 43 2.189012
1211 6 2.5262494
1211 8 2.4363723
1211 9 3.050557
1211 29 1.3064841
1211 48 2.976461
1212 2 3.0478048
1212 6 2.5024052
1212 16 3.3472173
1212 23 3.2601705
1212 63 2.502849
1215 3 3.3697007
1215 18 1.9190738
1215 20 3.379402
1215 46 2.6145644
1215 65 2.2076712
1217 10 3.466198
1217 14 3.3105946
1217 24 2.5640461
1217 40 2.5927784
1217 44 3.01931
1219 1 3.1608298
1219 9 3.2847998
1219 16 3.0597472
1219 23 2.8112528
1219 85 1.8857477
1220 11 2.8377776
1220 17 2.2656815
1220 21 2.7175293
1220 61 2.455595
1220 90 1.914633
1221 1 3.135216
1221 7 3.1533608
1221 9 3.4091866
1221 15 2.5616057
1221 45 2.6700628
1226 2 3.3232079
1226 12 3.1708026
1226 22 2.955801
1226 30 2.3577836
1226 52 2.3103445
1232 1 3.2528245
1232 14 2.954548
1232 15 2.7441928
1232 19 2.2559009
1232 35 2.804975
1233 6 2.5930645
1233 12 3.1808796
1233 14 2.774987
1233 25 2.3136733
1233 44 2.801751
1237 4 2.5814297
1237 6 2.3478281
1237 11 3.1366098
1237 13 2.3780034
1237 26 2.6532843
1238 4 3.4377987
1238 8 3.051694
1238 11 3.0148063
1238 20 3.6633906
1238 56 2.2454977
1240 3 3.602021
1240 10 3.4996712
1240 11 3.3416336
1240 27 3.40211
1240 43 2.227558
1252 3 3.810169
1252 11 3.4953966
1252 18 2.482981
1252 21 3.572391
1252 50 2.527812
1255 1 3.253178
1255 6 2.744663
1255 8 2.9208379
1255 20 3.766865
1255 28 3.1900318
1258 3 3.5451524
1258 8 2.8760018
1258 11 2.9424107
1258 18 1.6789842
1258 30 2.1942642
1259 5 2.7817268
1259 10 3.4548616
1259 12 3.0702462
1259 25 2.3188763
1259 48 3.3461678
1262 6 2.6492503
1262 13 2.5509188
1262 18 1.8369389
1262 21 3.1804047
1262 29 2.3432822
1264 2 2.5417285
1264 10 3.4201846
1264 14 2.885173
1264 24 2.1574125
1264 35 2.5581648
1266 3 3.3095574
1266 7 2.9855783
1266 9 3.5154777
1266 18 2.2076867
1266 69 2.5966794
1271 1 3.0591645
1271 6 2.8217826
1271 7 2.7957973
1271 17 2.0729558
1271 36 1.8920479
1273 3 3.3678877
1273 13 2.3338647
1273 14 2.664236
1273 31 2.52533
1273 52 2.234866
1278 3 3.4109647
1278 7 3.2107363
1278 10 3.34061
1278 14 2.7659495
1278 32 2.69266
1281 2 3.0767744
1281 4 2.894129
1281 10 3.2654965
1281 14 2.9925234
1281 33 2.2230191
1306 1 3.1292841
1306 4 3.0227466
1306 6 2.8532686
1306 18 1.8122792
1306 55 2.5155358
1331 3 3.1746538
1331 9 3.1991968
1331 11 2.5804641
1331 15 2.4490302
1331 66 2.4112597
1341 3 3.462725
1341 9 3.5042908
1341 10 3.471057
1341 13 2.2482905
1341 39 2.8052595
1346 1 3.38232
1346 6 3.0209568
1346 12 3.5654309
1346 17 2.2744114
1346 72 3.0381265
1351 1 3.0629168
1351 4 2.747439
1351 5 2.7325673
1351 11 3.0314276
1351 44 2.9662757
1358 1 3.5587075
1358 9 3.851189
1358 14 3.1814163
1358 19 2.4781356
1358 33 2.4245057
1363 3 3.399986
1363 6 2.9161115
1363 8 2.6265216
1363 20 3.5545444
1363 63 2.4166274
1369 1 2.9611921
1369 8 2.5215323
1369 15 2.4121442
1369 26 2.4124868
1369 36 2.1204686
1374 1 3.4630773
1374 12 3.3118916
1374 20 3.5629969
1374 32 2.8913138
1374 43 2.561419
1385 7 3.208883
1385 22 3.2296407
1385 25 2.2309394
1385 42 3.442379
1385 67 2.4318666
1395 4 2.8835175
1395 9 3.262613
1395 11 2.501612
1395 19 2.018036
1395 59 2.8906164
1401 4 2.780649
1401 7 3.2197511
1401 13 2.7425168
1401 19 2.784226
1401 25 2.7320821
1409 2 2.7474785
1409 4 2.6764355
1409 11 2.8096142
1409 24 2.1311193
1409 62 3.062317
1411 6 2.4088693
1411 9 3.0793653
1411 10 3.311369
1411 15 2.2935634
1411 45 2.4796271
1416 2 3.0472577
1416 8 2.7299376
1416 11 3.0929766
1416 16 2.971107
1416 37 2.8351293
1417 3 3.7280016
1417 7 3.0001643
1417 12 3.3441753
1417 21 3.4959466
1417 38 3.752403
1424 1 2.8847163
1424 10 3.1297235
1424 11 2.9436142
1424 18 1.985143
1424 55 2.2566524
1429 1 3.3300192
1429 5 2.9559011
1429 20 3.6914887
1429 31 2.303646
1429 43 2.2129946
1430 3 3.474714
1430 8 3.213587
1430 9 3.5587664
1430 29 1.956383
1430 63 2.6297863
1436 6 2.8967087
1436 9 3.940348
1436 11 3.1520002
1436 21 3.3483212
1436 79 2.082575
1452 1 2.8170073
1452 6 2.3386042
1452 8 2.3897145
1452 25 1.4811
1452 79 1.615084
1453 1 2.9521086
1453 4 3.0694432
1453 18 1.6336727
1453 25 1.9190502
1453 59 2.2251687
1462 6 3.0432804
1462 9 3.6393576
1462 11 3.289321
1462 16 3.4599745
1462 39 2.7202218
1465 2 3.0194898
1465 11 3.2112937
1465 12 3.2127311
1465 25 2.3449354
1465 53 2.3739312
1467 4 3.3370614
1467 14 3.3630323
1467 19 2.8118408
1467 27 3.5453248
1467 70 2.4217315
1471 1 3.0943458
1471 7 2.8178675
1471 12 2.8940108
1471 28 2.782541
1471 67 2.2039502
1475 3 3.3891394
1475 11 2.893946
1475 14 2.8442447
1475 32 2.7152267
1475 59 2.6398246
1485 1 3.245411
1485 14 2.9286792
1485 17 2.1741982
1485 34 1.8245213
1485 49 2.6292346
1488 1 3.2717981
1488 7 2.7716217
1488 16 3.079776
1488 24 2.2737927
1488 43 2.045722
1492 2 3.1730835
1492 22 3.3311245
1492 24 2.5496798
1492 31 2.5380368
1492 77 3.427795
1503 3 3.3996542
1503 5 2.3439443
1503 10 3.231735
1503 24 2.1049535
1503 61 1.9325382
1506 4 2.5340476
1506 9 3.2659342
1506 10 2.8968968
1506 28 2.8043442
1506 46 2.11657
1508 5 2.5805545
1508 9 3.4728587
1508 11 2.9178839
1508 15 2.6834497
1508 41 1.8212484
1510 3 3.036289
1510 8 3.0809135
1510 14 3.0144212
1510 31 2.6164849
1510 46 2.5392933
1514 3 3.4778647
1514 8 2.83991
1514 14 3.1445131
1514 24 2.4576375
1514 44 3.1473827
1515 3 3.5976706
1515 7 3.2928383
1515 8 2.8361394
1515 11 3.3958898
1515 80 3.5474896
1516 5 3.0904908
1516 7 2.912277
1516 11 3.2625706
1516 24 2.2919972
1516 40 2.2890832
1520 3 3.6103253
1520 11 2.8585033
1520 16 3.3072038
1520 34 2.0652585
1520 51 2.562216
1526 3 2.8976338
1526 11 3.00361
1526 12 2.869772
1526 15 2.7264183
1526 34 2.0151038
1527 2 3.37512
1527 6 3.1599813
1527 8 2.8789117
1527 17 2.6613312
1527 40 2.4632454
1548 2 3.4124389
1548 4 2.8289328
1548 11 2.762314
1548 18 1.7957274
1548 30 2.7360973
1550 2 2.89805
1550 8 2.7519095
1550 10 3.5445824
1550 23 3.3044136
1550 39 2.4628031
1558 7 2.566833
1558 15 2.640436
1558 17 2.0896358
1558 30 2.104324
1558 52 2.264275
1559 1 3.517754
1559 5 2.501526
1559 8 3.0383117
1559 21 3.2749875
1559 41 2.0195637
1564 3 3.251476
1564 14 2.7377264
1564 27 3.157872
1564 43 2.0981624
1564 52 2.1662538
1565 6 2.792606
1565 16 3.1556063
1565 19 1.8798677
1565 27 3.0883503
1565 52 2.2803102
1567 8 2.7329276
1567 12 3.06501
1567 15 2.4623451
1567 25 1.6699815
1567 43 1.8638157
1569 2 3.284067
1569 16 3.0637202
1569 29 1.9130176
1569 37 2.7803276
1569 52 2.2035348
1573 1 2.8670151
1573 8 2.3571725
1573 10 2.9613955
1573 24 2.0232244
1573 54 2.8101892
1574 3 3.1952345
1574 6 2.4526172
1574 9 3.2261226
1574 13 1.6835743
1574 33 2.0151758
1580 5 3.1346483
1580 7 3.2307372
1580 9 3.5786436
1580 19 2.503317
1580 59 2.5480332
1584 1 2.7932394
1584 14 2.7263434
1584 20 3.32138
1584 28 2.9009118
1584 34 2.1039615
1597 4 2.9572675
1597 18 1.8632462
1597 19 2.4007816
1597 28 2.8313942
1597 63 2.3730645
1603 6 2.9446363
1603 11 2.8963294
1603 17 2.2830224
1603 25 2.0232997
1603 43 2.0400174
1604 1 3.2463708
1604 11 2.6691282
1604 17 2.2718513
1604 25 2.0981708
1604 60 1.5460092
1612 4 3.3424027
1612 9 3.8378868
1612 11 3.4159958
1612 29 2.5075173
1612 44 3.38907
1616 5 2.344335
1616 18 2.016263
1616 21 3.1439326
1616 32 2.698854
1616 42 3.2947016
1617 6 2.4986825
1617 21 2.8592913
1617 23 2.9477541
1617 27 2.9169672
1617 47 2.3839633
1618 5 3.04874
1618 10 3.719405
1618 19 2.8511603
1618 34 2.6854696
1618 47 3.0516405
1626 1 2.8878257
1626 4 2.8404
1626 6 2.6372006
1626 18 2.0528204
1626 49 2.1377912
1627 3 3.5391984
1627 10 3.3964474
1627 18 1.7823635
1627 25 2.024588
1627 62 3.6164298
1628 2 3.335091
1628 15 3.165526
1628 20 3.6359549
1628 31 2.5785558
1628 43 2.2019432
1634 6 2.8258252
1634 10 3.3901026
1634 11 3.1678789
1634 25 2.5775065
1634 87 2.4358058
1640 16 3.0859137
1640 26 2.5725799
1640 27 3.2979505
1640 56 2.3182807
1640 64 1.9735334
1645 4 2.8501928
1645 9 2.6734884
1645 13 1.8830625
1645 25 1.9148208
1645 65 1.7961844
1658 2 2.8587086
1658 12 3.1226258
1658 17 2.3097413
1658 41 1.9645252
1658 51 2.6051524
1665 4 2.846594
1665 11 2.8322341
1665 16 2.9090424
1665 23 2.9426599
1665 44 2.8730686
1671 1 2.720714
1671 16 2.8205042
1671 17 1.6386307
1671 23 2.6361217
1671 93 1.2661011
1672 1 3.1265867
1672 10 3.3174415
1672 11 2.7040305
1672 16 3.2420173
1672 50 1.6718283
1673 1 2.831537
1673 13 2.1402006
1673 17 2.1279092
1673 21 3.065163
1673 58 2.5367975
1674 1 2.8642368
1674 6 2.4288812
1674 8 2.2496681
1674 18 1.2072893
1674 47 2.1258128
1705 6 3.1156318
1705 10 3.668677
1705 12 3.5154092
1705 16 3.5380664
1705 30 2.805723
1712 1 3.4208448
1712 11 3.0003326
1712 14 3.2830672
1712 20 3.6403344
1712 75 2.6145804
1721 1 2.613276
1721 11 2.1840205
1721 13 1.6289752
1721 22 2.0897987
1721 32 1.9351871
1726 5 3.157712
1726 9 3.693104
1726 11 3.1877866
1726 14 3.3770561
1726 55 2.9036987
1730 7 3.0509257
1730 11 2.8013897
1730 15 2.526003
1730 23 3.18893
1730 42 3.0990553
1732 3 2.87912
1732 7 2.7455528
1732 10 3.044026
1732 20 2.8451972
1732 42 2.750741
1734 2 3.0128505
1734 12 3.3186142
1734 17 2.6702914
1734 30 2.4502702
1734 74 3.0734627
1736 1 3.339146
1736 8 2.6282089
1736 12 3.175342
1736 15 2.723621
1736 39 2.301593
1738 1 2.8916254
1738 4 3.0861511
1738 5 2.5723279
1738 11 2.8036327
1738 31 2.2473116
1746 1 2.8222528
1746 11 2.528907
1746 12 2.7633433
1746 18 1.5832686
1746 56 1.6336867
1747 2 2.9703412
1747 9 3.2183292
1747 16 2.7975833
1747 28 2.7713015
1747 65 2.0192244
1749 4 2.9576373
1749 7 3.0527718
1749 11 3.2349038
1749 33 2.6487339
1749 59 2.5299647
1750 6 2.7749531
1750 8 2.6986434
1750 11 3.1492884
1750 15 2.6994245
1750 50 2.0882227
1753 8 2.5408175
1753 13 2.13576
1753 21 2.8130453
1753 28 2.6521738
1753 44 2.816819
1755 1 3.1240373
1755 7 2.7052708
1755 11 2.6408312
1755 22 2.488539
1755 36 2.02361
1756 6 2.454986
1756 10 3.0943716
1756 13 1.8712225
1756 19 2.0741758
1756 51 2.330617
1761 1 3.157984
1761 9 3.1396093
1761 10 3.0590324
1761 15 2.3854685
1761 49 2.311081
1766 3 3.6795952
1766 9 3.7867138
1766 17 2.6241457
1766 25 2.5621502
1766 37 3.1317585
1775 1 3.156221
1775 5 1.9702734
1775 11 2.574946
1775 23 3.0310159
1775 75 2.3244977
1781 4 2.7771058
1781 8 2.7597306
1781 9 3.7280486
1781 17 2.0064857
1781 27 3.3089638
1802 1 3.037313
1802 19 2.1265929
1802 22 2.7957706
1802 35 2.5209057
1802 77 2.854807
1803 2 3.3211658
1803 9 3.7722068
1803 12 3.5146382
1803 25 2.2619998
1803 43 2.1261845
1806 4 2.7657356
1806 14 3.3933854
1806 20 3.4848323
1806 26 2.840721
1806 65 2.1501956
1807 8 2.7313557
1807 14 2.7614148
1807 15 2.398528
1807 34 1.773937
1807 40 2.216968
1825 4 3.2139106
1825 10 3.4682903
1825 11 2.9917672
1825 30 2.5332825
1825 36 1.9940366
1842 1 2.5695868
1842 6 2.044856
1842 14 1.9729798
1842 21 2.503836
1842 30 1.7451477
1846 1 3.3856099
1846 11 3.1918936
1846 19 2.5930798
1846 31 2.608489
1846 64 2.5830097
1852 1 2.7963524
1852 5 2.2158036
1852 6 2.441857
1852 24 1.8905169
1852 61 1.6248144
1858 5 2.1275353
1858 7 2.3950045
1858 17 1.9456503
1858 26 2.3646832
1858 59 1.7035465
1864 9 3.5114648
1864 12 3.2960312
1864 17 2.4638913
1864 23 3.1020246
1864 38 3.636837
1867 5 2.745369
1867 7 2.9387972
1867 9 3.5884326
1867 15 2.8916397
1867 67 2.53375
1872 1 3.4051678
1872 16 3.2288969
1872 25 2.204037
1872 28 3.072883
1872 87 1.0859001
1874 1 3.053072
1874 7 2.3849938
1874 12 2.7601328
1874 29 2.0409017
1874 73 2.5787876
1889 1 3.038705
1889 10 3.1824026
1889 16 2.7606847
1889 21 2.737944
1889 61 1.8171308
1890 2 3.067055
1890 4 3.0478199
1890 5 2.6326993
1890 18 1.8419008
1890 36 2.1054916
1905 2 3.098039
1905 9 3.4044719
1905 12 3.3238282
1905 21 3.0592186
1905 32 2.7520943
1906 8 2.5835807
1906 13 2.4435117
1906 16 3.0701942
1906 27 3.2273574
1906 47 2.8655019
1909 3 3.5199301
1909 10 3.3771937
1909 11 3.0229816
1909 24 2.3260317
1909 47 2.4229317
1910 8 2.2826204
1910 16 2.4969764
1910 18 1.343791
1910 26 2.1388786
1910 54 2.5718055
1920 1 3.1206114
1920 7 2.5857568
1920 9 3.5292258
1920 18 1.9549475
1920 46 2.641762
1923 3 3.4810934
1923 7 3.361559
1923 8 3.0533977
1923 22 3.0381348
1923 54 3.109838
1927 1 2.5934522
1927 5 2.1894972
1927 6 1.8902285
1927 14 2.2207365
1927 75 1.8175129
1937 1 2.913217
1937 7 2.7699034
1937 8 2.4539795
1937 25 1.6302727
1937 35 2.1490133
1941 3 3.521772
1941 7 2.754459
1941 10 3.22988
1941 30 2.3165755
1941 69 1.9318318
1944 4 3.1561239
1944 11 2.941977
1944 17 2.358991
1944 41 2.397969
1944 65 2.3360183
1949 4 3.4424186
1949 8 3.00621
1949 12 3.417355
1949 18 2.1174953
1949 54 3.2337384
1963 1 3.0537462
1963 6 2.5862575
1963 10 3.278626
1963 13 2.3861668
1963 29 2.086575
1965 2 2.4626741
1965 9 3.049388
1965 12 2.7008553
1965 23 2.5860796
1965 58 2.2346587
1966 1 3.1600082
1966 6 2.8541007
1966 14 2.5383644
1966 18 1.5670354
1966 65 2.104442
1970 7 2.5560627
1970 13 1.7315333
1970 15 2.28797
1970 25 1.9005395
1970 33 1.959514
1973 9 3.518485
1973 12 3.1980186
1973 21 3.0154095
1973 29 1.893921
1973 47 2.6497986
1987 1 3.4759724
1987 7 2.9550009
1987 15 2.8259907
1987 17 2.28478
1987 58 2.935885
1993 3 3.765654
1993 15 2.7138839
1993 18 2.3981345
1993 23 3.5155907
1993 57 1.9985476
1995 7 3.213043
1995 9 3.8073802
1995 13 2.4884684
1995 21 3.1766021
1995 41 2.3418603
2002 6 2.9300542
2002 8 2.9451637
2002 9 3.7603295
2002 12 3.359013
2002 39 2.5238822
2004 3 3.432067
2004 17 2.2536442
2004 23 3.2516775
2004 27 3.1308475
2004 35 2.6865742
2008 6 2.3209224
2008 11 2.718328
2008 25 1.4502661
2008 28 2.6015196
2008 39 1.8427434
2012 4 2.6816628
2012 8 2.8511033
2012 10 2.8777373
2012 28 2.6004195
2012 41 1.8123102
2013 1 3.2071683
2013 13 2.0889273
2013 15 2.3172934
2013 31 2.2612324
2013 51 2.4357738
2019 2 2.846043
2019 8 2.51624
2019 13 1.7518127
2019 16 2.8258567
2019 31 1.9048083
2037 1 3.3951514
2037 7 3.3204253
2037 13 2.3699718
2037 20 3.9124823
2037 33 2.8208687
2038 1 3.657398
2038 9 3.2736988
2038 13 2.2703445
2038 21 3.0333002
2038 31 2.5382025
2042 1 3.3626726
2042 11 3.1049583
2042 25 2.2507687
2042 35 2.655477
2042 39 2.284545
2049 12 3.3765655
2049 15 2.5419989
2049 18 2.135026
2049 24 2.2325397
2049 52 2.2714653
2051 4 3.3984249
2051 16 3.179287
2051 17 2.6105785
2051 24 2.284811
2051 58 3.021143
2052 2 2.8027527
2052 8 2.430884
2052 9 3.4446237
2052 13 2.4367528
2052 57 2.0040412
2054 1 3.4781191
2054 3 3.5605295
2054 10 3.55005
2054 21 3.4612632
2054 49 2.5510933
2056 11 3.4414306
2056 13 2.8240714
2056 14 3.3938084
2056 18 2.429015
2056 48 3.7117622
2057 2 3.1775937
2057 30 2.4298255
2057 33 2.4970164
2057 38 3.4696817
2057 77 3.1096013
2060 3 2.9063766
2060 10 3.007971
2060 11 2.4748375
2060 19 1.56886
2060 39 1.5131342
2063 3 3.0746763
2063 14 2.5773687
2063 16 2.7777739
2063 29 1.7827277
2063 78 1.6061847
2070 8 3.1140828
2070 10 3.4947612
2070 17 2.2436872
2070 37 2.8778775
2070 52 2.1963284
2071 2 3.2660885
2071 16 3.23901
2071 17 2.5111938
2071 26 2.8862426
2071 42 3.4290469
2076 1 3.199579
2076 7 2.7484562
2076 13 1.9083434
2076 20 3.5445728
2076 47 2.4564297
2078 1 3.1081011
2078 4 2.6773489
2078 13 2.5871754
2078 23 3.1060903
2078 53 2.015874
2083 2 2.9785683
2083 12 3.0430298
2083 13 2.238148
2083 20 3.461101
2083 58 2.7991893
2084 2 2.8904097
2084 13 2.4966748
2084 24 2.1031117
2084 26 2.4644873
2084 43 1.6748935
2096 3 3.4269862
2096 8 2.889943
2096 11 2.9589353
2096 26 3.1151576
2096 48 3.5057178
2104 1 3.01866
2104 20 3.3971574
2104 23 3.0536115
2104 29 1.656989
2104 56 1.8026458
2109 3 3.410747
2109 11 3.0246708
2109 13 2.1538978
2109 26 2.7293878
2109 62 3.3515182
2118 1 3.220168
2118 4 3.0626957
2118 5 2.6432083
2118 16 3.435664
2118 25 2.0203831
2128 4 2.8094866
2128 11 3.0204682
2128 14 3.0201702
2128 18 2.3020587
2128 32 2.642918
2131 3 3.2840068
2131 8 2.5157468
2131 9 3.3600342
2131 13 2.639988
2131 29 2.1960402
2133 1 3.2970142
2133 4 2.9865434
2133 5 3.010233
2133 11 3.3865366
2133 31 2.5707169
2135 2 3.048913
2135 4 3.1673155
2135 11 3.0102227
2135 22 2.8712695
2135 39 2.3943377
2136 4 2.729744
2136 11 3.0614352
2136 13 2.1084766
2136 19 2.3826847
2136 55 2.335
2147 12 3.467238
2147 21 3.4100716
2147 22 3.2412982
2147 25 2.0537543
2147 39 2.6770825
2157 6 2.583925
2157 20 3.4361897
2157 22 2.891946
2157 32 2.7504
2157 73 2.2692876
2161 6 2.742031
2161 10 3.3415785
2161 14 2.7951093
2161 21 3.0729861
2161 48 3.175298
2162 1 3.2721183
2162 11 3.1851346
2162 12 3.1968713
2162 15 3.0152614
2162 57 1.8225063
2167 1 3.2197664
2167 4 3.0295744
2167 10 3.324658
2167 12 2.8516946
2167 33 2.0240123
2173 3 3.369934
2173 6 2.5714784
2173 11 3.1129515
2173 24 2.1396074
2173 41 2.1663337
2176 2 2.854469
2176 10 2.82385
2176 13 2.020899
2176 28 2.6581373
2176 70 1.7601657
2178 1 2.993143
2178 8 2.5870605
2178 15 2.4385016
2178 29 1.9285991
2178 55 1.9855049
2181 2 3.1179926
2181 17 2.5696073
2181 21 3.1930327
2181 34 2.653429
2181 65 2.6259813
2184 3 3.2345533
2184 7 2.9547064
2184 8 2.8606696
2184 13 1.7916677
2184 28 2.7579634
2187 2 3.4275467
2187 5 2.8747742
2187 10 3.5346212
2187 22 3.0187333
2187 36 2.084434
2192 2 2.1566525
2192 16 2.6898487
2192 17 1.8696182
2192 33 1.3981744
2192 78 1.4567162
2193 4 3.550282
2193 6 3.172831
2193 15 3.1200387
2193 26 3.3431308
2193 48 3.5484066
2194 1 3.423031
2194 5 3.0051947
2194 6 3.1518376
2194 13 2.6778638
2194 30 2.5101678
2201 2 2.9142385
2201 15 2.290847
2201 16 2.863882
2201 18 1.7074015
2201 53 1.870619
2206 4 2.774493
2206 11 2.5400553
2206 14 2.9804244
2206 28 2.9365158
2206 57 1.6338844
2210 2 3.0780628
2210 7 2.845877
2210 9 3.2306046
2210 43 2.0654874
2210 73 2.3790228
2217 1 3.2638402
2217 6 2.9889624
2217 7 3.3418279
2217 11 3.232254
2217 21 3.4564178
2219 4 3.2813046
2219 12 3.423473
2219 23 3.3170655
2219 38 3.5267088
2219 67 2.290797
2225 5 2.795328
2225 11 3.3780532
2225 12 3.4228816
2225 18 2.4114027
2225 32 2.9194174
2228 4 3.106414
2228 10 3.653688
2228 14 3.2286804
2228 18 2.3011672
2228 49 2.9604483
2230 3 3.3302107
2230 8 2.9271421
2230 11 2.5892715
2230 18 1.7946503
2230 38 3.375005
2243 3 3.6839044
2243 5 3.0004036
2243 9 3.911835
2243 17 2.659349
2243 33 2.805344
2246 12 2.9920356
2246 16 3.1037595
2246 23 2.6183498
2246 29 1.6335052
2246 70 1.8770057
2249 1 2.703834
2249 6 2.351968
2249 11 2.5323336
2249 18 1.5050094
2249 42 2.8154864
2251 1 2.8498185
2251 8 2.8540626
2251 9 2.9935498
2251 14 2.6937444
2251 42 2.5978441
2252 1 3.2961397
2252 17 2.4136448
2252 23 3.451242
2252 28 2.8965702
2252 43 2.117875
2255 2 3.1110747
2255 7 3.221191
2255 8 3.027248
2255 14 3.2439272
2255 60 2.1899316
2256 3 3.3902805
2256 8 2.6556678
2256 13 2.4186964
2256 18 1.5684688
2256 36 2.0536265
2258 8 2.604802
2258 16 2.9209745
2258 17 2.048005
2258 25 2.0849175
2258 69 2.429584
2274 1 3.1460047
2274 6 2.659602
2274 8 2.5269427
2274 15 2.2352307
2274 31 2.1351676
2281 2 3.111029
2281 14 2.8382201
2281 19 2.54732
2281 25 1.9525905
2281 85 2.1990345
2282 5 2.3923414
2282 9 3.2220852
2282 12 2.7158437
2282 15 2.1128793
2282 46 2.4631896
2286 2 2.69098
2286 6 2.5021007
2286 10 3.1282582
2286 22 2.5768967
2286 46 2.6646116
2291 2 3.0638208
2291 20 3.4907074
2291 28 3.1223147
2291 33 2.5202007
2291 69 1.7107553
2296 1 3.3683794
2296 21 3.2259228
2296 25 2.2444267
2296 37 3.002884
2296 71 2.695904
2303 3 3.1826324
2303 11 2.9890852
2303 19 2.1456406
2303 29 2.201503
2303 53 1.9144895
2310 2 3.1037984
2310 7 2.9013312
2310 13 2.0538197
2310 16 3.0047116
2310 82 2.0176082
2317 1 3.1113284
2317 7 2.3236144
2317 16 2.9208617
2317 19 2.0514414
2317 39 2.2436318
2337 1 3.484224
2337 3 3.6736996
2337 20 3.591738
2337 39 2.6370137
2337 59 2.341145
2339 3 3.5137076
2339 5 2.253351
2339 6 2.990767
2339 12 2.939937
2339 39 2.4541361
2340 5 3.115813
2340 11 3.222868
2340 14 3.1915293
2340 20 3.5406823
2340 42 3.5089953
2347 1 3.4715571
2347 5 2.7499273
2347 7 3.1646762
2347 11 3.4178615
2347 50 2.1348271
2360 6 2.6871114
2360 11 3.0621533
2360 12 3.2904215
2360 21 3.175046
2360 30 2.489789
2374 2 3.3499854
2374 12 3.5457518
2374 15 3.0055468
2374 32 2.971842
2374 66 3.0681453
2375 3 3.260891
2375 6 2.7434356
2375 8 2.4911423
2375 12 2.9799137
2375 54 2.8713686
2381 1 3.3945625
2381 5 2.5841696
2381 15 2.7047477
2381 20 3.5728178
2381 30 2.4735904
2384 1 3.2269752
2384 8 2.4722545
2384 19 2.1908643
2384 39 2.0389934
2384 62 3.2370987
2387 1 3.30941
2387 12 3.0053546
2387 20 3.3401947
2387 23 3.2447822
2387 71 2.4836175
2390 1 3.1087346
2390 7 2.6447992
2390 9 3.100378
2390 22 2.3108227
2390 38 2.9640582
2392 3 3.3035462
2392 12 3.0470665
2392 20 3.2041454
2392 26 2.4810486
2392 52 2.1852324
2394 1 3.0295525
2394 3 3.3099704
2394 7 2.828364
2394 12 2.9547787
2394 38 3.1701548
2399 1 2.69224
2399 20 3.1320496
2399 22 2.4461699
2399 33 2.0187213
2399 51 2.0930047
2414 2 2.7179735
2414 6 2.8480134
2414 8 2.5723107
2414 23 2.9677808
2414 83 1.9931092
2415 3 3.566379
2415 5 2.8376331
2415 6 2.6673906
2415 19 2.0390632
2415 46 2.772909
2424 4 3.333126
2424 7 3.3553286
2424 8 3.2368202
2424 21 3.4837136
2424 39 2.814364
2427 7 2.9718716
2427 11 2.9482892
2427 12 3.2074988
2427 24 2.096726
2427 59 2.6775885
2430 3 3.431349
2430 11 2.993125
2430 12 3.4806635
2430 15 2.7610486
2430 23 3.203477
2435 7 2.8912303
2435 17 2.6480339
2435 20 3.4832864
2435 33 1.9796562
2435 52 2.3146944
2442 10 3.539203
2442 12 3.186653
2442 14 2.740394
2442 27 3.1995993
2442 36 2.4329717
2450 1 2.6471517
2450 8 2.5580933
2450 14 2.7676225
2450 20 3.2819593
2450 48 2.774122
2453 9 3.6257477
2453 13 2.7566292
2453 18 2.3084762
2453 27 3.4415562
2453 78 2.1658046
2456 1 3.323307
2456 7 3.224884
2456 9 3.785506
2456 15 3.003392
2456 53 2.5742416
2457 1 2.7927308
2457 10 3.308779
2457 11 2.9526236
2457 15 2.6973214
2457 37 2.7428973
2465 5 2.5201664
2465 11 2.9580898
2465 14 2.8780353
2465 21 3.0486834
2465 50 2.160628
2468 6 2.580819
2468 9 3.1809254
2468 11 3.0003257
2468 14 2.6284313
2468 27 2.6590593
2474 2 3.1063852
2474 4 3.1255283
2474 7 3.2765343
2474 15 2.9997203
2474 33 2.3140013
2475 2 3.4043753
2475 7 3.047871
2475 9 3.8409674
2475 17 2.3129964
2475 42 3.2933328
2479 1 3.028585
2479 11 2.7785826
2479 14 2.8796082
2479 25 1.7277405
2479 35 2.2992034
2485 1 3.2308795
2485 19 2.3659258
2485 25 2.270046
2485 28 3.268745
2485 35 2.7110693
2487 11 2.7241945
2487 17 1.659089
2487 21 2.8096206
2487 28 2.7891908
2487 58 2.3726335
2497 3 3.7203457
2497 5 2.7805116
2497 10 3.3256197
2497 23 3.330812
2497 52 2.7188058
2499 4 2.7429388
2499 8 2.811123
2499 9 3.4240482
2499 16 3.0230947
2499 33 2.0409534
2504 9 3.7181003
2504 19 2.7359786
2504 22 3.0369043
2504 26 3.0122857
2504 31 2.7538302
2507 7 2.7873757
2507 12 3.0517786
2507 17 2.0300007
2507 28 2.67713
2507 66 2.3775718
2509 1 3.431186
2509 8 3.149226
2509 14 3.3281035
2509 20 3.8014207
2509 77 3.3027327
2516 6 2.516599
2516 8 2.6280606
2516 11 2.786209
2516 18 1.5604526
2516 32 2.3062663
2527 3 3.417725
2527 5 2.367727
2527 7 2.9482753
2527 12 3.1063893
2527 41 1.9252653
2530 9 3.710692
2530 11 3.0779552
2530 16 3.207141
2530 22 3.0954099
2530 32 2.90944
2540 1 3.253426
2540 8 2.8901641
2540 12 3.0920596
2540 24 2.245508
2540 53 2.1954064
2542 1 3.2717505
2542 11 3.1803532
2542 13 2.600979
2542 24 2.4583945
2542 45 2.6872742
2545 4 3.1257625
2545 15 2.499102
2545 18 1.548661
2545 22 2.6575646
2545 55 1.9699695
2562 10 3.0239463
2562 15 2.5184517
2562 23 3.0766788
2562 30 1.9737248
2562 41 2.240506
2565 3 3.3610926
2565 8 2.9672697
2565 11 3.4490917
2565 45 3.0838394
2565 70 2.2255673
2567 7 3.3441944
2567 12 3.511748
2567 16 3.5344052
2567 30 2.8020618
2567 61 2.6238441
2580 2 3.273776
2580 10 3.4831429
2580 23 3.309337
2580 28 3.0319223
2580 41 2.272748
2592 5 2.7753305
2592 12 3.2429812
2592 24 2.5338213
2592 26 2.8009498
2592 50 1.9694831
2596 1 3.1275628
2596 7 2.7308095
2596 14 2.7939906
2596 25 1.6543336
2596 33 2.1195166
2597 5 2.8211255
2597 9 3.710336
2597 11 3.2052546
2597 15 2.6426892
2597 66 2.6359413
2600 5 2.488069
2600 14 3.0329416
2600 21 3.3710332
2600 26 2.7609146
2600 67 2.1865718
2604 4 2.6685424
2604 6 2.475154
2604 10 3.0247884
2604 20 3.0992253
2604 38 3.2067978
2609 4 3.3420203
2609 10 3.461951
2609 20 3.5346875
2609 32 3.058271
2609 52 2.3536534
2611 2 2.6990492
2611 6 2.6181378
2611 12 2.707704
2611 21 2.6713383
2611 94 5.0
2613 3 3.4485917
2613 21 3.3892856
2613 22 2.5105355
2613 31 2.3996053
2613 42 3.1810508
2616 9 3.879075
2616 15 3.1223469
2616 17 2.716507
2616 20 3.8898442
2616 44 3.4302583
2624 1 2.996395
2624 13 2.0817556
2624 15 2.484711
2624 29 1.8584738
2624 51 2.455954
2627 2 2.7372763
2627 11 2.7001183
2627 17 1.8424714
2627 25 1.5214478
2627 73 1.9881344
2630 1 2.6741042
2630 5 2.1243322
2630 8 2.4747808
2630 30 1.8715062
2630 51 2.198833
2637 3 3.2473435
2637 19 2.1686673
2637 22 2.7507043
2637 24 2.1880772
2637 62 3.2875514
2638 2 3.1991527
2638 11 3.399571
2638 16 3.4109313
2638 23 3.4728289
2638 33 2.732589
2646 2 2.9610562
2646 7 2.8296115
2646 10 3.176349
2646 21 3.1609294
2646 63 2.6014745
2649 2 2.658799
2649 7 2.6852946
2649 9 3.535443
2649 13 2.0244699
2649 35 2.6135328
2661 7 2.9426794
2661 17 2.2917366
2661 27 2.8469093
2661 30 2.2695525
2661 62 2.5716946
2666 6 2.8823836
2666 14 3.1165197
2666 18 2.0414102
2666 28 3.2460227
2666 70 1.8980873
2667 3 3.186346
2667 6 2.503131
2667 9 3.1935081
2667 14 2.6152873
2667 35 2.2133784
2677 1 3.126372
2677 8 2.9627655
2677 10 3.2703378
2677 16 3.01564
2677 49 2.1616127
2682 4 2.8684566
2682 8 2.9069793
2682 22 2.905153
2682 30 2.4631734
2682 52 2.0818474
2683 4 2.9895837
2683 11 3.3528073
2683 12 3.182492
2683 20 3.6785984
2683 40 2.483316
2689 9 3.5823302
2689 18 1.8332609
2689 19 2.34282
2689 31 2.502356
2689 54 3.278203
2699 1 3.4410787
2699 3 3.4010298
2699 5 3.0848842
2699 15 3.1184397
2699 40 2.9476213
2704 4 2.8493142
2704 8 2.8624089
2704 14 2.8627543
2704 18 1.8963219
2704 46 2.4700296
2711 2 2.7893326
2711 17 2.0636208
2711 27 3.1577709
2711 40 1.9884067
2711 65 2.279588
2714 5 3.0165904
2714 17 2.350428
2714 19 2.7254565
2714 27 3.295926
2714 40 2.7691238
2717 1 2.8647432
2717 4 2.970148
2717 7 3.1061163
2717 20 3.5380542
2717 36 1.8177749
2721 1 3.347159
2721 7 3.1818416
2721 8 2.9520938
2721 14 3.418694
2721 28 3.1610293
2724 1 3.6501546
2724 12 3.5726013
2724 14 3.408816
2724 19 2.8576245
2724 35 3.0862968
2726 6 2.8006976
2726 12 3.2298977
2726 14 3.0228803
2726 21 3.1001596
2726 39 2.900999
2733 3 3.7348213
2733 9 3.6248128
2733 11 3.1707146
2733 23 3.3373415
2733 77 3.3321075
2740 1 3.2482708
2740 5 2.5351048
2740 11 2.7159188
2740 36 1.9888452
2740 67 1.5172298
2755 13 2.506426
2755 24 2.546252
2755 29 2.3321216
2755 38 3.786727
2755 58 3.1615503
2759 2 3.1298501
2759 10 3.4703815
2759 12 3.4515634
2759 24 2.3705082
2759 48 3.3540862
2762 2 2.6846645
2762 5 1.8336701
2762 7 2.4149237
2762 20 3.0216248
2762 31 2.1672463
2772 3 3.0906916
2772 11 3.1854284
2772 12 2.871842
2772 18 2.127722
2772 33 2.0713997
2777 2 2.9113567
2777 9 3.1904254
2777 10 3.2159772
2777 14 2.7358243
2777 42 3.3643427
2782 1 2.7445972
2782 11 2.274424
2782 12 2.7376163
2782 30 1.8459642
2782 52 1.3460791
2789 1 3.1157901
2789 9 3.342174
2789 14 2.8961463
2789 23 3.0076976
2789 70 1.8245372
2792 1 2.844611
2792 6 2.2826457
2792 9 3.0907855
2792 18 1.6862625
2792 42 2.6845288
2793 3 3.4591439
2793 15 2.6372623
2793 19 2.429774
2793 28 3.0842054
2793 38 3.5696015
2797 6 2.6681116
2797 8 2.3328674
2797 12 2.9717119
2797 37 2.558388
2797 53 1.9870341
2800 2 3.4332392
2800 10 3.565784
2800 11 2.9182723
2800 19 2.556658
2800 52 1.963866
2803 3 3.243652
2803 8 2.641517
2803 16 3.2409701
2803 21 3.433097
2803 45 2.927483
2814 1 3.5477567
2814 10 3.6234713
2814 14 3.306418
2814 22 3.1851206
2814 48 3.624372
2816 3 3.1397333
2816 10 3.2717934
2816 12 3.1819973
2816 14 3.0787039
2816 27 2.855215
2817 9 3.3338013
2817 14 2.8425226
2817 25 1.9359266
2817 28 2.7488105
2817 54 2.883833
2818 2 3.1201339
2818 6 2.710137
2818 16 3.0724592
2818 25 2.06314
2818 41 1.9146725
2825 2 3.3653483
2825 12 3.1972127
2825 17 2.3495698
2825 30 2.756296
2825 47 2.9011497
2833 3 3.5316997
2833 5 2.408147
2833 11 3.0209858
2833 19 2.1097684
2833 39 2.3856897
2842 2 3.0219233
2842 4 3.1328275
2842 6 2.969437
2842 12 3.0091932
2842 45 2.8143384
2847 7 3.0911994
2847 14 2.6791563
2847 15 3.0487387
2847 24 2.032536
2847 48 3.5069017
2848 4 2.7268429
2848 11 2.7440057
2848 23 3.0914698
2848 27 3.1093996
2848 44 3.0748246
2853 3 3.7971249
2853 7 2.9339442
2853 14 3.22673
2853 19 2.4534025
2853 25 2.3954065
2855 6 3.2154627
2855 12 3.5792372
2855 13 2.8457413
2855 24 2.6100438
2855 53 2.430801
2866 2 3.3048515
2866 7 3.3054633
2866 11 3.0909474
2866 14 3.2123368
2866 43 2.191196
2874 5 2.2127748
2874 8 2.5392659
2874 27 3.0428476
2874 49 2.205792
2874 66 2.3169088
2879 2 2.8688097
2879 10 3.1032095
2879 17 1.9098431
2879 32 2.656936
2879 44 2.7679136
2882 2 2.8873284
2882 13 2.3380346
2882 20 3.4567778
2882 27 3.1024916
2882 62 3.363993
2885 1 3.223698
2885 11 2.9237783
2885 12 3.1128008
2885 28 2.8845813
2885 77 3.1096172
2896 1 3.5584474
2896 5 2.963497
2896 9 3.786622
2896 15 3.0298939
2896 35 2.9945896
2897 2 3.3363223
2897 9 3.6834724
2897 13 2.827333
2897 21 3.3945441
2897 45 2.9104617
2901 2 3.3284588
2901 6 2.5048506
2901 9 3.559509
2901 15 3.1411047
2901 42 3.2397802
2920 8 3.1639996
2920 15 2.6371458
2920 25 1.9555744
2920 28 3.11408
2920 50 1.6460935
2926 2 2.8113675
2926 9 3.4684646
2926 10 3.3450572
2926 18 1.9798768
2926 52 2.301745
2944 2 3.374326
2944 5 2.943824
2944 11 3.3450582
2944 15 3.010221
2944 41 2.481885
2953 1 2.8192606
2953 5 2.8471076
2953 6 2.6417465
2953 11 2.7739315
2953 23 3.0579252
2955 3 2.6183584
2955 10 2.9740777
2955 11 2.4524121
2955 21 2.2272227
2955 33 1.4408801
2957 1 3.697028
2957 7 3.0176592
2957 16 3.3287833
2957 24 2.1708088
2957 36 2.449209
2961 4 2.0063617
2961 9 2.5018458
2961 15 1.7451177
2961 21 2.1569493
2961 42 2.1936278
2967 1 2.882833
2967 18 1.2631335
2967 20 3.088428
2967 32 2.3550794
2967 52 1.7397414
2968 2 2.5217798
2968 12 2.8819666
2968 18 1.7565643
2968 23 3.0425212
2968 58 2.5620093
2971 1 3.3805158
2971 4 3.1399958
2971 12 3.4075382
2971 18 2.2525141
2971 53 2.3547654
2975 3 3.1082816
2975 10 3.0629401
2975 12 2.9096723
2975 42 2.9071822
2975 49 2.2511833
2978 1 3.488722
2978 25 2.421008
2978 28 3.481904
2978 40 2.7255886
2978 52 2.778869
2985 4 2.9803784
2985 10 3.415032
2985 11 2.9080846
2985 23 3.5063262
2985 76 1.957623
2986 8 2.4469953
2986 19 1.9910862
2986 20 3.266468
2986 23 3.120285
2986 43 1.7797093
2994 6 2.762624
2994 9 3.6673968
2994 12 3.2002485
2994 18 2.070229
2994 72 2.572491
2996 3 3.653382
2996 12 3.463904
2996 16 3.4328117
2996 32 3.0976412
2996 73 2.4172726
2999 3 3.104241
2999 11 2.3537488
2999 12 2.669862
2999 31 2.0380938
2999 70 1.5577431
3001 3 3.709844
3001 12 3.2931983
3001 15 2.539083
3001 23 3.3493025
3001 41 2.299256
3004 7 3.1127164
3004 10 3.396362
3004 22 2.9806368
3004 29 2.236838
3004 38 3.6001444
3009 1 3.427708
3009 12 3.4509606
3009 15 2.9553869
3009 31 2.5258176
3009 59 3.0851712
3015 3 3.3421474
3015 7 2.925459
3015 11 3.0456529
3015 20 3.2891057
3015 53 2.510931
3025 3 3.5688763
3025 6 2.991759
3025 8 2.668724
3025 20 3.4627037
3025 60 1.9742415
3027 4 3.015337
3027 10 3.4547799
3027 13 2.1830862
3027 17 2.2900512
3027 35 2.2676947
3062 3 3.5567267
3062 12 3.3722496
3062 16 3.1348171
3062 47 2.826184
3062 54 3.2722044
3070 5 3.220246
3070 9 3.8598893
3070 12 3.4472575
3070 25 2.380342
3070 62 3.7867107
3087 9 3.987978
3087 14 3.2805214
3087 19 2.5957952
3087 28 3.1966949
3087 55 2.9061813
3091 1 3.3211987
3091 6 2.6639404
3091 10 3.2036188
3091 22 3.073401
3091 50 2.115328
3092 4 3.0911653
3092 12 3.0987818
3092 17 2.4386206
3092 21 3.2108424
3092 86 2.1122456
3096 1 3.2097795
3096 6 2.7696943
3096 16 3.191259
3096 31 2.3905528
3096 52 2.023946
3100 1 2.824975
3100 6 2.4723864
3100 12 2.939095
3100 25 1.725656
3100 34 1.8539047
3102 12 3.0037804
3102 14 2.8399951
3102 16 3.0264375
3102 22 2.7186975
3102 55 2.365489
3121 1 3.0247765
3121 12 3.1499536
3121 14 3.2076066
3121 25 2.342383
3121 55 2.6443062
3124 4 2.982552
3124 13 1.8414196
3124 17 2.0816705
3124 25 1.8474216
3124 38 3.4141111
3125 2 3.051175
3125 4 2.8620217
3125 5 1.9846756
3125 18 1.6838192
3125 43 1.7253206
3126 4 3.0806415
3126 12 3.242239
3126 14 3.246536
3126 21 3.4329853
3126 39 2.80812
3138 5 2.3242733
3138 7 2.5385535
3138 8 2.5561604
3138 10 3.2675178
3138 33 2.3347504
3139 1 2.9807184
3139 7 3.1707952
3139 9 3.6659682
3139 18 1.8409711
3139 84 1.0
3149 10 3.379763
3149 18 2.1593773
3149 19 2.8509521
3149 23 3.1269288
3149 49 2.5175145
3151 2 2.846756
3151 5 2.4800253
3151 7 2.5303595
3151 11 2.7457905
3151 40 2.279109
3157 2 3.468963
3157 6 3.1560807
3157 10 3.709126
3157 18 2.4272795
3157 51 3.0440946
3165 1 3.0317748
3165 5 2.7802813
3165 7 3.3216922
3165 12 3.086654
3165 31 2.5110753
3169 1 3.1520233
3169 5 2.9063995
3169 10 3.3391337
3169 14 3.0288453
3169 28 2.940002
3181 2 3.2198284
3181 9 3.8512485
3181 13 2.3550208
3181 19 2.5770195
3181 36 2.421245
3186 4 3.1138883
3186 17 1.8905543
3186 20 3.433449
3186 26 2.594052
3186 38 3.4107041
3189 1 3.3208878
3189 10 3.37305
3189 12 3.2196937
3189 16 3.4077106
3189 38 3.6945822
3197 7 3.5160797
3197 11 3.2951903
3197 16 3.1437104
3197 18 2.12849
3197 39 2.691806
3199 5 2.6617386
3199 14 2.8252518
3199 17 2.0915735
3199 21 2.9040036
3199 67 2.0880864
3205 5 1.8681095
3205 13 1.8389468
3205 20 2.9300573
3205 27 2.7585547
3205 77 2.586391
3210 2 2.68019
3210 7 2.5995317
3210 9 3.0728133
3210 17 1.9102452
3210 49 2.1085963
3211 1 3.1455586
3211 7 2.7892256
3211 8 2.5949662
3211 18 1.8574749
3211 79 2.1085606
3213 1 3.4924386
3213 5 2.709236
3213 8 2.8586993
3213 12 3.222889
3213 25 2.3926744
3215 3 3.220752
3215 7 2.397274
3215 15 2.4288402
3215 19 2.0490825
3215 41 1.9698038
3218 1 3.3606207
3218 7 3.2806287
3218 8 2.66626
3218 17 2.3657198
3218 46 2.7292001
3222 4 2.6747994
3222 9 3.3363783
3222 10 3.3725023
3222 20 3.4488175
3222 26 2.6130536
3241 7 3.0135071
3241 17 2.2808776
3241 21 2.952327
3241 30 2.3796358
3241 50 1.7613965
3244 6 2.9461203
3244 14 2.748586
3244 18 1.9626905
3244 20 3.6113348
3244 36 2.2922409
3246 3 3.5252643
3246 20 3.491162
3246 22 3.0763893
3246 34 2.502086
3246 54 3.3723297
3255 4 3.588856
3255 9 3.8157296
3255 12 3.3789172
3255 16 3.3725176
3255 29 2.1452892
3260 6 2.9670105
3260 10 3.4510415
3260 14 3.2287576
3260 21 3.3241785
3260 44 3.1091824
3263 8 3.1421134
3263 23 3.147774
3263 27 3.3458776
3263 32 2.7614315
3263 56 2.2218223
3266 1 2.9229555
3266 4 2.5074317
3266 6 2.329274
3266 23 2.8432403
3266 39 1.9425805
3269 1 3.1790552
3269 4 3.0669045
3269 5 1.8979841
3269 13 2.3052135
3269 39 2.1745162
3273 4 2.9595459
3273 7 3.5146797
3273 8 3.0051484
3273 18 2.2543824
3273 53 2.3221824
3281 1 3.6453557
3281 10 3.6244342
3281 18 1.9555066
3281 29 2.566895
3281 47 2.8016727
3293 1 3.397148
3293 4 3.0811224
3293 10 3.397239
3293 21 3.3083997
3293 51 2.7380824
3295 2 3.0131974
3295 6 2.698229
3295 9 3.4305809
3295 14 2.895788
3295 28 2.8330812
3300 6 2.1152894
3300 12 3.0160313
3300 21 2.8665085
3300 26 2.7924943
3300 54 3.0662887
3307 6 2.3668578
3307 14 2.6224582
3307 17 1.7987294
3307 30 2.3291147
3307 52 1.8506906
3317 3 3.3824751
3317 9 3.3118496
3317 11 2.7004044
3317 32 2.549115
3317 67 2.031002
3324 2 2.9555464
3324 8 2.8414674
3324 10 3.1496527
3324 31 2.3491066
3324 36 1.9241711
3326 6 2.342524
3326 12 3.1313105
3326 21 2.992396
3326 28 2.96382
3326 45 2.7114587
3327 1 3.1117945
3327 14 2.9929092
3327 17 2.0584292
3327 28 2.8263228
3327 71 2.5083892
3333 2 3.3140693
3333 12 3.401489
3333 13 2.7750623
3333 21 3.3951206
3333 54 3.3357034
3343 4 2.8004313
3343 11 2.5979955
3343 14 2.790771
3343 21 2.6205404
3343 42 2.5187778
3345 2 2.7319124
3345 12 2.752115
3345 13 1.6112621
3345 22 2.5527747
3345 51 2.2655401
3352 2 3.4660232
3352 6 2.859085
3352 9 3.8043406
3352 16 3.649773
3352 44 3.3044858
3353 1 3.1929493
3353 4 2.5404406
3353 14 2.6892676
3353 23 3.1470938
3353 58 2.595414
3355 1 2.837948
3355 19 1.8864987
3355 25 1.7462358
3355 39 2.345122
3355 89 2.3906724
3357 5 2.3279479
3357 9 3.1654534
3357 12 3.0060618
3357 15 2.3051457
3357 45 2.3637745
3367 5 3.3655508
3367 14 3.1162608
3367 17 2.7101378
3367 23 3.3412106
3367 43 2.2565885
3369 1 3.0948434
3369 9 3.767831
3369 10 3.4055533
3369 14 3.2352295
3369 21 3.3958142
3371 2 2.8861434
3371 4 2.9917796
3371 7 2.9992125
3371 35 2.574919
3371 47 2.5213804
3373 7 3.1980011
3373 13 2.9536808
3373 15 2.8211708
3373 17 2.6374366
3373 65 2.5209026
3375 10 3.1248538
3375 19 2.0849495
3375 22 2.6609285
3375 28 2.5934005
3375 42 3.289367
3376 2 3.142552
3376 7 3.1290443
3376 8 2.8243895
3376 13 2.3586698
3376 53 2.0604265
3392 8 2.7115557
3392 11 3.1676655
3392 12 3.1808264
3392 24 1.7619092
3392 60 1.6007686
3399 3 3.2480798
3399 6 2.6591568
3399 7 2.4280097
3399 11 3.0232706
3399 27 3.008254
3400 4 2.7184389
3400 13 2.06565
3400 17 2.1023943
3400 21 2.867105
3400 32 2.6120906
3403 7 3.1598294
3403 14 3.4515812
3403 15 3.3190396
3403 19 2.8718765
3403 50 2.3432379
3405 7 2.9077833
3405 11 3.3677483
3405 15 2.5814133
3405 19 2.1434934
3405 26 2.9971025
3410 5 2.081196
3410 9 3.315933
3410 10 3.3193626
3410 22 3.095024
3410 44 2.9078033
3412 2 2.9584777
3412 13 2.3933403
3412 18 2.0393207
3412 31 2.4417396
3412 46 2.6599925
3438 1 3.2711518
3438 12 2.7618408
3438 15 2.095101
3438 23 3.1365838
3438 69 2.0902703
3441 10 3.1536098
3441 12 2.8661656
3441 14 2.4812505
3441 17 1.9993386
3441 27 2.99177
3442 1 3.6488695
3442 9 3.6704311
3442 12 3.365248
3442 32 3.0372465
3442 54 3.5875504
3457 1 2.9556413
3457 13 1.8309262
3457 37 2.6105394
3457 39 2.083759
3457 60 1.5581884
3463 3 3.5608318
3463 10 3.6235628
3463 11 3.2018762
3463 21 3.2523968
3463 30 2.4884915
3466 2 2.352831
3466 10 2.8432794
3466 15 2.11039
3466 28 2.667557
3466 42 2.7076068
3470 9 3.7220984
3470 15 2.9128637
3470 17 2.6580236
3470 30 2.4760592
3470 61 2.5898244
3475 5 2.2985244
3475 18 1.9330109
3475 23 3.0128953
3475 35 2.621268
3475 49 2.1417248
3480 4 2.4579518
3480 11 2.4911063
3480 15 2.3638215
3480 24 2.1734095
3480 37 2.6505556
3485 1 2.6165257
3485 9 3.0671432
3485 13 1.8655407
3485 15 2.0269513
3485 56 1.8390827
3490 1 2.944292
3490 12 2.9232574
3490 15 2.610026
3490 23 3.0389905
3490 62 3.4770823
3491 6 2.8375084
3491 16 3.4506047
3491 21 3.1995068
3491 24 2.4689786
3491 47 2.7770832
3492 3 3.563362
3492 10 3.3881629
3492 16 3.1517537
3492 26 2.7516274
3492 71 2.5838253
3493 2 3.1330757
3493 15 2.8092878
3493 17 2.3104503
3493 32 2.9908407
3493 62 3.084643
3497 4 2.9533072
3497 9 3.0374122
3497 12 2.83405
3497 20 3.0577526
3497 43 1.7703942
3498 2 2.6596496
3498 8 2.330442
3498 23 3.0711184
3498 36 2.1005058
3498 58 2.6405962
3499 5 2.2433636
3499 15 2.8956206
3499 17 2.248049
3499 28 2.8193526
3499 53 2.0515535
3501 3 3.6173444
3501 6 3.1121786
3501 7 2.9770281
3501 19 2.2860587
3501 87 2.5590248
3502 7 2.405981
3502 11 2.221199
3502 17 1.5619301
3502 22 2.188015
3502 61 1.6336907
3505 3 3.435294
3505 8 2.584513
3505 10 3.2748158
3505 19 2.2392693
3505 81 1.3088868
3514 1 2.7183025
3514 4 2.5606053
3514 7 2.1439452
3514 20 2.4118025
3514 36 1.285049
3525 5 2.4692764
3525 12 3.0024993
3525 14 2.8607676
3525 18 2.1262376
3525 45 2.6326053
3529 3 3.2089136
3529 7 2.5357516
3529 11 2.59779
3529 24 1.8579108
3529 31 2.0534906
3534 1 2.9194453
3534 4 2.8109736
3534 11 2.8594124
3534 23 3.0119057
3534 59 2.2148185
3539 2 3.3134916
3539 8 3.0925827
3539 11 3.1815014
3539 29 2.0956147
3539 52 2.282785
3542 6 2.667395
3542 10 3.265027
3542 13 1.7101543
3542 17 2.1230738
3542 51 2.5372262
3544 2 3.0473802
3544 11 3.1044977
3544 12 3.1331286
3544 22 2.7204766
3544 44 3.2759535
3547 3 3.7098424
3547 11 3.17449
3547 14 3.3180752
3547 37 3.0321562
3547 60 2.3467915
3550 2 3.3712733
3550 5 2.3558788
3550 7 3.4687119
3550 17 2.2271497
3550 42 3.5083303
3555 3 3.3322313
3555 9 3.12922
3555 24 2.1965742
3555 32 2.7623806
3555 55 2.3082185
3561 2 2.9050605
3561 8 2.682001
3561 10 3.2273448
3561 26 2.7648656
3561 36 2.009911
3572 2 3.2969213
3572 7 3.1019006
3572 8 2.9778554
3572 19 2.5172248
3572 38 3.7395048
3581 6 2.478063
3581 16 2.8734086
3581 20 3.238417
3581 31 2.454859
3581 55 2.014935
3583 1 3.2175834
3583 6 2.7402527
3583 7 2.9724765
3583 13 2.406508
3583 45 2.6744003
3585 2 2.772609
3585 13 2.2115998
3585 16 2.621713
3585 28 2.798641
3585 48 3.2657063
3587 3 3.1709156
3587 9 3.1035273
3587 11 2.7388577
3587 13 1.863128
3587 35 1.8527132
3588 5 2.347067
3588 12 3.1008828
3588 15 2.415906
3588 24 1.9511412
3588 32 2.4013839
3598 7 3.1624265
3598 11 3.0587049
3598 18 1.8432189
3598 26 3.1566012
3598 49 2.7501805
3609 4 2.7640061
3609 6 2.2844596
3609 10 2.9802947
3609 20 2.9353142
3609 51 2.38927
3616 2 2.9842372
3616 6 2.577029
3616 8 2.9092538
3616 22 2.874751
3616 64 2.2143133
3618 2 3.00774
3618 12 3.2573044
3618 14 3.1392808
3618 25 2.6253257
3618 81 2.1639132
3621 2 2.8843963
3621 15 2.6441429
3621 22 2.8992314
3621 28 2.9815443
3621 57 1.5896468
3623 2 2.9971128
3623 15 3.310785
3623 37 2.9772842
3623 48 3.505542
3623 75 2.8609602
3631 2 3.022643
3631 8 2.896416
3631 13 2.8892303
3631 16 3.1929212
3631 41 2.230796
3632 1 2.6645555
3632 6 2.504579
3632 7 2.943961
3632 12 2.8206022
3632 28 2.822085
3633 5 2.4871619
3633 8 3.0259335
3633 15 2.7417042
3633 17 2.4169214
3633 33 2.7617645
3636 1 3.2287078
3636 7 2.8823102
3636 8 2.5694704
3636 17 2.3175724
3636 36 2.5335095
3638 4 2.0384774
3638 6 1.8284563
3638 9 2.5339618
3638 15 1.7772335
3638 26 1.9101001
3649 7 2.2940776
3649 9 2.9409704
3649 18 1.2437775
3649 27 2.698174
3649 76 1.7277254
3659 2 3.1865537
3659 7 2.9154723
3659 15 2.8897169
3659 19 2.6983812
3659 41 2.3635428
3660 3 3.3423402
3660 6 2.486348
3660 9 3.5695686
3660 18 2.0423388
3660 27 3.1904714
3661 2 3.307309
3661 6 2.6168175
3661 7 3.4478812
3661 14 3.61649
3661 55 2.6362665
3673 7 2.6793232
3673 14 2.6836395
3673 16 3.0537453
3673 24 2.273194
3673 37 2.7759235
3676 2 2.6749752
3676 9 3.3208954
3676 24 2.185349
3676 44 2.9724877
3676 75 2.507361
3692 8 2.9373689
3692 19 2.3582027
3692 20 3.45182
3692 27 3.430367
3692 64 2.5175111
3698 4 2.5971587
3698 8 2.6425495
3698 11 2.4491127
3698 13 1.6812086
3698 50 1.5044916
3700 15 2.6822207
3700 24 2.5730093
3700 25 2.123997
3700 37 2.7089107
3700 52 2.3771343
3706 7 3.2792504
3706 15 2.9362576
3706 18 2.1169574
3706 38 3.4694324
3706 54 3.3842661
3707 2 2.8005958
3707 4 2.81324
3707 5 2.4277942
3707 11 3.0434964
3707 32 2.5955472
3711 1 3.1528907
3711 4 3.1799092
3711 7 3.1617954
3711 13 2.2074008
3711 28 3.5061202
3714 2 3.09682
3714 17 2.3695884
3714 18 1.8185337
3714 26 2.9221406
3714 39 2.2014818
3716 5 2.826427
3716 18 2.030881
3716 19 2.5882502
3716 44 3.3629587
3716 55 2.376624
3720 4 2.5319283
3720 7 2.9411783
3720 8 2.8482056
3720 25 2.25734
3720 45 2.769291
3729 5 3.1219735
3729 12 3.6393707
3729 14 3.4755855
3729 32 3.297311
3729 62 3.797434
3731 5 2.3490987
3731 17 2.148368
3731 30 2.122121
3731 38 3.3952649
3731 66 2.5651686
3732 1 3.2458682
3732 9 3.4478085
3732 10 3.144826
3732 18 1.9845165
3732 49 2.3336384
3734 2 3.3139834
3734 10 3.5541465
3734 15 2.9498785
3734 23 3.450173
3734 61 2.5129747
3740 2 2.9971058
3740 12 3.0694041
3740 15 2.4613624
3740 20 3.6821215
3740 58 2.6236463
3741 3 3.394478
3741 9 3.222815
3741 15 2.9102473
3741 24 2.2568521
3741 60 1.7854248
3744 1 3.171984
3744 13 2.1029644
3744 15 2.7720459
3744 29 1.8918453
3744 54 3.1411839
3758 2 3.3043683
3758 6 2.7221136
3758 8 2.9836247
3758 24 2.711892
3758 48 3.6757984
3767 5 1.9883491
3767 13 2.432327
3767 18 2.084026
3767 26 2.5173383
3767 49 2.4777827
3768 3 3.6561766
3768 6 3.0577898
3768 18 2.3289886
3768 23 3.5068614
3768 43 2.4547498
3772 6 2.375986
3772 14 2.6130624
3772 17 1.7353406
3772 24 1.9413946
3772 49 2.1420457
3779 1 3.4878159
3779 5 2.7862432
3779 6 2.9445329
3779 30 2.8224835
3779 69 2.4590578
3786 2 2.7898614
3786 5 2.6763487
3786 6 2.5223298
3786 14 2.5509205
3786 38 3.3430731
3792 1 3.540019
3792 13 2.4836376
3792 23 3.510417
3792 32 2.976868
3792 38 3.6480014
3795 5 3.0520196
3795 18 2.3758018
3795 19 2.6682982
3795 34 2.6306589
3795 49 2.4067976
3801 3 3.589839
3801 8 3.059559
3801 14 3.4337432
3801 25 2.1482596
3801 50 1.962687
3808 3 3.654479
3808 12 3.381364
3808 20 3.803567
3808 23 3.2997212
3808 31 2.6818445
3815 1 3.3004353
3815 5 2.8628917
3815 6 2.7972083
3815 13 2.3335114
3815 40 2.2526762
3825 2 3.4977815
3825 5 3.0672796
3825 14 3.4208915
3825 20 3.9011738
3825 52 2.7346113
3828 1 3.5889637
3828 7 3.2861273
3828 9 3.81261
3828 22 3.0205894
3828 54 3.2641902
3848 4 2.683124
3848 16 3.0535007
3848 19 2.5239515
3848 29 1.7039706
3848 43 1.7252619
3853 5 2.655252
3853 10 3.3694077
3853 19 2.0892043
3853 34 2.2077672
3853 47 2.4546657
3856 1 2.9751484
3856 7 3.0076776
3856 8 2.898013
3856 15 2.4560812
3856 27 3.3595443
3857 1 2.8423789
3857 8 2.8080359
3857 13 2.424586
3857 18 1.9228219
3857 93 2.3029513
3860 1 3.583355
3860 3 3.6138246
3860 8 3.093408
3860 11 3.4861584
3860 76 2.425987
3863 1 3.5131633
3863 13 2.4617503
3863 16 3.6057966
3863 25 2.3367717
3863 42 3.460829
3868 2 3.0544682
3868 8 2.7325704
3868 14 2.9597402
3868 23 3.0531046
3868 49 2.2798324
3870 4 2.900276
3870 6 2.6153934
3870 8 2.2620564
3870 23 3.16103
3870 30 2.3118112
3873 1 3.2197428
3873 4 3.0425572
3873 10 3.404532
3873 24 1.9710455
3873 79 2.0624542
3876 1 3.55352
3876 3 3.4924664
3876 7 3.432136
3876 11 3.0796926
3876 49 2.6982553
3879 5 2.5117562
3879 14 3.1207125
3879 22 2.843011
3879 30 2.4813588
3879 60 1.9789771
3881 6 2.5897665
3881 10 3.5249026
3881 11 3.1195388
3881 23 3.0146337
3881 61 1.9298708
3886 8 2.9274151
3886 10 3.5360029
3886 11 3.040397
3886 14 3.2330124
3886 32 2.7200058
3888 2 2.9577591
3888 12 2.912236
3888 16 2.891718
3888 37 2.3143382
3888 57 1.6301115
3890 6 2.8580766
3890 11 3.2577522
3890 20 3.7776368
3890 37 3.2986639
3890 48 3.4679794
3891 2 2.94155
3891 11 2.9378781
3891 12 3.2074704
3891 19 1.947919
3891 62 3.2651823
3895 4 3.012242
3895 12 2.884903
3895 15 2.6540372
3895 19 2.418457
3895 43 1.8101969
3896 3 3.2916517
3896 6 2.6830442
3896 9 3.3481545
3896 11 3.0140352
3896 43 1.941897
3901 7 2.6276648
3901 12 2.7952185
3901 13 2.0616963
3901 22 2.5101357
3901 46 2.3562744
3902 3 3.3044128
3902 8 2.6911635
3902 10 3.428531
3902 18 2.1864216
3902 40 2.3049219
3903 1 3.3159704
3903 13 2.4477932
3903 15 2.542038
3903 21 3.2061355
3903 62 3.5945554
3904 3 3.216629
3904 6 2.2033298
3904 13 2.0020506
3904 32 2.740856
3904 79 1.5730084
3906 1 3.5339782
3906 7 3.2888713
3906 10 3.6096928
3906 13 2.7229028
3906 40 2.7516546
3911 4 2.8894007
3911 7 3.0855036
3911 11 3.111282
3911 19 2.2313404
3911 45 2.6283169
3912 1 3.0933905
3912 7 2.8482835
3912 16 3.0384943
3912 27 3.0343444
3912 58 2.7127604
3917 6 2.4179952
3917 18 1.9469867
3917 19 2.1918633
3917 25 2.1574972
3917 72 3.0185866
3919 2 2.2504702
3919 9 2.643093
3919 11 2.2212024
3919 17 1.4805251
3919 34 1.4566978
3924 1 3.2114723
3924 9 3.8142858
3924 10 3.4342487
3924 17 2.565174
3924 38 3.745381
3935 2 2.478356
3935 13 2.0907195
3935 14 2.329743
3935 25 1.7292029
3935 46 2.0922687
3936 4 3.0832465
3936 21 3.4547412
3936 23 3.3863657
3936 33 2.5896301
3936 53 1.8328519
3943 1 3.1338496
3943 4 2.9028838
3943 5 2.214183
3943 11 2.7019591
3943 60 1.5530237
3944 6 2.687167
3944 8 2.787676
3944 12 2.7486286
3944 21 2.851191
3944 72 2.646037
3969 2 3.2149704
3969 8 2.8526142
3969 14 3.1071475
3969 22 2.9917974
3969 40 2.5555897
3973 2 2.7482538
3973 10 3.2138796
3973 11 3.0474086
3973 13 2.3719366
3973 42 3.0950375
3983 10 2.433318
3983 17 1.4232099
3983 18 1.1514714
3983 41 1.3007138
3983 69 1.4805329
3984 2 3.2287982
3984 9 3.5900939
3984 14 3.3460894
3984 19 2.8964057
3984 48 3.2924325
3987 7 2.1057534
3987 15 1.8444976
3987 26 2.0915
3987 29 1.2828785
3987 33 1.6214645
3990 2 3.5542247
3990 19 2.9261432
3990 23 3.6904142
3990 34 2.7604525
3990 69 2.8416028
3991 7 2.9066188
3991 11 3.5431058
3991 14 3.0543697
3991 22 2.7978785
3991 58 2.8288279
4001 3 3.3408492
4001 6 2.4610791
4001 11 2.811018
4001 18 1.5878683
4001 22 2.888346
4003 7 2.855249
4003 21 3.306653
4003 22 2.9883235
4003 36 2.328941
4003 63 2.0544302
4010 4 3.1421888
4010 9 3.582335
4010 17 2.4020295
4010 27 3.047389
4010 44 2.8472412
4011 1 2.8502347
4011 6 2.8661604
4011 20 3.6662886
4011 35 2.8991046
4011 78 1.8804295
4013 8 2.5776136
4013 19 1.7323223
4013 29 1.4399712
4013 40 1.9653169
4013 60 1.5216895
4015 1 3.0805657
4015 5 2.2355452
4015 8 2.7026916
4015 27 2.8012908
4015 72 2.778603
4021 3 3.1661177
4021 6 2.6156247
4021 8 2.6408541
4021 15 2.834277
4021 35 2.870595
4023 2 2.9557583
4023 6 2.3795216
4023 7 2.7642257
4023 15 2.6043708
4023 31 2.0245209
4028 5 2.1936002
4028 15 2.3386524
4028 16 2.9971676
4028 29 1.9710587
4028 42 2.992527
4038 2 2.8618271
4038 6 2.5399344
4038 7 2.762421
4038 16 2.646702
4038 31 1.9464831
4039 1 3.1178966
4039 10 3.2933896
4039 13 2.710752
4039 19 2.4843597
4039 75 2.4647572
4053 3 3.5763671
4053 14 2.845038
4053 20 3.730185
4053 33 2.3059332
4053 52 2.1719642
4054 8 2.7229996
4054 14 2.7618978
4054 19 1.9013792
4054 30 2.106611
4054 47 2.4726944
4060 3 3.533236
4060 14 2.8975153
4060 17 2.1957576
4060 24 2.2253444
4060 72 2.8466163
4070 1 3.4186182
4070 4 3.2002296
4070 10 3.324724
4070 23 3.3437889
4070 49 2.5976174
4075 2 2.8354135
4075 4 2.9845622
4075 19 2.071459
4075 24 2.1339836
4075 59 1.9690769
4082 1 3.0410466
4082 13 1.8312691
4082 19 2.0115755
4082 28 2.4827673
4082 48 3.2491264
4085 1 3.2680562
4085 5 2.821467
4085 9 3.60937
4085 17 2.5720656
4085 41 2.150954
4086 1 3.3110554
4086 11 2.9320247
4086 12 3.3261976
4086 16 3.0420816
4086 32 2.927734
4088 5 2.3827233
4088 9 3.3467607
4088 10 3.3263593
4088 17 1.8203297
4088 39 1.8299702
4089 3 3.6802337
4089 10 3.6989148
4089 12 3.4986815
4089 22 3.5536473
4089 48 3.6577077
4091 1 2.9640813
4091 9 3.4927394
4091 16 3.3617194
4091 29 2.031063
4091 79 2.1130056
4092 2 2.8412883
4092 6 2.9047077
4092 8 2.7080061
4092 19 2.2029412
4092 48 3.4730098
4094 1 3.2408261
4094 9 3.5366976
4094 21 3.30691
4094 27 3.1412742
4094 50 2.05041
4102 4 3.3916862
4102 7 3.174835
4102 9 3.7332432
4102 17 2.5545077
4102 36 2.7804558
4104 7 2.741626
4104 9 3.3584602
4104 17 2.303451
4104 30 2.5016983
4104 47 2.4495516
4106 4 3.0819428
4106 7 3.274568
4106 15 3.058361
4106 23 3.708379
4106 43 2.359778
4117 3 3.6456444
4117 6 2.9432795
4117 8 2.8297546
4117 12 3.132358
4117 26 2.9758348
4119 4 2.4834764
4119 7 2.299266
4119 8 2.6532273
4119 11 2.5646384
4119 43 1.8175029
4124 2 3.1043816
4124 11 3.1169126
4124 19 2.3629992
4124 21 3.2139778
4124 39 2.7330732
4126 1 3.3908992
4126 6 2.7882388
4126 14 3.1907678
4126 32 3.0413032
4126 49 2.7598758
4131 1 3.1953602
4131 4 2.945081
4131 6 2.7135491
4131 19 2.556529
4131 47 2.6788182
4144 3 3.4344678
4144 11 2.98358
4144 16 3.0012965
4144 19 2.504107
4144 36 2.272918
4149 1 3.1171613
4149 16 3.0329976
4149 18 1.7195286
4149 23 2.9513643
4149 35 1.9695265
4154 1 3.5204928
4154 4 3.2531834
4154 5 2.9255424
4154 15 2.9919393
4154 55 2.8046482
4164 2 3.0655222
4164 5 2.6707153
4164 6 2.7711642
4164 26 2.927627
4164 61 2.2200465
4166 1 2.998511
4166 7 2.8831697
4166 8 2.8546488
4166 11 3.0692062
4166 36 2.051382
4168 5 2.381295
4168 18 2.278177
4168 26 2.8134801
4168 29 1.9799993
4168 48 3.2539659
4170 8 2.6392858
4170 16 2.933607
4170 22 2.9291158
4170 30 2.3437588
4170 73 2.7833874
4175 1 3.295478
4175 3 3.6209652
4175 13 2.2591264
4175 30 2.52633
4175 53 2.635052
4176 2 2.8972547
4176 6 3.0342083
4176 8 3.0404034
4176 20 3.622831
4176 34 2.0551922
4177 1 3.3329384
4177 6 2.4708376
4177 11 2.9972398
4177 20 3.5792205
4177 66 2.8982189
4182 7 3.093605
4182 10 2.9791837
4182 16 2.895308
4182 40 2.393688
4182 79 2.0651798
4188 2 3.4636202
4188 9 3.6344337
4188 15 2.9506116
4188 29 2.1290543
4188 40 2.5991826
4191 5 2.6476011
4191 8 2.7637942
4191 11 2.8394167
4191 15 2.4521565
4191 38 3.2843766
4192 2 2.4453552
4192 14 2.6145568
4192 19 1.8112048
4192 25 1.8515851
4192 35 2.2969759
4195 4 2.9061282
4195 16 3.222358
4195 18 1.6447865
4195 25 2.4309306
4195 38 3.2713637
4206 2 3.0099528
4206 7 2.6876209
4206 17 2.014509
4206 28 2.8363674
4206 50 1.8777813
4222 4 2.9148543
4222 13 1.9700402
4222 14 3.3272982
4222 20 3.6589468
4222 28 3.156955
4223 1 3.2677147
4223 3 3.2809322
4223 4 2.9183805
4223 8 2.9268203
4223 24 2.1864192
4225 1 3.0157852
4225 8 2.8220515
4225 12 3.031303
4225 22 2.5974464
4225 35 2.3097112
4228 2 3.4557035
4228 11 3.4264357
4228 13 2.8090765
4228 18 2.41402
4228 38 3.7737777
4229 1 3.5347886
4229 16 3.2189326
4229 19 2.5286965
4229 22 2.9301162
4229 59 2.4808807
4230 6 3.1917748
4230 10 3.7749767
4230 13 2.9271035
4230 19 2.5418525
4230 45 3.2591121
4232 3 2.8869417
4232 7 2.269875
4232 8 2.7169938
4232 25 1.7371697
4232 39 1.9677569
4237 4 2.7187793
4237 13 2.1382487
4237 14 2.6698492
4237 23 3.0342672
4237 52 2.0965083
4241 1 3.3033772
4241 6 2.541544
4241 7 3.0210414
4241 10 3.239407
4241 53 2.011311
4243 1 3.2515535
4243 12 3.0228577
4243 17 1.8585606
4243 34 2.1030462
4243 65 1.9083945
4254 7 2.989317
4254 17 2.2547781
4254 22 2.9525657
4254 31 2.17883
4254 71 2.3441358
4259 1 3.5894237
4259 8 3.091525
4259 10 3.797071
4259 18 2.3852134
4259 42 3.53701
4263 1 3.4576476
4263 4 3.1991928
4263 8 2.9574487
4263 12 3.4628623
4263 19 2.7883432
4266 8 2.7624435
4266 11 2.8446693
4266 19 2.1816401
4266 24 1.9340254
4266 33 2.1248372
4271 1 3.5347888
4271 12 3.4330957
4271 13 2.8210304
4271 24 2.5178514
4271 48 3.6501915
4274 1 3.5219538
4274 11 3.1276674
4274 14 3.1417944
4274 27 3.5558095
4274 52 2.3705175
4276 1 3.0338316
4276 7 3.0208979
4276 15 2.1235447
4276 26 2.6657865
4276 46 2.2927334
4278 6 2.6546168
4278 13 2.3920093
4278 16 3.379971
4278 26 2.8883245
4278 65 2.3632567
4279 4 3.3291688
4279 10 3.6721928
4279 16 3.541582
4279 20 3.835422
4279 29 2.4942834
4283 6 2.6789398
4283 13 2.3156354
4283 21 3.5417933
4283 27 3.364996
4283 53 2.157341
4289 2 3.1482823
4289 12 3.2677772
4289 15 2.9419603
4289 19 2.5807962
4289 27 3.2917027
4292 2 3.257228
4292 11 2.999699
4292 12 3.1445696
4292 24 2.5454054
4292 53 2.4537175
4296 4 2.6256304
4296 19 2.1600096
4296 21 2.7953293
4296 26 2.530871
4296 39 1.7225944
4298 10 3.3113034
4298 20 3.640289
4298 22 2.6488008
4298 27 3.3546896
4298 42 3.2582977
4301 5 2.3683853
4301 11 2.5946128
4301 19 2.2800014
4301 21 2.8483744
4301 39 2.4257026
4303 2 3.2557077
4303 15 2.639805
4303 24 2.3544898
4303 29 1.8472388
4303 52 2.095428
4304 2 2.9933317
4304 4 2.7086825
4304 5 2.737192
4304 10 3.1592495
4304 34 2.0572426
4308 4 2.7626822
4308 7 2.758813
4308 15 2.6808279
4308 26 2.4841063
4308 48 3.1239223
4314 2 3.3012717
4314 5 3.3793116
4314 6 3.1947231
4314 12 3.5700588
4314 25 2.4905062
4315 6 2.781057
4315 8 2.7583544
4315 9 3.1643245
4315 36 2.0018709
4315 47 2.627471
4316 5 2.6601367
4316 14 3.188881
4316 17 2.6158235
4316 39 2.683425
4316 65 2.4487092
4318 4 3.268485
4318 6 2.952772
4318 14 3.3291097
4318 24 2.3959174
4318 58 3.3885815
4321 1 3.172778
4321 6 2.8411913
4321 10 3.3593557
4321 17 2.4883533
4321 42 3.4444754
4322 13 2.2226536
4322 19 1.9988711
4322 22 3.0256462
4322 30 2.3862507
4322 59 2.1305358
4323 1 3.336216
4323 12 2.9473708
4323 13 2.0330927
4323 23 3.1274035
4323 38 3.0738575
4324 3 3.5464113
4324 11 3.2249658
4324 12 3.3732827
4324 17 2.5398135
4324 24 2.3085876
4332 3 3.2242777
4332 22 2.9202697
4332 23 3.1042633
4332 33 2.39478
4332 42 3.1322153
4344 1 3.307786
4344 5 2.2949905
4344 7 2.5277522
4344 9 3.2793496
4344 52 1.6873465
4349 3 3.5124435
4349 7 2.8689735
4349 12 3.4552476
4349 17 2.0836143
4349 66 2.6071382
4353 4 2.891993
4353 20 3.4130783
4353 21 3.1136498
4353 27 3.3619604
4353 46 2.7199423
4366 1 2.8646219
4366 14 2.687604
4366 15 2.407891
4366 33 2.295487
4366 46 2.0446005
4368 5 2.866182
4368 10 3.657647
4368 22 3.0280337
4368 24 2.3346305
4368 29 2.0288436
4374 2 3.1537793
4374 7 3.2327757
4374 12 3.1297402
4374 34 2.3312414
4374 65 2.2142887
4387 3 3.371543
4387 8 2.678203
4387 14 2.8059037
4387 32 2.966866
4387 73 2.5807974
4389 4 2.4165287
4389 10 2.7052405
4389 16 2.6407373
4389 37 2.240933
4389 77 2.5530326
4391 2 2.4130158
4391 6 2.0986714
4391 10 3.003343
4391 15 2.083569
4391 32 2.5913017
4400 1 2.4710906
4400 5 2.0690978
4400 13 1.9302691
4400 30 2.0440102
4400 50 1.3309354
4402 1 3.5927386
4402 3 3.2878828
4402 4 3.2678282
4402 32 2.867544
4402 72 3.0803404
4409 1 3.478481
4409 8 3.018779
4409 9 3.8812892
4409 12 3.3036604
4409 21 3.1884654
4411 2 3.2953453
4411 9 3.3428073
4411 24 2.359732
4411 35 2.7002623
4411 64 2.12925
4418 7 3.096859
4418 13 2.177886
4418 16 3.1980336
4418 23 3.2443979
4418 50 1.8694867
4420 2 2.56072
4420 7 2.0214982
4420 8 2.678812
4420 15 2.270056
4420 34 1.8991747
4421 1 3.1358438
4421 8 2.8777015
4421 25 2.4947882
4421 31 2.4883974
4421 62 3.4221373
4438 5 2.3742428
4438 12 3.09715
4438 13 1.9411191
4438 22 3.0540516
4438 47 2.6443913
4439 4 2.477819
4439 9 3.048668
4439 12 2.7952595
4439 28 2.5380642
4439 47 2.1102185
4442 1 3.3977358
4442 6 2.9369352
4442 9 3.7402675
4442 14 2.8873587
4442 31 2.5164132
4447 2 3.3563669
4447 15 2.992262
4447 16 3.4659193
4447 33 2.7477682
4447 57 2.2964015
4448 2 2.7059903
4448 7 2.3854563
4448 10 2.6217363
4448 12 2.6382978
4448 42 2.7276366
4449 1 3.1483877
4449 12 3.2696073
4449 14 3.2290304
4449 25 2.506059
4449 39 2.595478
4451 7 2.885191
4451 11 2.7481377
4451 24 2.1547918
4451 27 2.9040015
4451 43 1.810751
4457 3 3.6585371
4457 6 3.004789
4457 9 3.937956
4457 12 3.6181924
4457 23 3.2859166
4462 2 3.2648714
4462 16 3.5811486
4462 19 2.3599393
4462 27 3.527089
4462 50 1.9695361
4464 4 2.685941
4464 15 2.0915017
4464 16 2.8148305
4464 36 1.7082016
4464 47 2.2455328
4472 1 3.1538706
4472 5 2.327237
4472 7 2.9048557
4472 10 3.1955793
4472 24 1.9694045
4478 1 2.9159446
4478 7 2.3801908
4478 18 1.9159145
4478 34 2.0001163
4478 39 2.042248
4485 5 2.008928
4485 10 2.8267188
4485 13 2.013956
4485 27 3.3048012
4485 51 2.4680858
4495 1 3.2562623
4495 8 2.8697193
4495 11 2.8612275
4495 16 3.151127
4495 40 2.2627046
4496 1 3.0128653
4496 16 3.2289028
4496 17 2.2182686
4496 25 2.247502
4496 76 2.64226
4506 1 3.2250628
4506 6 2.5972176
4506 8 2.985068
4506 17 2.1590657
4506 62 3.4250026
4508 1 3.2598965
4508 5 2.4819832
4508 7 2.741647
4508 15 2.52104
4508 26 2.5913806
4510 3 3.0312023
4510 8 2.4300096
4510 11 2.8421507
4510 20 3.3118372
4510 35 2.3469758
4513 3 3.4481938
4513 11 2.672725
4513 12 3.027144
4513 17 2.0798852
4513 36 1.4039924
4527 3 3.7266235
4527 9 3.8337421
4527 10 3.681282
4527 14 3.364229
4527 28 3.32046
4530 2 2.986734
4530 19 2.582926
4530 21 3.0675888
4530 29 2.1703908
4530 53 1.9920286
4535 2 3.2953057
4535 7 2.6731632
4535 10 3.4990988
4535 14 3.2396655
4535 40 2.569302
4538 2 2.4698288
4538 4 2.2501748
4538 12 2.101212
4538 20 2.5010984
4538 27 2.6309514
4540 1 2.9926126
4540 11 2.6903589
4540 16 3.150883
4540 33 2.2457883
4540 64 1.8402209
4542 6 3.0655406
4542 16 3.1495771
4542 17 2.5329785
4542 29 2.287287
4542 65 2.447063
4544 4 3.0568404
4544 9 3.5523245
4544 11 3.1304336
4544 13 2.5130744
4544 28 3.0390425
4550 3 2.695166
4550 11 2.4681485
4550 16 2.638246
4550 26 2.4428096
4550 72 2.4948218
4554 8 2.9985983
4554 10 3.4253988
4554 15 2.598942
4554 22 2.6411684
4554 31 2.24761
4555 7 2.7322075
4555 19 1.8873482
4555 21 2.9319034
4555 35 2.4045951
4555 73 2.5327315
4560 6 2.341657
4560 9 3.3369572
4560 11 2.8688402
4560 22 2.8055367
4560 42 2.909209
4563 2 3.4002604
4563 10 3.6404235
4563 12 3.4871557
4563 25 2.56832
4563 70 2.3820696
4567 4 2.4550838
4567 8 2.397864
4567 16 2.8689651
4567 29 1.6508075
4567 50 1.5933921
4568 4 2.436672
4568 16 3.0903063
4568 17 1.800162
4568 23 2.9538713
4568 36 2.017805
4570 2 3.2424185
4570 12 3.1607928
4570 13 2.540484
4570 16 3.17493
4570 35 2.7480588
4580 1 3.6502814
4580 9 3.52458
4580 10 3.6780245
4580 20 3.530337
4580 42 3.4682386
4583 1 3.2153656
4583 5 2.763211
4583 18 2.171163
4583 28 2.9543335
4583 64 2.524084
4599 1 3.4324749
4599 7 2.8100812
4599 12 3.2577112
4599 24 2.43597
4599 31 2.3856316
4602 1 2.9141035
4602 7 2.4605772
4602 9 3.116147
4602 30 1.998414
4602 42 2.8614998
4605 3 2.916881
4605 17 1.8986521
4605 20 2.9616246
4605 35 2.4854403
4605 59 1.8792828
4617 5 2.2777479
4617 12 3.3843164
4617 21 3.30568
4617 34 2.1629183
4617 51 2.8770525
4623 3 3.4005396
4623 11 3.2005475
4623 12 3.1554208
4623 17 2.2409644
4623 31 2.3636456
4627 1 2.6721578
4627 3 3.208021
4627 13 1.8197882
4627 16 2.8307676
4627 79 1.5883696
4631 1 3.3848453
4631 7 2.862705
4631 9 3.371662
4631 20 3.4063509
4631 54 3.2801669
4632 2 2.7726812
4632 7 2.8235505
4632 12 3.1639473
4632 17 2.314402
4632 37 2.539138
4640 2 3.2153928
4640 6 3.134238
4640 8 2.799096
4640 11 3.2022636
4640 26 2.9523454
4644 1 3.5242498
4644 7 2.9659956
4644 8 2.7853968
4644 17 2.2129223
4644 39 2.584563
4651 7 2.8078694
4651 11 3.4340258
4651 17 2.4317124
4651 28 3.0952291
4651 57 1.9912406
4653 1 2.7066767
4653 3 3.0907774
4653 6 2.2018363
4653 12 2.4983742
4653 44 2.7985044
4656 1 2.8681931
4656 7 3.1363287
4656 13 2.0789897
4656 23 3.0211449
4656 63 2.334833
4661 4 2.8122492
4661 13 2.22467
4661 15 2.462053
4661 21 3.1664886
4661 41 1.9393436
4667 3 3.7945216
4667 8 3.039885
4667 10 3.5716505
4667 26 3.1662107
4667 59 2.5248256
4668 1 3.598551
4668 8 3.3785174
4668 9 3.7602797
4668 23 3.4226437
4668 33 2.3240871
4672 1 3.3046901
4672 4 2.9980989
4672 13 2.332662
4672 28 3.1155517
4672 40 2.5025446
4680 4 3.0048254
4680 9 3.8624797
4680 10 3.675925
4680 12 3.2720983
4680 23 3.225348
4687 1 2.808484
4687 3 3.0112536
4687 10 3.0142379
4687 21 2.8577569
4687 47 2.1793182
4689 10 3.3062813
4689 17 2.2855906
4689 21 3.0017884
4689 29 1.8328358
4689 70 2.1600626
4690 1 2.8918037
4690 5 2.5208619
4690 6 2.5084898
4690 24 1.7560406
4690 37 2.2905886
4695 2 2.5447783
4695 9 3.4725237
4695 13 2.2859628
4695 20 3.1883006
4695 50 1.8553716
4700 1 3.3391485
4700 9 3.659006
4700 15 2.944902
4700 31 2.2627666
4700 42 3.0984483
4714 1 2.5964482
4714 9 2.294042
4714 10 2.5999196
4714 15 2.3428094
4714 28 1.8436276
4719 2 2.14333
4719 6 1.8304479
4719 11 2.1140623
4719 16 2.2528825
4719 60 1.0
4724 2 3.1166322
4724 7 3.0043428
4724 10 3.4971592
4724 13 2.6609592
4724 36 2.198753
4728 1 3.4443352
4728 3 3.6461253
4728 6 2.5656707
4728 14 3.1863844
4728 32 3.0182698
4731 4 2.984575
4731 17 2.2540195
4731 19 2.9832795
4731 21 3.4349024
4731 41 2.1486495
4737 5 2.9387813
4737 12 3.4561784
4737 15 3.0051782
4737 28 3.2486243
4737 60 2.2187088
4742 6 2.8901849
4742 12 3.2992847
4742 14 3.0109174
4742 19 2.2915466
4742 30 2.405846
4748 2 3.3396747
4748 16 3.2982802
4748 19 2.54573
4748 41 2.0867376
4748 65 2.3875766
4750 8 3.1443255
4750 11 3.0066826
4750 22 3.1874585
4750 33 2.5144773
4750 61 2.246037
4751 17 2.0966218
4751 24 2.2566204
4751 26 2.6013086
4751 31 2.4325302
4751 37 2.5466113
4762 1 2.9240618
4762 6 2.575744
4762 12 2.697082
4762 29 1.7638011
4762 36 1.8149583
4765 1 3.6412027
4765 9 3.8693774
4765 17 2.7068093
4765 23 3.6129436
4765 57 2.4167888
4780 5 2.113286
4780 11 2.800611
4780 14 2.4227874
4780 18 1.3879203
4780 50 1.6566725
4785 3 3.74154
4785 26 3.224797
4785 28 3.3353765
4785 39 2.8344123
4785 58 3.2398539
4789 5 2.9148376
4789 8 2.8149087
4789 9 3.4697506
4789 31 2.464922
4789 66 2.7728503
4791 1 3.1776218
4791 4 3.28755
4791 6 3.1596625
4791 12 3.509143
4791 29 2.2537758
4794 4 3.2146935
4794 7 2.8788786
4794 8 3.1426756
4794 16 3.3752718
4794 57 1.4791384
4796 2 3.1587493
4796 14 3.3699296
4796 18 1.8457189
4796 26 3.1089776
4796 51 2.7456791
4802 1 3.0403073
4802 5 2.3812003
4802 9 3.5419614
4802 15 2.65066
4802 43 2.0950813
4803 3 2.728083
4803 8 2.363259
4803 10 3.0123107
4803 25 1.4520085
4803 62 2.7333777
4805 1 3.425297
4805 18 1.9693906
4805 22 3.064351
4805 38 3.7662256
4805 63 2.5838954
4811 5 2.6619084
4811 9 3.6043482
4811 13 2.4475281
4811 22 2.9303174
4811 48 3.6160834
4813 2 2.9223082
4813 8 2.5622954
4813 9 3.317885
4813 23 3.149149
4813 49 2.0979824
4814 2 2.9445117
4814 12 2.9511569
4814 20 3.212406
4814 32 2.8841841
4814 64 2.2065177
4815 2 3.0768611
4815 4 3.071974
4815 6 2.8072011
4815 18 1.8687032
4815 59 2.29853
4820 4 3.1124806
4820 10 3.3270698
4820 11 3.1759205
4820 18 1.859853
4820 33 2.1573033
4822 9 3.557836
4822 14 3.192282
4822 15 2.6839643
4822 19 2.114009
4822 46 2.828431
4826 1 3.6261964
4826 15 3.097643
4826 17 2.691803
4826 21 3.5094745
4826 47 3.0341465
4828 9 3.448882
4828 21 2.8106978
4828 22 2.5654814
4828 27 2.9600446
4828 81 1.8568777
4829 3 3.5769432
4829 8 2.9425225
4829 11 3.476644
4829 20 3.3370593
4829 32 2.8761647
4842 1 3.5359135
4842 22 3.0959053
4842 31 2.6340468
4842 40 2.7266703
4842 73 2.7361608
4843 2 3.0747318
4843 10 3.2188227
4843 11 2.7282956
4843 17 2.1503315
4843 35 2.6723077
4845 3 3.112126
4845 6 2.785471
4845 7 2.3871381
4845 23 2.9181
4845 58 2.4887786
4846 1 2.8331134
4846 10 2.7162716
4846 15 1.6499263
4846 24 1.7322755
4846 37 2.0886924
4847 1 3.2353501
4847 23 3.1016836
4847 29 2.0862138
4847 33 2.3477182
4847 76 2.377373
4850 1 3.4289749
4850 7 3.0655136
4850 9 3.7769268
4850 18 2.2013078
4850 36 2.5618153
4851 4 2.8699868
4851 14 2.8571806
4851 20 3.3383904
4851 36 1.8255728
4851 75 2.2360504
4857 2 3.1813955
4857 14 3.1592352
4857 19 2.3123186
4857 28 3.0494099
4857 61 2.1847966
4859 3 3.301225
4859 6 2.7863822
4859 12 2.9727807
4859 24 1.944053
4859 31 2.4725714
4862 1 3.0515528
4862 14 3.1278725
4862 16 3.1127105
4862 25 2.4962304
4862 77 3.0804198
4863 1 3.667871
4863 4 3.340081
4863 6 2.7391903
4863 9 3.5690277
4863 58 3.0163639
4870 7 2.9450667
4870 10 3.2102728
4870 11 2.9210217
4870 18 1.6811687
4870 44 2.9859583
4875 1 3.1031208
4875 10 3.1223674
4875 14 2.6973832
4875 18 1.7279732
4875 44 2.664492
4879 1 3.018045
4879 20 3.3631015
4879 26 2.5560207
4879 35 2.911923
4879 51 2.509443
4880 1 3.2001362
4880 17 2.182538
4880 20 3.167721
4880 33 1.755047
4880 49 2.2728548
4886 2 2.8043613
4886 6 2.6018817
4886 9 3.3878496
4886 13 2.1068954
4886 57 1.6652434
4888 3 3.560883
4888 7 3.2385173
4888 9 3.6869552
4888 20 3.5689442
4888 34 2.3133123
4890 3 3.0698407
4890 12 2.8106482
4890 14 2.4425147
4890 17 2.1824994
4890 36 1.8093282
4893 3 3.1583545
4893 9 3.3367124
4893 10 3.229812
4893 25 2.159758
4893 87 5.0
4894 1 3.2164066
4894 7 2.5591428
4894 11 2.918321
4894 28 2.4178686
4894 36 1.684097
4898 15 2.537779
4898 23 3.445109
4898 25 2.380219
4898 32 2.9408412
4898 49 2.4046698
4901 2 2.851163
4901 5 2.19237
4901 13 1.8109705
4901 15 2.226677
4901 61 2.039945
4914 8 2.654916
4914 23 3.411713
4914 28 2.491094
4914 32 2.632716
4914 43 2.1301582
4925 3 3.2592974
4925 7 2.3599677
4925 18 1.1974276
4925 32 2.5799203
4925 61 2.0061126
4930 1 2.380084
4930 12 2.5652313
4930 22 2.435789
4930 31 1.734415
4930 77 2.567807
4931 2 2.886557
4931 14 2.9196558
4931 17 2.1679337
4931 26 2.5959163
4931 38 3.3839371
4934 7 3.570707
4934 12 3.4785113
4934 13 2.8675025
4934 17 2.67584
4934 26 3.169371
4935 1 3.5921679
4935 3 3.734901
4935 13 2.5738237
4935 23 3.3701634
4935 46 3.0292718
4938 4 2.8487782
4938 8 2.8221254
4938 11 2.7137327
4938 18 1.804158
4938 40 2.3283427
4943 4 3.1951973
4943 7 3.4385738
4943 11 3.478225
4943 29 2.935405
4943 50 2.512555
4947 2 2.9322298
4947 14 3.2142785
4947 15 2.6248047
4947 23 2.830644
4947 40 2.3668098
4954 10 2.9476132
4954 23 2.8203344
4954 25 1.7276186
4954 30 2.2002776
4954 62 3.1527977
4955 2 3.283756
4955 9 3.6828973
4955 11 3.3283207
4955 21 3.4097714
4955 46 2.9140017
4961 1 2.982424
4961 13 1.735282
4961 14 2.35137
4961 20 2.7704644
4961 39 2.0091407
4964 2 2.7324474
4964 5 2.2112472
4964 9 3.2481816
4964 15 2.118132
4964 32 2.5618339
4973 2 2.9522598
4973 7 3.2325485
4973 11 3.2466464
4973 20 3.5121756
4973 83 2.2756767
4975 3 2.7981172
4975 10 2.5898612
4975 15 2.1373167
4975 18 1.1447294
4975 49 2.0672762
4984 2 3.055576
4984 13 2.2833037
4984 25 2.1819065
4984 38 3.3202798
4984 78 1.728573
4988 5 3.3390942
4988 9 3.8408048
4988 11 3.2476742
4988 21 3.4752948
4988 44 3.1327598
4995 4 2.9439316
4995 22 2.7589788
4995 24 2.5074773
4995 30 2.7249215
4995 65 2.0098772
4997 1 3.0891275
4997 3 3.140647
4997 5 2.319335
4997 9 3.0798147
4997 77 3.158563
4998 1 2.9899287
4998 12 2.9169197
4998 15 2.358779
4998 24 2.101963
4998 47 2.429686
4999 2 3.3100612
4999 4 3.0680556
4999 5 2.785277
4999 22 3.0550718
4999 50 2.1647923
