2 7 1.0
2 13 1.0
2 18 1.0
2 23 1.0
2 61 1.0
3 2 3.4513233
3 7 3.5912251
3 14 3.5608587
3 26 3.4294062
3 57 2.2795663
8 4 2.7749062
8 7 2.4509342
8 9 1.9865828
8 15 2.352881
8 28 2.0514898
9 1 5.0
9 16 3.4917302
9 17 2.687162
9 23 1.9008281
9 30 2.0973725
24 1 3.0626786
24 4 3.1890526
24 7 2.6734364
24 14 3.1000824
24 34 2.5782337
28 3 3.7398503
28 7 3.3358579
28 13 2.772783
28 24 2.7466483
28 38 3.7856936
33 10 1.9055848
33 17 1.0
33 19 1.0562102
33 23 2.3689778
33 35 1.2404715
36 2 3.3667433
36 7 2.3051336
36 8 2.656095
36 10 2.3822255
36 34 1.8433417
46 1 2.2766175
46 6 1.808311
46 11 2.705192
46 15 2.0878134
46 33 1.6459124
47 3 5.0
47 7 4.470922
47 12 4.7778754
47 28 4.4817324
47 52 3.9137805
55 4 3.3100348
55 15 2.6819963
55 17 2.431932
55 21 2.552943
55 48 4.142276
59 1 3.0752897
59 8 3.6111429
59 9 4.343167
59 12 3.5734336
59 57 2.8881273
65 2 1.8530035
65 11 1.0
65 12 1.0437557
65 18 1.0
65 85 1.0
66 3 5.0
66 8 4.106699
66 10 4.279609
66 15 3.6292222
66 47 3.4808822
84 7 2.1845841
84 9 2.67108
84 10 3.1194034
84 14 3.3049388
84 27 2.182161
86 3 2.6035209
86 5 2.4565444
86 7 3.1139297
86 21 2.460427
86 52 1.7849581
90 1 2.7528782
90 19 2.7716696
90 20 3.8242898
90 27 3.2542698
90 51 2.6686118
92 4 1.803463
92 8 1.0
92 13 1.188862
92 31 1.3261056
92 56 1.2023547
97 1 3.9100657
97 5 2.623034
97 10 3.1257412
97 27 2.7821898
97 44 3.1194255
102 2 2.8397362
102 7 3.1403553
102 9 3.2525961
102 14 2.973861
102 32 2.937919
116 2 3.366269
116 9 3.8173108
116 10 3.4489713
116 17 2.8077002
116 37 3.5276237
121 1 5.0
121 12 4.7339535
121 16 4.730817
121 29 3.7512856
121 55 3.9790533
122 1 4.388111
122 8 2.3063216
122 16 2.8049262
122 35 2.167233
122 58 2.0682783
124 8 2.9628537
124 19 2.039853
124 21 3.0025003
124 33 2.4051287
124 67 2.2655087
127 3 2.2143846
127 13 2.9477072
127 29 2.615313
127 36 1.8812354
127 46 2.9764163
128 3 2.566353
128 5 2.7339633
128 7 3.2799501
128 12 2.9674394
128 38 3.6160402
130 1 3.097603
130 4 1.5397954
130 7 2.9031043
130 20 2.7700155
130 78 1.5115014
142 5 1.0
142 10 2.5877
142 15 1.780229
142 27 1.8302581
142 43 1.0762436
146 4 1.0
146 9 4.195708
146 13 4.6204042
146 24 2.6184776
146 54 4.2891984
149 2 2.5408268
149 7 2.0701404
149 11 3.3193285
149 24 1.7388682
149 38 3.3824546
153 6 5.0
153 10 4.1544814
153 12 3.5956788
153 24 4.79885
153 49 4.4709096
157 1 2.8382971
157 5 1.0
157 7 5.0
157 10 2.603566
157 36 1.0
162 2 3.6909015
162 17 1.530394
162 19 2.2418413
162 29 1.8849521
162 86 5.0
163 1 1.0
163 11 1.1991426
163 22 2.6291795
163 30 5.0
163 49 1.3348638
164 5 1.3853884
164 16 1.3230915
164 17 1.0
164 25 1.0
164 40 2.6809752
169 1 3.920971
169 11 3.840085
169 14 3.6494656
169 23 3.3325477
169 45 3.5188766
170 3 5.0
170 6 3.3735218
170 7 2.651032
170 10 3.0651896
170 18 1.7849292
171 1 4.4548206
171 9 3.7481787
171 11 2.7838743
171 13 2.4124668
171 41 1.0
186 5 3.4676108
186 10 3.8906815
186 21 3.599927
186 36 2.9039655
186 84 3.0818646
188 4 3.615271
188 12 2.857482
188 13 2.6198623
188 26 3.8834386
188 56 1.6853513
203 4 1.3019781
203 6 1.4040486
203 8 1.0
203 18 1.0
203 35 1.0
209 2 1.9339373
209 9 2.311366
209 13 1.0
209 21 1.918244
209 66 1.0
245 1 4.8544083
245 13 1.2465532
245 24 1.262162
245 31 1.6484253
245 55 1.2277136
255 1 5.0
255 5 2.55716
255 8 1.1927882
255 20 3.8557506
255 52 2.158945
256 5 3.4740193
256 13 3.5776753
256 15 3.5296738
256 26 3.092964
256 60 3.371251
264 1 4.750037
264 7 3.7554765
264 12 3.886135
264 26 3.573689
264 66 3.661177
269 1 3.4234023
269 13 2.1591258
269 17 1.6469556
269 33 1.8477603
269 51 2.1051457
274 2 2.1092827
274 6 1.5822631
274 7 1.0771006
274 28 1.7931455
274 36 1.1376994
276 1 3.9751334
276 3 4.1907763
276 9 4.3720617
276 17 3.020176
276 47 3.4574728
285 1 3.7397847
285 3 3.768263
285 6 3.2700322
285 16 3.745648
285 54 3.6391525
292 2 2.7605019
292 9 3.5093694
292 18 1.0
292 25 1.0
292 35 1.906352
307 1 5.0
307 5 3.1063058
307 6 3.0580442
307 17 2.3316903
307 38 3.9657674
310 1 3.4536135
310 19 2.4972374
310 21 3.1840658
310 25 2.196411
310 46 3.0062397
311 5 3.3898644
311 11 3.7429624
311 17 3.1924343
311 28 3.8469424
311 34 3.0124114
315 2 4.024422
315 6 3.8099337
315 8 3.7887866
315 24 3.5153592
315 59 2.1462674
316 7 3.858747
316 23 4.068879
316 36 3.2207093
316 43 3.0970325
316 83 3.4358487
320 2 3.0307844
320 5 2.2990248
320 10 3.108148
320 17 1.4518975
320 31 1.381641
324 8 1.5266818
324 10 3.2513862
324 12 2.964896
324 31 2.105805
324 51 3.0830028
337 2 2.6750715
337 14 2.736477
337 15 2.5835273
337 32 2.4578435
337 75 2.6419177
344 2 3.48498
344 19 2.694252
344 21 3.5753834
344 27 3.206699
344 82 2.3147314
390 3 3.4111814
390 6 3.5932658
390 7 3.516862
390 13 3.0887756
390 47 3.3410077
394 2 2.2542043
394 15 2.9267526
394 16 3.4059503
394 21 3.8305762
394 38 3.5168035
396 1 3.9397535
396 4 3.5912428
396 5 3.2172978
396 20 4.111537
396 59 3.0231771
411 3 1.7209891
411 11 3.3953152
411 13 2.1826508
411 34 2.5026612
411 62 2.8753974
412 3 1.3749235
412 5 1.6056356
412 10 1.729254
412 25 1.0
412 46 1.0
415 1 1.0
415 8 4.4929676
415 18 1.0404778
415 31 1.0
415 43 1.0
419 4 4.015426
419 16 4.321051
419 20 4.339688
419 31 3.375865
419 68 3.077801
423 4 3.2497637
423 7 3.7001514
423 9 3.856924
423 12 3.1748793
423 24 2.3956351
430 1 3.2568104
430 15 2.626353
430 16 3.20595
430 42 3.169447
430 58 3.3733258
438 5 2.2293913
438 13 1.6408163
438 14 2.6237383
438 19 1.8164192
438 34 1.508034
439 1 3.6648333
439 13 2.850535
439 20 4.0929017
439 27 3.8132477
439 71 3.4572718
440 3 5.0
440 7 4.445282
440 11 4.4710674
440 29 3.7230103
440 75 3.9914727
447 1 4.3391404
447 8 3.6684723
447 16 4.2072663
447 23 4.162676
447 34 3.2523246
449 4 3.5899804
449 19 2.45712
449 21 3.0600767
449 29 2.9751463
449 55 2.1536756
459 2 3.868992
459 10 3.9755497
459 13 3.2087424
459 15 3.4231358
459 44 3.8247118
462 2 2.805591
462 6 2.4187286
462 7 2.8476813
462 21 2.8156743
462 41 3.458018
471 1 4.5079117
471 11 4.3084173
471 19 3.6944137
471 32 3.87106
471 59 5.0
477 4 2.8679395
477 12 3.4123263
477 14 3.4516625
477 40 2.9502037
477 54 5.0
488 5 4.108083
488 13 1.4714224
488 14 1.7740376
488 30 1.0
488 64 1.7831142
493 2 3.158451
493 12 3.1663337
493 16 3.2051315
493 20 3.6080098
493 73 2.6324267
498 4 3.790552
498 12 4.22559
498 14 3.8224323
498 22 3.6777887
498 33 3.378006
505 1 2.2319188
505 6 2.118629
505 10 2.976936
505 17 1.5534612
505 41 2.4980946
511 2 3.8471909
511 7 4.205209
511 11 3.6910546
511 21 3.975058
511 30 3.1374211
513 11 3.401663
513 18 2.620679
513 31 3.221795
513 43 3.087975
513 59 5.0
517 3 3.4204502
517 7 1.1557947
517 18 1.0
517 41 1.0
517 53 1.0
520 7 3.8842664
520 13 3.471738
520 29 3.3021848
520 35 3.529968
520 56 3.4460366
524 5 1.7468007
524 9 2.9151487
524 13 1.9254494
524 23 3.113793
524 35 2.387816
529 3 2.291308
529 10 2.335226
529 11 2.1560528
529 30 1.5999458
529 52 1.4203458
533 3 3.4244933
533 9 2.8412743
533 15 2.6638815
533 28 2.8861544
533 46 2.3932378
543 5 1.0
543 17 1.0
543 18 1.0
543 32 1.0
543 53 1.0
548 2 3.058915
548 5 2.093688
548 19 2.065174
548 24 1.7122889
548 51 2.039463
549 12 3.3313096
549 22 2.9388633
549 35 2.696374
549 37 2.8564959
549 60 2.2392051
552 1 5.0
552 10 4.283281
552 25 2.735316
552 28 3.6452754
552 65 2.787065
559 1 2.6311047
559 5 1.0
559 6 1.7138429
559 22 1.5581259
559 93 5.0
573 4 2.770376
573 10 2.2858672
573 31 2.0098195
573 42 1.6977183
573 73 2.2657022
574 10 4.180426
574 12 3.5373821
574 13 2.7882926
574 25 2.371437
574 45 3.1913192
576 3 3.512843
576 6 1.0
576 7 1.0
576 16 2.452841
576 64 1.021967
589 1 1.0
589 5 2.598835
589 6 2.5258338
589 11 2.634448
589 50 1.9932902
593 15 3.4905977
593 20 4.389481
593 23 4.006029
593 25 3.0527809
593 53 3.0015545
596 1 4.155498
596 11 4.000004
596 15 3.5960214
596 21 3.9965715
596 35 3.605238
599 3 2.0007284
599 6 3.5834785
599 7 1.0
599 22 1.4623632
599 53 1.2953928
601 1 1.9715369
601 7 4.244724
601 11 5.0
601 22 2.3623939
601 50 5.0
605 3 3.3854835
605 12 3.0230045
605 14 3.8643687
605 25 2.4036548
605 70 1.6770505
609 1 3.2285073
609 5 1.0
609 9 1.6077038
609 16 1.3368963
609 68 3.075394
615 7 2.5517185
615 13 1.6962669
615 20 2.36869
615 32 2.4013863
615 72 2.5264904
617 4 2.616914
617 8 3.8083365
617 9 3.4505203
617 21 3.251706
617 40 2.823649
621 1 2.551341
621 11 2.9183354
621 19 2.262702
621 28 2.7766106
621 50 1.9514093
624 1 4.315956
624 19 3.107826
624 21 4.2379255
624 38 5.0
624 47 3.4868517
633 1 2.6400082
633 8 5.0
633 11 2.216066
633 19 2.4371512
633 42 1.2966611
634 3 3.4317741
634 12 3.3284245
634 20 4.133881
634 30 2.6888182
634 51 2.8256297
639 4 2.4713519
639 10 4.3506427
639 11 4.16977
639 15 1.6938974
639 41 5.0
645 1 2.3979852
645 7 2.149682
645 11 2.0764172
645 19 1.4688871
645 38 2.3940613
646 1 4.8265896
646 5 4.1926203
646 13 3.9244266
646 17 3.5847976
646 29 3.560778
647 3 2.7484574
647 10 2.2435975
647 11 2.3114743
647 33 1.5812516
647 52 1.7159443
658 2 3.1585684
658 16 3.1714845
658 22 2.8308213
658 40 2.3262086
658 51 2.537993
662 1 2.5990982
662 9 2.637705
662 10 2.287379
662 14 2.1460037
662 26 2.9221392
667 2 3.582558
667 6 3.62928
667 8 3.277537
667 17 2.825505
667 32 3.405524
672 3 2.5666502
672 17 1.0
672 18 1.0
672 28 1.0
672 45 1.1201682
677 3 2.3338194
677 12 2.2572277
677 16 2.4798667
677 40 1.6484425
677 48 2.703676
679 3 4.642547
679 9 5.0
679 10 3.7969933
679 15 3.421526
679 58 3.2307239
682 5 1.0
682 10 2.843269
682 14 1.577886
682 20 2.53745
682 25 1.1895449
684 2 3.6016028
684 8 2.972948
684 10 3.307923
684 22 2.7417307
684 54 3.3948538
686 2 3.9144173
686 5 3.0959778
686 6 1.4571841
686 22 3.1849763
686 51 2.4243174
687 3 4.0437365
687 14 2.9982846
687 16 3.6291099
687 22 2.4731684
687 50 2.3715887
693 1 1.3464876
693 9 5.0
693 11 2.296388
693 35 2.5904968
693 78 1.9716302
707 5 4.2048078
707 8 4.192961
707 19 3.568139
707 26 3.6766534
707 48 4.387604
709 4 3.9559052
709 12 3.859452
709 13 3.346377
709 24 3.0430589
709 56 3.05497
712 1 1.776447
712 5 1.0
712 7 1.0412154
712 16 1.0
712 33 1.0
721 1 2.3008065
721 9 2.9380653
721 10 2.402019
721 30 1.3098246
721 62 3.0524018
724 7 3.032788
724 10 3.0005043
724 18 2.5201144
724 25 1.9790199
724 47 2.9140089
726 2 2.931821
726 15 3.0988975
726 24 2.713231
726 29 2.3976216
726 56 2.6537666
737 5 1.0
737 8 1.0
737 10 2.8819833
737 23 4.2003555
737 38 2.6839442
738 6 2.5644445
738 19 2.1690712
738 22 2.6088734
738 30 2.154316
738 44 3.1492748
739 1 3.3723392
739 11 3.2746308
739 14 3.2643764
739 30 3.7586317
739 45 3.0892277
764 6 5.0
764 17 2.4527988
764 19 2.1634994
764 38 3.5554926
764 50 1.0
767 1 1.8166573
767 10 1.9442949
767 17 1.0730705
767 21 1.7965508
767 50 1.0
770 6 1.9025128
770 15 1.7770994
770 19 1.346281
770 22 1.8471112
770 43 1.5016599
774 1 3.8999426
774 7 3.1512282
774 9 4.0361605
774 28 3.3798537
774 65 2.8751235
779 9 1.0
779 15 2.5378625
779 23 3.3970947
779 44 3.065591
779 82 2.1337233
781 3 2.8951907
781 8 2.618414
781 12 2.6175153
781 21 2.6701694
781 71 2.0935473
793 2 4.688239
793 7 4.4787264
793 11 4.5546837
793 17 3.8420959
793 51 4.325852
809 2 3.0511842
809 9 2.7439642
809 14 2.3134573
809 19 1.814152
809 36 2.1846335
821 1 2.6816492
821 10 1.7300527
821 18 1.7173121
821 50 1.539516
821 88 2.105999
825 1 4.007358
825 3 4.1610193
825 23 3.074303
825 30 2.3757765
825 47 3.2390673
830 5 2.6926305
830 10 3.6670434
830 21 3.178108
830 28 3.187968
830 50 2.0850503
834 6 1.6594923
834 17 1.0
834 18 1.8151004
834 21 2.4908543
834 40 2.0220802
835 5 2.6641023
835 11 1.0592242
835 25 1.7004893
835 36 1.5901461
835 65 2.1378818
836 2 3.8276622
836 7 3.8493404
836 11 2.9216485
836 15 3.4185195
836 79 2.6413445
837 4 2.803757
837 12 3.2908974
837 13 2.1448488
837 19 2.6943645
837 81 1.0
838 2 3.1478453
838 11 2.8401425
838 16 3.0350978
838 18 1.8383421
838 32 3.0974276
840 1 2.3850322
840 20 2.4802923
840 24 1.0
840 30 1.0
840 51 2.7133656
846 2 3.1547973
846 8 3.2705977
846 12 3.287633
846 19 2.626106
846 59 5.0
856 1 3.7630506
856 4 4.00284
856 7 4.181518
856 9 4.48425
856 27 3.9737008
860 1 5.0
860 5 1.8175831
860 8 2.6619678
860 15 2.2484593
860 34 2.30578
861 5 2.5796273
861 11 3.3259752
861 13 2.9889946
861 25 2.3839312
861 52 2.8538036
863 1 2.5841155
863 5 2.0956302
863 7 1.5520501
863 14 2.6263175
863 32 1.8367152
872 3 3.734146
872 8 2.5436766
872 9 4.39002
872 19 2.391649
872 41 1.3361708
876 2 4.183494
876 6 3.1380317
876 12 3.9403734
876 18 2.9500887
876 72 3.2904778
877 4 5.0
877 16 3.8774188
877 20 4.2014
877 40 3.0044
877 79 2.6715384
883 3 3.7590516
883 7 3.9599576
883 8 4.607731
883 17 3.0215588
883 31 3.294808
887 5 1.0
887 10 1.3825959
887 22 1.5635483
887 26 2.9811394
887 95 1.1594785
897 5 2.6424212
897 7 3.9424977
897 9 2.1974378
897 19 2.8432295
897 59 1.2542253
900 8 3.3956637
900 14 3.5422888
900 15 3.1789804
900 25 2.64926
900 53 2.4424157
927 3 2.747516
927 7 1.9319952
927 17 1.0
927 40 1.0256773
927 51 1.0870645
934 1 3.3498898
934 6 3.0302231
934 17 2.8994422
934 21 3.6924853
934 64 3.5137448
935 3 2.4918654
935 13 1.7595332
935 18 1.5765445
935 26 4.076264
935 62 2.416972
939 3 4.5774775
939 12 3.5788522
939 13 1.5702953
939 20 3.7954862
939 40 2.0672886
940 1 3.92338
940 11 3.6881952
940 13 2.756031
940 28 3.5304384
940 60 2.4988632
948 3 3.7046654
948 7 1.3993112
948 16 2.5306664
948 37 1.9773308
948 45 1.7450821
949 2 2.2605944
949 15 1.8986366
949 17 1.6887801
949 22 2.187067
949 57 1.0
953 2 2.4129677
953 16 2.442888
953 17 1.5677774
953 28 2.1378686
953 42 2.0702286
957 5 2.4874697
957 7 2.2495997
957 8 3.6996095
957 16 2.9238634
957 70 1.0
960 7 5.0
960 11 4.267261
960 13 4.02314
960 20 4.997224
960 54 4.758996
964 1 2.1264267
964 6 1.0536712
964 14 2.4994552
964 22 2.210516
964 44 3.3410559
967 2 2.2247486
967 24 1.0
967 25 1.3331023
967 32 2.5756795
967 48 2.7847822
968 3 1.2437415
968 11 1.4764177
968 13 1.0
968 28 1.8035928
968 42 1.2714342
974 5 2.461454
974 11 1.9204209
974 14 2.848641
974 23 3.382611
974 53 1.4356847
1000 1 3.390963
1000 7 2.5809343
1000 10 4.0240726
1000 14 3.1977654
1000 32 2.789864
1003 8 2.400234
1003 12 2.7226322
1003 13 1.0
1003 32 2.5612214
1003 76 1.0
1004 2 3.3070147
1004 7 3.723207
1004 9 3.8438244
1004 23 3.320969
1004 68 2.306712
1005 11 2.2099652
1005 21 2.330206
1005 24 1.5909135
1005 35 1.8814118
1005 76 1.5985975
1007 1 5.0
1007 4 3.3252218
1007 5 3.3911018
1007 10 4.4875584
1007 42 4.003751
1008 3 3.9960773
1008 13 2.1399465
1008 17 2.1459894
1008 21 3.423242
1008 62 2.8954325
1009 1 1.5556631
1009 10 3.4096532
1009 13 2.4326675
1009 21 3.3632898
1009 51 2.6430976
1010 6 1.3940542
1010 13 1.0
1010 19 1.0
1010 31 1.0
1010 58 1.0
1011 8 1.3063316
1011 15 2.8276684
1011 16 2.7563782
1011 22 2.5141823
1011 46 3.7097225
1019 1 3.3931642
1019 8 1.1090535
1019 10 3.9907868
1019 14 3.3878615
1019 50 1.9984392
1039 9 4.142138
1039 13 2.9141567
1039 15 3.131843
1039 25 2.7578392
1039 59 2.9354603
1041 1 2.470847
1041 11 2.2338407
1041 15 1.8489856
1041 31 1.6569301
1041 54 4.191311
1045 3 4.536236
1045 12 4.321895
1045 16 4.4074054
1045 21 4.2364855
1045 47 4.1347814
1055 3 3.619808
1055 8 4.087126
1055 15 2.473969
1055 23 2.4214206
1055 34 2.4162726
1058 3 3.3447385
1058 7 2.0678928
1058 11 2.6566002
1058 23 2.7229536
1058 41 1.1127062
1060 6 2.5063252
1060 16 3.0189462
1060 20 3.3925428
1060 28 2.8597565
1060 47 2.504842
1083 3 2.9146388
1083 6 1.0763422
1083 20 4.0299892
1083 31 3.1305718
1083 48 4.8308935
1084 1 4.3483744
1084 9 2.1597798
1084 10 2.2522302
1084 25 1.0
1084 46 2.2842636
1087 7 2.3879828
1087 10 2.2896478
1087 18 1.1173847
1087 35 1.6255159
1087 73 1.373485
1088 4 4.1169767
1088 8 4.0441804
1088 14 3.9336374
1088 18 3.1128044
1088 40 3.4845371
1089 2 2.8768861
1089 14 2.7801764
1089 20 3.210189
1089 24 2.2902699
1089 64 2.6855938
1094 4 4.2588553
1094 9 5.0
1094 16 4.638069
1094 44 4.172756
1094 68 3.6496167
1097 3 1.0
1097 13 1.0
1097 14 1.0
1097 23 1.0
1097 38 1.0
1102 4 3.057274
1102 9 4.8688793
1102 23 5.0
1102 34 3.8192177
1102 72 1.0
1108 1 3.4890275
1108 5 2.0623229
1108 6 2.3315895
1108 18 1.7534888
1108 31 1.9983579
1113 6 1.2179974
1113 14 2.091312
1113 18 1.0
1113 22 2.0839496
1113 39 1.1309066
1116 2 3.6961887
1116 8 3.4148989
1116 11 4.239936
1116 35 3.6170993
1116 44 3.5462651
1131 2 3.6909144
1131 13 2.3647814
1131 14 3.3667724
1131 19 2.6950593
1131 36 1.6407228
1135 1 3.0143423
1135 12 2.8634357
1135 15 2.4713323
1135 22 2.5747986
1135 72 2.60764
1137 4 2.598845
1137 7 1.9903936
1137 8 2.6616266
1137 18 1.5112016
1137 37 2.7596552
1143 1 1.4817519
1143 7 3.0418527
1143 10 2.71811
1143 21 2.6872106
1143 36 1.9063642
1144 1 2.6571877
1144 3 4.0653524
1144 5 3.0361145
1144 16 3.7450223
1144 40 2.6703577
1145 1 3.9125423
1145 8 3.2873485
1145 10 3.951727
1145 26 3.839555
1145 47 3.5404525
1149 1 1.0
1149 8 3.5833733
1149 10 3.9544392
1149 18 2.575346
1149 38 4.080705
1154 2 3.2434118
1154 17 2.4211123
1154 19 2.2621694
1154 38 3.7488627
1154 47 2.4926083
1161 4 3.497623
1161 21 4.3980722
1161 22 4.1674504
1161 25 3.4407544
1161 37 5.0
1163 1 4.3431196
1163 5 3.9610634
1163 10 4.460599
1163 23 4.463965
1163 89 3.9253044
1165 2 1.0
1165 5 1.0
1165 7 1.0
1165 11 1.2268395
1165 46 1.0
1178 5 3.6489344
1178 14 4.0140505
1178 26 3.863569
1178 36 3.3401988
1178 80 3.983033
1179 3 1.5928215
1179 7 2.655115
1179 9 2.1623778
1179 15 1.4963573
1179 37 2.1032424
1186 1 2.0000863
1186 19 2.3868222
1186 26 1.0
1186 34 1.2147545
1186 51 1.6224905
1191 3 4.4888873
1191 8 1.0
1191 10 2.2312045
1191 30 1.0
1191 49 1.0
1197 4 2.9456391
1197 17 2.087377
1197 20 3.3546546
1197 37 2.65447
1197 51 2.44405
1203 2 1.7800019
1203 10 2.8438287
1203 12 2.7136765
1203 14 2.6525807
1203 33 2.0852945
1206 1 3.3861914
1206 5 2.687416
1206 6 2.5030725
1206 22 2.1424236
1206 43 1.6782176
1211 6 1.0
1211 8 1.0
1211 9 1.6390321
1211 29 1.0
1211 48 1.8935632
1212 2 3.1504998
1212 6 1.1063168
1212 16 3.578417
1212 23 3.1083906
1212 63 2.7053657
1215 3 4.5992556
1215 18 2.961216
1215 20 3.9385242
1215 46 5.0
1215 65 4.848181
1217 10 4.082139
1217 14 3.9225032
1217 24 3.2387598
1217 40 3.1486986
1217 44 5.0
1219 1 3.7062905
1219 9 2.1945436
1219 16 2.1313915
1219 23 1.3870239
1219 85 1.0
1220 11 1.8925118
1220 17 1.3344905
1220 21 1.9791867
1220 61 1.4027328
1220 90 1.3794637
1221 1 2.7106047
1221 7 3.378412
1221 9 3.2214463
1221 15 2.3793209
1221 45 2.4355373
1226 2 3.998831
1226 12 3.9999588
1226 22 3.468372
1226 30 3.1450286
1226 52 3.0423858
1232 1 2.8780446
1232 14 2.823762
1232 15 2.4440234
1232 19 2.2167573
1232 35 2.4623346
1233 6 2.0928676
1233 12 2.5160646
1233 14 2.3081567
1233 25 2.0674205
1233 44 1.821993
1237 4 2.5785723
1237 6 1.777457
1237 11 3.6483524
1237 13 2.2957733
1237 26 2.7305768
1238 4 4.42208
1238 8 4.0011168
1238 11 3.9673963
1238 20 4.382764
1238 56 3.1876554
1240 3 4.1847014
1240 10 3.9576926
1240 11 3.79271
1240 27 3.6245582
1240 43 2.7505603
1252 3 4.512637
1252 11 4.2273574
1252 18 3.4861336
1252 21 4.4665747
1252 50 3.1137195
1255 1 1.8443484
1255 6 1.0
1255 8 4.069424
1255 20 3.978791
1255 28 3.574786
1258 3 3.2584517
1258 8 1.7419682
1258 11 2.284342
1258 18 1.381348
1258 30 1.8067583
1259 5 2.810771
1259 10 3.2735875
1259 12 3.4674766
1259 25 2.373568
1259 48 3.5240338
1262 6 3.295756
1262 13 3.0921974
1262 18 2.6885834
1262 21 3.910431
1262 29 2.956155
1264 2 2.0920103
1264 10 3.4129684
1264 14 3.2251472
1264 24 2.0122802
1264 35 2.3369515
1266 3 4.2660613
1266 7 3.988268
1266 9 4.587873
1266 18 3.1623409
1266 69 3.8125458
1271 1 3.3105888
1271 6 3.6208248
1271 7 1.8765943
1271 17 2.0366108
1271 36 1.8105555
1273 3 1.0
1273 13 1.0
1273 14 1.0
1273 31 1.0
1273 52 1.0
1278 3 3.030061
1278 7 3.7646444
1278 10 3.911142
1278 14 3.3833046
1278 32 2.8321693
1281 2 2.83461
1281 4 2.838156
1281 10 2.970221
1281 14 2.7107863
1281 33 1.7451627
1306 1 2.6508665
1306 4 3.4342427
1306 6 2.7242138
1306 18 1.5309614
1306 55 2.309476
1331 3 4.347889
1331 9 2.745412
1331 11 2.517634
1331 15 2.2228055
1331 66 2.2013922
1341 3 2.8512945
1341 9 3.7146518
1341 10 3.3162816
1341 13 2.5902684
1341 39 5.0
1346 1 4.8010836
1346 6 3.5202856
1346 12 4.282077
1346 17 3.5923388
1346 72 4.369678
1351 1 1.6374141
1351 4 1.8675718
1351 5 3.075084
1351 11 3.4630852
1351 44 1.0
1358 1 3.1445875
1358 9 3.5909195
1358 14 2.7160385
1358 19 1.6075649
1358 33 1.9096477
1363 3 3.0299857
1363 6 2.9137878
1363 8 2.9165561
1363 20 3.1979012
1363 63 2.2009618
1369 1 3.1101801
1369 8 1.1771817
1369 15 2.8333879
1369 26 3.0883098
1369 36 2.689843
1374 1 4.2503347
1374 12 4.250862
1374 20 1.0
1374 32 4.084273
1374 43 3.3497005
1385 7 3.537925
1385 22 3.2561383
1385 25 2.5347347
1385 42 4.0126414
1385 67 2.822365
1395 4 2.308712
1395 9 2.1520882
1395 11 1.6815773
1395 19 1.2545766
1395 59 1.0
1401 4 3.3285627
1401 7 3.5980077
1401 13 2.9584298
1401 19 2.999683
1401 25 2.9203305
1409 2 2.4652648
1409 4 1.0
1409 11 4.179429
1409 24 2.3930705
1409 62 1.4097145
1411 6 2.1490183
1411 9 2.026034
1411 10 2.5515585
1411 15 1.7681117
1411 45 1.5136106
1416 2 3.9554548
1416 8 1.0
1416 11 3.1665418
1416 16 4.859624
1416 37 3.5799098
1417 3 4.5041685
1417 7 4.2007537
1417 12 4.3711195
1417 21 4.318874
1417 38 4.4960318
1424 1 3.2747486
1424 10 3.3133962
1424 11 3.0432851
1424 18 2.1358967
1424 55 3.3082786
1429 1 2.5287879
1429 5 3.1089718
1429 20 3.7483418
1429 31 2.0932024
1429 43 1.7022169
1430 3 2.544976
1430 8 2.0670846
1430 9 3.2818184
1430 29 1.964941
1430 63 2.146603
1436 6 3.8021264
1436 9 4.183922
1436 11 4.3709955
1436 21 4.327512
1436 79 2.6482008
1452 1 1.672607
1452 6 1.538181
1452 8 2.5588768
1452 25 1.0
1452 79 1.0
1453 1 4.6015472
1453 4 3.3889146
1453 18 2.0514581
1453 25 1.7218561
1453 59 3.1064193
1462 6 4.0003014
1462 9 4.3323927
1462 11 4.234449
1462 16 4.1879587
1462 39 3.522265
1465 2 3.3693583
1465 11 3.4713838
1465 12 3.39773
1465 25 2.6367972
1465 53 2.5987804
1467 4 4.1261616
1467 14 3.9550912
1467 19 3.5541184
1467 27 4.150351
1467 70 3.3017929
1471 1 2.7801268
1471 7 2.777267
1471 12 2.8498356
1471 28 2.711061
1471 67 1.8971446
1475 3 4.1304045
1475 11 2.3621469
1475 14 2.757609
1475 32 2.2913039
1475 59 1.0
1485 1 2.843434
1485 14 2.5922723
1485 17 2.4995127
1485 34 1.1189722
1485 49 2.2554498
1488 1 3.7227545
1488 7 2.376047
1488 16 2.6882582
1488 24 1.4347765
1488 43 1.3798169
1492 2 3.4369817
1492 22 3.614232
1492 24 2.7960978
1492 31 3.0208035
1492 77 3.734138
1503 3 3.1085992
1503 5 2.0967832
1503 10 3.1111226
1503 24 1.7944854
1503 61 2.1039565
1506 4 2.920141
1506 9 3.6509829
1506 10 3.3963864
1506 28 2.9967403
1506 46 1.8444428
1508 5 4.0165186
1508 9 4.3776226
1508 11 3.5314612
1508 15 4.13682
1508 41 1.7077804
1510 3 1.0
1510 8 3.1296954
1510 14 3.5159147
1510 31 2.7717369
1510 46 3.506617
1514 3 3.7417595
1514 8 4.2088165
1514 14 4.0267653
1514 24 3.436678
1514 44 5.0
1515 3 3.9795043
1515 7 4.0725627
1515 8 4.054658
1515 11 4.116523
1515 80 4.193644
1516 5 2.0041277
1516 7 2.1752424
1516 11 2.38686
1516 24 1.5235565
1516 40 1.8813488
1520 3 2.7614217
1520 11 1.7370285
1520 16 4.2115045
1520 34 1.0
1520 51 2.161346
1526 3 1.8637567
1526 11 3.6118832
1526 12 2.867856
1526 15 3.274649
1526 34 2.4244094
1527 2 4.2135477
1527 6 3.783911
1527 8 3.9398968
1527 17 3.1453938
1527 40 3.649889
1548 2 3.5956025
1548 4 3.4482126
1548 11 2.3453455
1548 18 2.202234
1548 30 3.2172942
1550 2 3.0346534
1550 8 3.4247189
1550 10 3.7395234
1550 23 3.4910107
1550 39 2.7564106
1558 7 3.1013188
1558 15 3.321205
1558 17 2.7176995
1558 30 4.059967
1558 52 2.6380064
1559 1 3.6724079
1559 5 3.012231
1559 8 2.481136
1559 21 3.2536983
1559 41 2.2476606
1564 3 4.6895475
1564 14 2.1472778
1564 27 2.12818
1564 43 1.7964098
1564 52 1.7366674
1565 6 3.4891412
1565 16 2.6613283
1565 19 1.9307127
1565 27 4.0890646
1565 52 3.2262502
1567 8 2.0700507
1567 12 2.5486174
1567 15 2.3002727
1567 25 1.6826451
1567 43 1.0
1569 2 2.9186566
1569 16 1.6421936
1569 29 1.0
1569 37 3.0543296
1569 52 1.1095495
1573 1 1.0503184
1573 8 1.0
1573 10 1.2298688
1573 24 1.1372236
1573 54 2.1312344
1574 3 3.209569
1574 6 1.6316229
1574 9 2.0128465
1574 13 1.0
1574 33 1.0
1580 5 2.6684484
1580 7 2.928436
1580 9 5.0
1580 19 1.7621126
1580 59 3.2139554
1584 1 1.898471
1584 14 3.744339
1584 20 3.6588883
1584 28 4.2409286
1584 34 1.0
1597 4 3.5743518
1597 18 2.4989746
1597 19 3.001203
1597 28 3.486501
1597 63 3.041726
1603 6 3.208214
1603 11 5.0
1603 17 2.924522
1603 25 2.514537
1603 43 2.4336908
1604 1 2.6743906
1604 11 2.703647
1604 17 2.115151
1604 25 1.6884753
1604 60 1.3183272
1612 4 4.154526
1612 9 3.7980096
1612 11 4.0937557
1612 29 3.238822
1612 44 3.3937886
1616 5 2.812489
1616 18 2.3808832
1616 21 2.9858284
1616 32 2.908701
1616 42 3.487813
1617 6 1.8465991
1617 21 2.0325246
1617 23 2.1481552
1617 27 2.50245
1617 47 1.6009521
1618 5 3.712318
1618 10 4.3756485
1618 19 3.5977287
1618 34 3.3733566
1618 47 2.8618119
1626 1 2.4683974
1626 4 2.6054983
1626 6 2.399762
1626 18 1.8754295
1626 49 2.2408035
1627 3 3.5912936
1627 10 3.3976047
1627 18 1.9182978
1627 25 2.3029404
1627 62 3.4882188
1628 2 3.7411408
1628 15 3.3527935
1628 20 4.1008143
1628 31 3.369555
1628 43 2.565784
1634 6 3.7788877
1634 10 4.374146
1634 11 4.2586126
1634 25 3.4900315
1634 87 3.8821244
1640 16 2.3340561
1640 26 2.0261226
1640 27 2.5822382
1640 56 5.0
1640 64 1.9003081
1645 4 2.178965
1645 9 2.5369275
1645 13 1.7799768
1645 25 1.5566702
1645 65 1.4394069
1658 2 2.4090488
1658 12 2.8838181
1658 17 2.7707384
1658 41 1.0
1658 51 1.6210549
1665 4 2.3482904
1665 11 1.3292841
1665 16 1.1686832
1665 23 1.0
1665 44 1.9791875
1671 1 1.9056604
1671 16 2.6083868
1671 17 1.2909757
1671 23 2.629104
1671 93 1.4050142
1672 1 3.4100306
1672 10 3.353943
1672 11 2.6642437
1672 16 2.6921186
1672 50 1.5730004
1673 1 2.919871
1673 13 2.1938088
1673 17 1.9455987
1673 21 2.8315237
1673 58 2.531923
1674 1 2.4527974
1674 6 2.3129961
1674 8 1.8971975
1674 18 1.0
1674 47 1.5605714
1705 6 4.175329
1705 10 4.495441
1705 12 4.3580403
1705 16 4.0607877
1705 30 5.0
1712 1 3.7595086
1712 11 3.624672
1712 14 3.5433466
1712 20 4.101645
1712 75 2.9155562
1721 1 1.2278954
1721 11 1.0
1721 13 1.0
1721 22 1.0
1721 32 1.0
1726 5 4.437573
1726 9 4.293891
1726 11 3.753599
1726 14 3.7406867
1726 55 3.028122
1730 7 3.16514
1730 11 5.0
1730 15 2.9091804
1730 23 3.1910508
1730 42 3.4300067
1732 3 1.0
1732 7 1.1661409
1732 10 2.2271597
1732 20 1.3113561
1732 42 1.0
1734 2 3.2926555
1734 12 3.4890893
1734 17 5.0
1734 30 2.168154
1734 74 3.067347
1736 1 3.4794738
1736 8 3.3079538
1736 12 3.3824291
1736 15 2.8915138
1736 39 2.6102583
1738 1 5.0
1738 4 2.5859594
1738 5 1.5464928
1738 11 2.0793686
1738 31 1.7472126
1746 1 2.0206866
1746 11 1.0
1746 12 1.0464691
1746 18 1.0
1746 56 1.2818513
1747 2 2.7795074
1747 9 4.027039
1747 16 2.676891
1747 28 3.2361467
1747 65 1.0
1749 4 4.3118067
1749 7 4.210915
1749 11 4.3698435
1749 33 3.6477735
1749 59 3.148166
1750 6 3.0478485
1750 8 3.683651
1750 11 3.948598
1750 15 3.3819823
1750 50 2.713171
1753 8 5.0
1753 13 1.656798
1753 21 2.161675
1753 28 1.9610981
1753 44 3.5737727
1755 1 2.551656
1755 7 1.6649517
1755 11 1.291337
1755 22 1.0255947
1755 36 1.0
1756 6 2.8162355
1756 10 2.955549
1756 13 2.1343293
1756 19 1.5029259
1756 51 3.3107343
1761 1 3.64925
1761 9 2.45684
1761 10 3.8086512
1761 15 2.6251922
1761 49 3.516416
1766 3 3.7959943
1766 9 4.111525
1766 17 3.9053588
1766 25 3.266276
1766 37 3.653311
1775 1 4.043434
1775 5 2.7378614
1775 11 3.243383
1775 23 3.6621168
1775 75 3.6236806
1781 4 2.7584956
1781 8 3.05693
1781 9 3.8357933
1781 17 2.3436513
1781 27 3.475358
1802 1 1.0
1802 19 2.5728283
1802 22 2.891663
1802 35 2.592033
1802 77 3.3046808
1803 2 4.0401487
1803 9 4.4418
1803 12 4.167736
1803 25 3.2240906
1803 43 2.8360245
1806 4 2.540595
1806 14 3.0053604
1806 20 3.254247
1806 26 3.1971965
1806 65 2.2617683
1807 8 1.0
1807 14 1.9897015
1807 15 1.2637163
1807 34 1.0
1807 40 1.0631119
1825 4 2.8992739
1825 10 2.1452796
1825 11 1.6641867
1825 30 1.0
1825 36 1.0
1842 1 1.1031215
1842 6 1.0
1842 14 1.0
1842 21 1.0
1842 30 1.0
1846 1 3.4189115
1846 11 3.3437803
1846 19 2.9918804
1846 31 2.6355546
1846 64 3.1407857
1852 1 1.6496394
1852 5 1.4655149
1852 6 1.7477106
1852 24 1.4866707
1852 61 1.2335469
1858 5 2.033159
1858 7 2.7275898
1858 17 2.134429
1858 26 2.483144
1858 59 5.0
1864 9 3.0380378
1864 12 2.7881157
1864 17 2.069738
1864 23 2.8509061
1864 38 3.018955
1867 5 3.4881816
1867 7 3.9013371
1867 9 4.3225536
1867 15 3.7534754
1867 67 3.4822404
1872 1 4.202123
1872 16 4.1205497
1872 25 3.0383394
1872 28 3.7597246
1872 87 5.0
1874 1 1.4205244
1874 7 1.0
1874 12 1.1880208
1874 29 1.0
1874 73 2.579163
1889 1 2.632995
1889 10 2.8023038
1889 16 1.2203174
1889 21 1.7543392
1889 61 1.2473829
1890 2 3.4980967
1890 4 3.2596526
1890 5 3.063504
1890 18 2.15665
1890 36 1.9322245
1905 2 2.8405511
1905 9 3.6482933
1905 12 2.6148639
1905 21 2.6453362
1905 32 2.3799796
1906 8 2.3430972
1906 13 2.3855739
1906 16 3.192924
1906 27 3.283272
1906 47 2.826606
1909 3 4.1247134
1909 10 3.9037642
1909 11 3.650877
1909 24 2.700793
1909 47 2.0823195
1910 8 4.46463
1910 16 1.0
1910 18 1.0
1910 26 2.1423862
1910 54 1.0
1920 1 3.235325
1920 7 2.6062598
1920 9 3.3875983
1920 18 1.7495395
1920 46 3.076842
1923 3 3.3103862
1923 7 3.9749317
1923 8 3.7055461
1923 22 3.4954221
1923 54 3.3461726
1927 1 1.3930963
1927 5 1.0
1927 6 1.0
1927 14 1.5518954
1927 75 1.0566285
1937 1 1.7759848
1937 7 2.3463087
1937 8 1.0
1937 25 1.0
1937 35 1.0
1941 3 4.3481684
1941 7 1.9265809
1941 10 2.0196533
1941 30 1.5605205
1941 69 1.6624739
1944 4 2.8222413
1944 11 2.0190187
1944 17 1.5244255
1944 41 2.7420976
1944 65 1.7874312
1949 4 4.1623173
1949 8 3.8167067
1949 12 4.089981
1949 18 2.9837184
1949 54 3.145147
1963 1 2.420848
1963 6 2.3860996
1963 10 2.4788227
1963 13 2.1950164
1963 29 1.6613958
1965 2 1.0175612
1965 9 1.8335881
1965 12 1.82457
1965 23 1.6847141
1965 58 1.3415334
1966 1 3.8308887
1966 6 3.323944
1966 14 2.1965141
1966 18 1.4625763
1966 65 2.40499
1970 7 5.0
1970 13 1.0
1970 15 1.0
1970 25 1.923703
1970 33 1.0
1973 9 3.5923126
1973 12 2.4604628
1973 21 1.9918132
1973 29 1.0177153
1973 47 2.3657506
1987 1 4.3563027
1987 7 3.7693834
1987 15 3.7244165
1987 17 3.4137177
1987 58 3.6659653
1993 3 5.0
1993 15 2.7354455
1993 18 2.7293398
1993 23 1.0
1993 57 3.3918085
1995 7 4.333885
1995 9 3.9540093
1995 13 3.7554538
1995 21 3.9304054
1995 41 1.0
2002 6 3.3956368
2002 8 3.6084805
2002 9 4.3012
2002 12 3.8376603
2002 39 3.2029643
2004 3 3.6801002
2004 17 3.3152235
2004 23 4.555706
2004 27 2.2008767
2004 35 3.4916692
2008 6 1.9132283
2008 11 2.170749
2008 25 1.0
2008 28 1.6941582
2008 39 1.274035
2012 4 1.7647295
2012 8 1.0
2012 10 1.1991696
2012 28 1.4467126
2012 41 1.8778986
2013 1 2.3876083
2013 13 1.0281509
2013 15 1.3843493
2013 31 1.3180635
2013 51 2.004393
2019 2 2.0624485
2019 8 1.0
2019 13 1.0
2019 16 1.7795006
2019 31 1.4701848
2037 1 3.4709988
2037 7 3.5931153
2037 13 2.883287
2037 20 4.352614
2037 33 3.5616312
2038 1 4.3889914
2038 9 3.5113707
2038 13 3.0390558
2038 21 3.332654
2038 31 3.0951042
2042 1 3.9917355
2042 11 3.5568278
2042 25 3.000557
2042 35 3.2306402
2042 39 1.9083824
2049 12 3.5231965
2049 15 2.9039302
2049 18 2.0552273
2049 24 2.4139214
2049 52 2.6298347
2051 4 3.902553
2051 16 3.880643
2051 17 3.2991676
2051 24 3.0248034
2051 58 3.6145785
2052 2 2.965642
2052 8 3.426237
2052 9 3.1469848
2052 13 2.407299
2052 57 2.0387542
2054 1 4.0298543
2054 3 4.280348
2054 10 4.234287
2054 21 4.088047
2054 49 4.5106425
2056 11 4.1874676
2056 13 3.6363242
2056 14 4.0323696
2056 18 3.1880274
2056 48 4.492218
2057 2 3.077915
2057 30 2.5850816
2057 33 2.978125
2057 38 4.003593
2057 77 3.6955862
2060 3 5.0
2060 10 1.3487583
2060 11 1.0
2060 19 1.0
2060 39 2.1945484
2063 3 3.3241048
2063 14 2.7617624
2063 16 2.668354
2063 29 1.888401
2063 78 2.260931
2070 8 2.581502
2070 10 3.2395697
2070 17 2.690243
2070 37 2.8186398
2070 52 2.6107385
2071 2 4.111455
2071 16 4.8629513
2071 17 3.5456853
2071 26 4.1274996
2071 42 5.0
2076 1 4.528534
2076 7 1.8851815
2076 13 2.0823822
2076 20 3.7855978
2076 47 2.0678954
2078 1 1.6992941
2078 4 2.4940288
2078 13 2.9211957
2078 23 2.7907827
2078 53 2.2096086
2083 2 3.0608733
2083 12 3.0256412
2083 13 2.4260025
2083 20 3.098573
2083 58 2.7793474
2084 2 2.7890253
2084 13 2.1954553
2084 24 2.0349824
2084 26 3.3249657
2084 43 1.0552328
2096 3 4.261336
2096 8 1.0
2096 11 3.0469797
2096 26 3.7540839
2096 48 5.0
2104 1 5.0
2104 20 3.6997373
2104 23 2.5341325
2104 29 1.0
2104 56 1.3994701
2109 3 3.307342
2109 11 2.9850292
2109 13 2.236741
2109 26 3.5328991
2109 62 3.1305168
2118 1 3.7539914
2118 4 3.3178844
2118 5 3.0027955
2118 16 3.666197
2118 25 2.5150838
2128 4 4.202318
2128 11 3.6771274
2128 14 4.5327053
2128 18 2.7539797
2128 32 3.9749331
2131 3 2.445972
2131 8 3.450076
2131 9 2.7445428
2131 13 2.0493078
2131 29 1.5547528
2133 1 3.3914883
2133 4 3.2515275
2133 5 3.9551148
2133 11 3.5819979
2133 31 2.933755
2135 2 2.7838266
2135 4 3.3426404
2135 11 1.0
2135 22 3.120523
2135 39 2.7087028
2136 4 3.0542808
2136 11 3.4493084
2136 13 2.759357
2136 19 2.9732137
2136 55 2.910418
2147 12 4.8253827
2147 21 4.7047553
2147 22 3.9958591
2147 25 3.781398
2147 39 3.041182
2157 6 2.8099046
2157 20 3.4718964
2157 22 2.9053025
2157 32 2.378336
2157 73 1.4585245
2161 6 2.557004
2161 10 3.7600617
2161 14 2.6389115
2161 21 3.4697342
2161 48 1.0
2162 1 3.2745297
2162 11 4.2852373
2162 12 3.7566566
2162 15 4.026618
2162 57 2.2913866
2167 1 3.4217603
2167 4 2.8971913
2167 10 3.6360924
2167 12 2.611161
2167 33 1.9104924
2173 3 2.540493
2173 6 1.8902167
2173 11 4.111122
2173 24 2.4704397
2173 41 3.881127
2176 2 2.4253144
2176 10 1.9887854
2176 13 1.2561727
2176 28 1.9793955
2176 70 1.8202252
2178 1 1.9238166
2178 8 1.0
2178 15 1.0
2178 29 1.0
2178 55 1.0
2181 2 3.4844258
2181 17 3.7698069
2181 21 3.5336313
2181 34 3.3385067
2181 65 3.1768675
2184 3 2.1749437
2184 7 2.4473476
2184 8 1.3477428
2184 13 1.3472273
2184 28 2.1293855
2187 2 3.7278094
2187 5 3.0407739
2187 10 3.917142
2187 22 3.523407
2187 36 2.2280066
2192 2 1.0
2192 16 1.6461052
2192 17 2.0516005
2192 33 1.0
2192 78 1.7377115
2193 4 4.3957443
2193 6 3.8473477
2193 15 3.958289
2193 26 4.218618
2193 48 4.218428
2194 1 4.5639057
2194 5 3.3806696
2194 6 3.6098742
2194 13 3.0437355
2194 30 4.970093
2201 2 2.9245718
2201 15 1.7599208
2201 16 3.4286315
2201 18 1.4070071
2201 53 2.09671
2206 4 2.6803765
2206 11 1.9068377
2206 14 3.3801181
2206 28 3.3623486
2206 57 1.0
2210 2 2.338634
2210 7 3.3960993
2210 9 1.4815311
2210 43 1.3583968
2210 73 1.0
2217 1 4.1187716
2217 6 3.9790514
2217 7 4.0425105
2217 11 3.816081
2217 21 3.9172504
2219 4 5.0
2219 12 3.6330678
2219 23 2.804509
2219 38 4.9965663
2219 67 1.0
2225 5 3.6451
2225 11 4.1568785
2225 12 4.176507
2225 18 3.044434
2225 32 3.3968327
2228 4 4.7572794
2228 10 4.6316934
2228 14 4.284564
2228 18 3.4493012
2228 49 3.8654952
2230 3 2.5786872
2230 8 1.8140761
2230 11 2.0151513
2230 18 1.1203939
2230 38 2.4800596
2243 3 3.8058748
2243 5 3.4525094
2243 9 4.02697
2243 17 3.3662267
2243 33 3.3611689
2246 12 2.3076184
2246 16 2.6745732
2246 23 1.0
2246 29 1.0
2246 70 1.0
2249 1 2.0759144
2249 6 1.4533614
2249 11 1.0
2249 18 1.2468328
2249 42 2.1884341
2251 1 1.8362837
2251 8 4.55041
2251 9 3.0322146
2251 14 2.359336
2251 42 2.0271387
2252 1 3.8732767
2252 17 2.3275163
2252 23 4.391562
2252 28 2.9353356
2252 43 2.000088
2255 2 3.1546428
2255 7 3.2815056
2255 8 2.5110648
2255 14 3.0826008
2255 60 2.8217785
2256 3 2.05637
2256 8 2.6488812
2256 13 2.357597
2256 18 1.8869381
2256 36 2.21772
2258 8 2.2218106
2258 16 3.1442742
2258 17 1.0
2258 25 2.3265982
2258 69 5.0
2274 1 2.9226854
2274 6 2.5033064
2274 8 1.8676672
2274 15 1.9953241
2274 31 1.9179835
2281 2 3.3560493
2281 14 2.6906323
2281 19 2.1365504
2281 25 1.6846712
2281 85 1.9748268
2282 5 1.3094659
2282 9 2.4667716
2282 12 1.6742406
2282 15 1.222492
2282 46 1.0
2286 2 1.6899973
2286 6 1.4302742
2286 10 1.8383145
2286 22 1.4187773
2286 46 1.0
2291 2 1.1261364
2291 20 1.865747
2291 28 1.2765538
2291 33 1.159388
2291 69 1.0
2296 1 5.0
2296 21 3.1530719
2296 25 2.6440334
2296 37 2.6008916
2296 71 3.6354132
2303 3 2.2910078
2303 11 2.1734288
2303 19 1.4302437
2303 29 1.7417219
2303 53 1.4197421
2310 2 2.494848
2310 7 2.3897998
2310 13 1.6104233
2310 16 2.3942719
2310 82 1.1599346
2317 1 3.7617793
2317 7 2.5761294
2317 16 3.249771
2317 19 2.3859756
2317 39 3.0696285
2337 1 3.8239682
2337 3 4.088818
2337 20 4.128815
2337 39 3.4075694
2337 59 1.0
2339 3 3.5670536
2339 5 1.995781
2339 6 2.446986
2339 12 2.6237879
2339 39 1.9293272
2340 5 3.9704478
2340 11 3.087514
2340 14 3.1152203
2340 20 4.1709237
2340 42 3.974294
2347 1 3.6865413
2347 5 3.1503289
2347 7 3.8560977
2347 11 3.5119872
2347 50 2.940961
2360 6 2.6894107
2360 11 3.2845643
2360 12 3.452329
2360 21 3.2278852
2360 30 1.7307539
2374 2 4.0004525
2374 12 4.0156503
2374 15 3.5582147
2374 32 3.6600835
2374 66 3.4783566
2375 3 3.340175
2375 6 3.0756671
2375 8 3.1388004
2375 12 2.7653804
2375 54 1.8387384
2381 1 3.3714793
2381 5 2.745477
2381 15 2.6164315
2381 20 3.209189
2381 30 1.8170152
2384 1 3.3447533
2384 8 2.8843424
2384 19 2.6004498
2384 39 2.4487154
2384 62 3.5872293
2387 1 3.6804433
2387 12 2.8817341
2387 20 1.050453
2387 23 3.7245574
2387 71 5.0
2390 1 5.0
2390 7 1.0
2390 9 1.6827602
2390 22 1.6226425
2390 38 1.8265997
2392 3 3.194246
2392 12 3.436521
2392 20 5.0
2392 26 2.5349338
2392 52 2.3294287
2394 1 3.2548156
2394 3 4.1851144
2394 7 2.1987395
2394 12 3.0170908
2394 38 3.3603368
2399 1 1.3347937
2399 20 2.3041437
2399 22 1.4517353
2399 33 1.140647
2399 51 1.0
2414 2 2.8643897
2414 6 3.3966544
2414 8 3.552024
2414 23 3.8018012
2414 83 1.470278
2415 3 2.9938383
2415 5 2.3663864
2415 6 2.5759075
2415 19 1.9610951
2415 46 1.6958833
2424 4 4.1753597
2424 7 3.950397
2424 8 4.0809684
2424 21 4.2513485
2424 39 3.5815132
2427 7 3.0317893
2427 11 2.8768861
2427 12 3.502907
2427 24 2.323817
2427 59 1.5748036
2430 3 4.1920123
2430 11 3.2205985
2430 12 3.4043481
2430 15 2.3702555
2430 23 3.4122949
2435 7 1.0
2435 17 2.5927022
2435 20 1.0
2435 33 1.1058208
2435 52 1.8903017
2442 10 3.4956675
2442 12 3.1813173
2442 14 2.641097
2442 27 3.0354688
2442 36 2.9580486
2450 1 1.0
2450 8 1.510066
2450 14 2.741404
2450 20 3.1655116
2450 48 1.180821
2453 9 3.015458
2453 13 3.1649492
2453 18 2.5534172
2453 27 3.0844696
2453 78 2.320077
2456 1 4.1763506
2456 7 3.8683724
2456 9 4.3858123
2456 15 3.8114574
2456 53 3.614788
2457 1 2.656269
2457 10 4.033519
2457 11 4.035263
2457 15 4.551727
2457 37 3.9996593
2465 5 3.5552332
2465 11 3.7093048
2465 14 3.8533878
2465 21 3.7326345
2465 50 2.6522484
2468 6 3.0249567
2468 9 3.0057406
2468 11 3.6957803
2468 14 3.0340993
2468 27 1.8191855
2474 2 3.8319006
2474 4 3.9333143
2474 7 4.383449
2474 15 3.7945619
2474 33 3.5060751
2475 2 3.4471216
2475 7 3.483514
2475 9 3.914682
2475 17 2.728302
2475 42 3.4134743
2479 1 2.5546024
2479 11 2.4873106
2479 14 2.2569854
2479 25 1.4843273
2479 35 1.8672378
2485 1 5.0
2485 19 3.2118802
2485 25 3.180632
2485 28 3.9587498
2485 35 3.9906664
2487 11 2.0454679
2487 17 1.4706564
2487 21 2.3323555
2487 28 2.1751008
2487 58 2.189595
2497 3 3.397246
2497 5 2.8480887
2497 10 3.315315
2497 23 2.2537565
2497 52 2.5701737
2499 4 2.7168713
2499 8 1.8552027
2499 9 2.4388864
2499 16 1.4577148
2499 33 1.1860496
2504 9 3.7423353
2504 19 2.7172234
2504 22 3.134216
2504 26 2.9408526
2504 31 3.036468
2507 7 3.264525
2507 12 3.2567415
2507 17 2.2952404
2507 28 2.3100185
2507 66 2.519915
2509 1 4.03169
2509 8 3.9193351
2509 14 3.9264903
2509 20 4.404992
2509 77 4.324339
2516 6 2.1503587
2516 8 2.245874
2516 11 2.0883949
2516 18 1.2747607
2516 32 1.7360649
2527 3 3.1921906
2527 5 2.6684868
2527 7 3.2381632
2527 12 3.1639702
2527 41 1.0
2530 9 3.8173487
2530 11 2.9711776
2530 16 3.6435738
2530 22 2.8145165
2530 32 2.9607346
2540 1 3.773496
2540 8 4.016003
2540 12 3.447928
2540 24 2.6608536
2540 53 2.8428543
2542 1 3.859885
2542 11 3.8421154
2542 13 3.1377306
2542 24 3.27324
2542 45 3.1945345
2545 4 3.5116901
2545 15 1.0
2545 18 1.0
2545 22 1.0
2545 55 1.0
2562 10 3.0144143
2562 15 2.510909
2562 23 2.7789364
2562 30 2.4163313
2562 41 2.97242
2565 3 4.5560904
2565 8 4.050949
2565 11 4.4601083
2565 45 4.036568
2565 70 3.245629
2567 7 4.134836
2567 12 4.251416
2567 16 4.457058
2567 30 3.1975555
2567 61 3.5983467
2580 2 3.014255
2580 10 3.3427706
2580 23 3.3712106
2580 28 2.8985713
2580 41 1.6566024
2592 5 2.6747613
2592 12 3.8376114
2592 24 2.860517
2592 26 1.948452
2592 50 1.0
2596 1 3.48506
2596 7 1.2220402
2596 14 2.8315656
2596 25 1.0970571
2596 33 2.1479964
2597 5 2.4106133
2597 9 3.8635468
2597 11 2.8375783
2597 15 2.2974744
2597 66 2.1470354
2600 5 2.2156978
2600 14 2.8299046
2600 21 3.1077545
2600 26 2.3470554
2600 67 1.4975715
2604 4 1.7225561
2604 6 1.6930523
2604 10 1.9275244
2604 20 2.3569384
2604 38 2.5467682
2609 4 1.868626
2609 10 3.921997
2609 20 3.6189742
2609 32 3.5886471
2609 52 2.3832889
2611 2 1.5725013
2611 6 4.1491294
2611 12 1.6014166
2611 21 1.3546448
2611 94 1.0
2613 3 3.0635946
2613 21 3.466796
2613 22 2.6244264
2613 31 3.381731
2613 42 4.04963
2616 9 4.634461
2616 15 4.0621424
2616 17 3.5921092
2616 20 4.721547
2616 44 5.0
2624 1 1.7713647
2624 13 1.4088819
2624 15 1.7622387
2624 29 1.3283442
2624 51 1.9720092
2627 2 2.0265217
2627 11 2.0759275
2627 17 1.1613879
2627 25 1.0
2627 73 2.0311713
2630 1 3.8275247
2630 5 2.3081915
2630 8 1.8138517
2630 30 1.0
2630 51 2.2173402
2637 3 3.0617929
2637 19 3.049318
2637 22 3.3513207
2637 24 2.9408803
2637 62 3.79382
2638 2 3.9171202
2638 11 3.9207034
2638 16 4.08374
2638 23 4.1188703
2638 33 3.3602433
2646 2 2.6309094
2646 7 2.6264129
2646 10 2.8458865
2646 21 2.625593
2646 63 2.516569
2649 2 3.119953
2649 7 2.0651512
2649 9 4.2650795
2649 13 2.1772037
2649 35 2.835258
2661 7 1.7239319
2661 17 1.0
2661 27 1.7355187
2661 30 1.0
2661 62 1.6661937
2666 6 2.4029617
2666 14 3.2169836
2666 18 2.3262331
2666 28 3.4127386
2666 70 1.8650461
2667 3 3.197555
2667 6 1.0
2667 9 2.665408
2667 14 1.5257145
2667 35 1.0
2677 1 3.3363144
2677 8 1.0
2677 10 2.4575105
2677 16 2.505597
2677 49 1.1593618
2682 4 2.6258106
2682 8 3.0989242
2682 22 3.455886
2682 30 2.7673094
2682 52 2.6748083
2683 4 3.2393963
2683 11 3.3662577
2683 12 3.5370612
2683 20 3.8610895
2683 40 2.7856295
2689 9 3.9615903
2689 18 2.049624
2689 19 2.624277
2689 31 2.342107
2689 54 3.813007
2699 1 4.6027613
2699 3 4.312583
2699 5 3.7944875
2699 15 3.9409137
2699 40 3.52938
2704 4 1.7981598
2704 8 1.0
2704 14 1.5508721
2704 18 1.0
2704 46 3.05816
2711 2 2.7742643
2711 17 1.3642491
2711 27 2.1695566
2711 40 1.5286977
2711 65 1.6065233
2714 5 3.927328
2714 17 3.6983082
2714 19 3.754203
2714 27 3.6985931
2714 40 3.713479
2717 1 1.0
2717 4 2.8644068
2717 7 3.5261097
2717 20 3.7059872
2717 36 1.8065746
2721 1 3.3873467
2721 7 3.461541
2721 8 3.1548855
2721 14 3.4553075
2721 28 3.4313948
2724 1 3.4363964
2724 12 4.2363415
2724 14 3.8861854
2724 19 3.5339296
2724 35 3.7599552
2726 6 3.0996492
2726 12 3.1635523
2726 14 2.798015
2726 21 3.1917117
2726 39 3.643649
2733 3 4.0815635
2733 9 4.103
2733 11 3.9190392
2733 23 4.6976857
2733 77 4.1858587
2740 1 1.5425154
2740 5 1.0
2740 11 1.0
2740 36 1.0
2740 67 1.0
2755 13 3.2587292
2755 24 2.9623635
2755 29 2.86835
2755 38 3.6159236
2755 58 3.224092
2759 2 3.1909742
2759 10 4.1904373
2759 12 3.5515518
2759 24 2.253079
2759 48 3.263827
2762 2 2.7656815
2762 5 2.2237911
2762 7 2.284292
2762 20 1.9161097
2762 31 2.1237729
2772 3 3.2146356
2772 11 2.8054843
2772 12 2.490688
2772 18 2.1830528
2772 33 1.8323998
2777 2 2.827908
2777 9 4.0587792
2777 10 3.3454905
2777 14 3.7586393
2777 42 4.054568
2782 1 1.6443965
2782 11 1.0
2782 12 1.7000387
2782 30 3.5099978
2782 52 1.0
2789 1 2.4180434
2789 9 3.3962846
2789 14 2.9793015
2789 23 2.6646194
2789 70 2.4720805
2792 1 1.359672
2792 6 1.3106903
2792 9 2.6068993
2792 18 1.0
2792 42 1.886159
2793 3 3.7486215
2793 15 3.2423642
2793 19 2.6959167
2793 28 3.3719692
2793 38 3.7370281
2797 6 3.0759761
2797 8 3.6338344
2797 12 4.2962623
2797 37 4.360197
2797 53 2.0783327
2800 2 3.8431373
2800 10 4.164652
2800 11 3.952482
2800 19 3.2869143
2800 52 2.9791307
2803 3 5.0
2803 8 3.9089198
2803 16 4.1229286
2803 21 4.050388
2803 45 3.6522193
2814 1 4.2239733
2814 10 4.308548
2814 14 4.0751443
2814 22 4.020706
2814 48 4.4013524
2816 3 3.4577594
2816 10 3.8990495
2816 12 3.5417278
2816 14 3.6199162
2816 27 3.4054747
2817 9 2.9612865
2817 14 2.1889572
2817 25 1.2552712
2817 28 2.0819168
2817 54 2.2827144
2818 2 2.975795
2818 6 2.393362
2818 16 1.10362
2818 25 1.9006376
2818 41 1.2745206
2825 2 4.242521
2825 12 3.5447874
2825 17 2.1591938
2825 30 2.0790102
2825 47 3.5968618
2833 3 3.5843918
2833 5 2.4341567
2833 11 2.8512197
2833 19 2.0256166
2833 39 2.6292663
2842 2 3.16439
2842 4 2.4141226
2842 6 3.232206
2842 12 3.0884354
2842 45 2.6384337
2847 7 2.9180489
2847 14 2.9379637
2847 15 2.727982
2847 24 2.28196
2847 48 3.4141185
2848 4 1.865303
2848 11 3.2575672
2848 23 3.9188013
2848 27 4.0172076
2848 44 3.4502354
2853 3 3.9523208
2853 7 3.5045896
2853 14 3.4941018
2853 19 2.7583728
2853 25 3.03182
2855 6 3.9672744
2855 12 4.1762176
2855 13 3.7397919
2855 24 3.6523983
2855 53 3.184279
2866 2 3.9764042
2866 7 3.803592
2866 11 3.8962634
2866 14 3.8511515
2866 43 3.1063578
2874 5 5.0
2874 8 2.2233393
2874 27 2.226809
2874 49 1.5304174
2874 66 2.1285117
2879 2 2.9037983
2879 10 2.6684763
2879 17 1.8332329
2879 32 2.3309805
2879 44 5.0
2882 2 2.868497
2882 13 2.3111875
2882 20 2.1036136
2882 27 3.2130342
2882 62 3.3139482
2885 1 1.0
2885 11 2.3757708
2885 12 2.5425696
2885 28 2.295922
2885 77 4.4644775
2896 1 4.6191683
2896 5 3.6322498
2896 9 4.3116837
2896 15 3.8374598
2896 35 3.5427217
2897 2 4.1781135
2897 9 4.745395
2897 13 3.626581
2897 21 4.362465
2897 45 3.777832
2901 2 3.582277
2901 6 2.211506
2901 9 3.4710546
2901 15 2.650864
2901 42 2.9134614
2920 8 1.0
2920 15 2.36143
2920 25 2.3519785
2920 28 3.5777702
2920 50 1.0
2926 2 3.2397275
2926 9 4.3058877
2926 10 4.310771
2926 18 2.6251323
2926 52 3.107418
2944 2 4.0080047
2944 5 3.6950696
2944 11 4.239338
2944 15 4.0468335
2944 41 3.1413069
2953 1 1.9114637
2953 5 3.4135492
2953 6 2.5902345
2953 11 2.613287
2953 23 2.54038
2955 3 1.0
2955 10 2.473743
2955 11 2.06551
2955 21 1.0
2955 33 1.0
2957 1 4.3304095
2957 7 4.000787
2957 16 4.2480364
2957 24 3.4754674
2957 36 3.1960838
2961 4 1.0
2961 9 1.0
2961 15 1.0
2961 21 1.0
2961 42 1.0
2967 1 1.9531673
2967 18 1.0
2967 20 2.401155
2967 32 1.7320335
2967 52 1.0
2968 2 2.6590447
2968 12 3.2136428
2968 18 2.055573
2968 23 3.5984077
2968 58 2.8843503
2971 1 2.592833
2971 4 3.9117398
2971 12 3.8609216
2971 18 2.0793357
2971 53 2.6209247
2975 3 2.435138
2975 10 2.4846349
2975 12 2.3532662
2975 42 2.438615
2975 49 1.6470068
2978 1 4.537999
2978 25 3.4884863
2978 28 4.221426
2978 40 3.5900636
2978 52 3.5036895
2985 4 1.1665242
2985 10 2.7906907
2985 11 3.135163
2985 23 2.55955
2985 76 1.8942852
2986 8 3.2399416
2986 19 1.0260379
2986 20 3.2201297
2986 23 3.8223662
2986 43 1.7175863
2994 6 2.9236596
2994 9 4.085263
2994 12 3.3737164
2994 18 2.5723796
2994 72 2.668785
2996 3 2.56233
2996 12 2.9324253
2996 16 4.4776354
2996 32 2.86024
2996 73 1.2630428
2999 3 1.491148
2999 11 1.0
2999 12 1.0
2999 31 1.0
2999 70 1.0
3001 3 4.185938
3001 12 3.5673425
3001 15 2.8002377
3001 23 3.1236596
3001 41 3.1859016
3004 7 3.608754
3004 10 3.588634
3004 22 3.42777
3004 29 2.9483566
3004 38 3.9369087
3009 1 4.6613455
3009 12 3.2566524
3009 15 3.6490688
3009 31 3.3182106
3009 59 4.68615
3015 3 4.3425007
3015 7 4.4049964
3015 11 4.152129
3015 20 4.806435
3015 53 3.5583885
3025 3 3.4256175
3025 6 2.842566
3025 8 2.9472966
3025 20 3.379001
3025 60 2.0453334
3027 4 3.2259712
3027 10 3.8710396
3027 13 2.452903
3027 17 2.7386003
3027 35 2.3397238
3062 3 4.2803564
3062 12 3.9637432
3062 16 3.7047246
3062 47 3.3312538
3062 54 4.479956
3070 5 4.055823
3070 9 5.0
3070 12 3.902903
3070 25 2.926654
3070 62 4.2064385
3087 9 4.0264425
3087 14 3.6441553
3087 19 3.194652
3087 28 3.6660855
3087 55 3.6029575
3091 1 3.9450064
3091 6 3.0938733
3091 10 3.7045257
3091 22 3.2459402
3091 50 2.586653
3092 4 3.1240048
3092 12 3.0416048
3092 17 2.2237628
3092 21 2.9551525
3092 86 2.2441204
3096 1 3.7172523
3096 6 3.0892792
3096 16 3.7567842
3096 31 3.1131501
3096 52 2.9544616
3100 1 3.3080134
3100 6 1.9832045
3100 12 2.5481853
3100 25 1.0631982
3100 34 1.4223094
3102 12 2.8522065
3102 14 2.6437027
3102 16 2.9227638
3102 22 2.5488346
3102 55 2.1699946
3121 1 5.0
3121 12 3.7601807
3121 14 3.7210064
3121 25 2.9392328
3121 55 3.0398073
3124 4 2.6725237
3124 13 1.2521517
3124 17 2.0702083
3124 25 1.2561765
3124 38 3.8139176
3125 2 3.2638607
3125 4 2.6394618
3125 5 1.8123394
3125 18 1.5239204
3125 43 1.350194
3126 4 3.8641868
3126 12 4.144525
3126 14 3.646263
3126 21 4.1265063
3126 39 3.60804
3138 5 1.4129667
3138 7 2.256329
3138 8 2.3178086
3138 10 3.5257955
3138 33 2.1199892
3139 1 2.000296
3139 7 3.9917912
3139 9 4.238954
3139 18 2.2951314
3139 84 2.1838455
3149 10 4.1361113
3149 18 2.8691897
3149 19 3.6029658
3149 23 3.52161
3149 49 3.0752192
3151 2 2.5836246
3151 5 2.2089107
3151 7 2.129086
3151 11 2.7929764
3151 40 2.0904179
3157 2 4.3086925
3157 6 4.179562
3157 10 4.6628284
3157 18 3.380334
3157 51 4.038809
3165 1 2.7532587
3165 5 5.0
3165 7 5.0
3165 12 3.7465854
3165 31 3.0784214
3169 1 2.8735301
3169 5 3.0010166
3169 10 3.2666566
3169 14 3.2411983
3169 28 3.0432572
3181 2 3.6292577
3181 9 4.1780972
3181 13 2.9037623
3181 19 3.227662
3181 36 3.0153356
3186 4 2.455225
3186 17 1.5896255
3186 20 2.899733
3186 26 2.0682535
3186 38 5.0
3189 1 3.218861
3189 10 2.7666879
3189 12 3.0754206
3189 16 3.5766935
3189 38 4.123634
3197 7 5.0
3197 11 4.3054214
3197 16 3.913526
3197 18 3.0912154
3197 39 3.6563668
3199 5 2.9026945
3199 14 3.742609
3199 17 2.5371974
3199 21 3.5647254
3199 67 2.4587924
3205 5 1.0
3205 13 1.0
3205 20 1.0
3205 27 1.3036366
3205 77 1.3351579
3210 2 1.8048401
3210 7 1.8174088
3210 9 2.1211329
3210 17 1.3431628
3210 49 2.8346322
3211 1 4.433291
3211 7 3.3799126
3211 8 2.1399758
3211 18 2.378875
3211 79 2.9379158
3213 1 5.0
3213 5 2.5644264
3213 8 2.8831558
3213 12 3.0920146
3213 25 2.8908067
3215 3 3.1706283
3215 7 1.5097593
3215 15 1.4883949
3215 19 1.2873261
3215 41 1.2016996
3218 1 2.5472803
3218 7 2.9713068
3218 8 1.0
3218 17 1.9675664
3218 46 2.3846085
3222 4 2.3570616
3222 9 3.494195
3222 10 3.2107458
3222 20 3.6488538
3222 26 1.8064902
3241 7 2.2004418
3241 17 2.0781083
3241 21 2.4889264
3241 30 2.8761084
3241 50 1.749748
3244 6 2.5639167
3244 14 2.7671566
3244 18 1.8321577
3244 20 3.8595319
3244 36 2.8905797
3246 3 3.4555671
3246 20 2.2079017
3246 22 3.0181077
3246 34 2.830552
3246 54 3.8602798
3255 4 3.9382484
3255 9 3.906524
3255 12 3.9724348
3255 16 3.7262926
3255 29 2.8365479
3260 6 2.8081913
3260 10 3.7200477
3260 14 4.2264447
3260 21 4.742953
3260 44 1.9167267
3263 8 1.0182992
3263 23 3.2483401
3263 27 2.9649487
3263 32 2.3063638
3263 56 1.0503774
3266 1 1.6916487
3266 4 1.3286994
3266 6 1.7883694
3266 23 1.4550616
3266 39 1.0
3269 1 2.3430448
3269 4 2.2003446
3269 5 1.3593428
3269 13 1.5537659
3269 39 3.055461
3273 4 3.956119
3273 7 4.151891
3273 8 4.0736914
3273 18 3.190003
3273 53 3.2470005
3281 1 4.70578
3281 10 4.247659
3281 18 3.284534
3281 29 3.417839
3281 47 3.85851
3293 1 4.0094137
3293 4 3.6130574
3293 10 4.097107
3293 21 3.9285588
3293 51 3.0862317
3295 2 3.0557508
3295 6 2.7151716
3295 9 3.8324225
3295 14 3.1311972
3295 28 3.108168
3300 6 1.0
3300 12 3.0688884
3300 21 2.6013412
3300 26 2.2868345
3300 54 3.1466722
3307 6 1.1038586
3307 14 2.0193493
3307 17 3.9375386
3307 30 5.0
3307 52 3.8081474
3317 3 3.4136364
3317 9 3.610791
3317 11 3.0412261
3317 32 3.9466686
3317 67 2.194754
3324 2 2.4917805
3324 8 1.4065214
3324 10 2.052774
3324 31 1.7654636
3324 36 1.0
3326 6 2.2896922
3326 12 3.1502297
3326 21 3.3704252
3326 28 3.4013062
3326 45 2.51933
3327 1 4.241569
3327 14 3.7383986
3327 17 3.329322
3327 28 3.596243
3327 71 3.0198388
3333 2 3.7487116
3333 12 3.4949539
3333 13 3.04807
3333 21 3.768329
3333 54 4.357748
3343 4 1.9747344
3343 11 1.1541804
3343 14 1.0
3343 21 1.3473579
3343 42 1.0
3345 2 1.6140362
3345 12 1.32161
3345 13 1.0
3345 22 2.158984
3345 51 1.0
3352 2 3.770594
3352 6 3.0872357
3352 9 3.9938715
3352 16 3.8554318
3352 44 2.6293068
3353 1 3.7429404
3353 4 1.8196292
3353 14 1.9731039
3353 23 3.3719878
3353 58 5.0
3355 1 1.5806419
3355 19 2.759439
3355 25 2.920978
3355 39 2.696986
3355 89 2.887396
3357 5 1.0
3357 9 2.298263
3357 12 2.6628957
3357 15 1.0
3357 45 1.0
3367 5 3.5023928
3367 14 3.6789882
3367 17 3.9952216
3367 23 4.4125857
3367 43 3.432242
3369 1 2.7885756
3369 9 4.072553
3369 10 4.048984
3369 14 3.5728955
3369 21 3.9119189
3371 2 3.5848305
3371 4 3.5850854
3371 7 3.1693747
3371 35 2.9610138
3371 47 1.9097157
3373 7 3.9545202
3373 13 3.4329815
3373 15 3.7472064
3373 17 3.3880382
3373 65 3.5170271
3375 10 3.1448154
3375 19 1.667048
3375 22 2.0562081
3375 28 2.422674
3375 42 3.1885712
3376 2 3.064143
3376 7 2.860792
3376 8 2.7436733
3376 13 2.1163511
3376 53 1.9428046
3392 8 3.8745503
3392 11 3.5433893
3392 12 3.4693675
3392 24 1.8160702
3392 60 1.9165434
3399 3 2.636253
3399 6 2.4068482
3399 7 1.0
3399 11 2.6824143
3399 27 2.6598547
3400 4 1.3686397
3400 13 1.0
3400 17 1.0
3400 21 2.424281
3400 32 2.7885342
3403 7 4.5076175
3403 14 4.4486923
3403 15 4.2655134
3403 19 3.896237
3403 50 3.644115
3405 7 3.1369362
3405 11 3.2856908
3405 15 2.7054722
3405 19 2.3673356
3405 26 2.5841107
3410 5 1.6048476
3410 9 2.6009154
3410 10 2.5497384
3410 22 2.5860722
3410 44 1.0
3412 2 2.308901
3412 13 2.0223954
3412 18 1.5888563
3412 31 2.1042502
3412 46 2.2812283
3438 1 2.7557838
3438 12 1.8586121
3438 15 1.8084536
3438 23 2.0159092
3438 69 1.5845189
3441 10 3.2591922
3441 12 2.4177184
3441 14 1.7507226
3441 17 1.8487327
3441 27 2.154372
3442 1 5.0
3442 9 4.3834825
3442 12 3.8842735
3442 32 3.6468194
3442 54 3.9763966
3457 1 1.5184984
3457 13 1.0
3457 37 1.0
3457 39 1.6134896
3457 60 1.0
3463 3 3.9373322
3463 10 3.4372938
3463 11 3.0981586
3463 21 3.6146612
3463 30 1.3964744
3466 2 2.1595693
3466 10 1.6549149
3466 15 1.9760447
3466 28 2.9195135
3466 42 2.7307959
3470 9 4.138902
3470 15 3.2941985
3470 17 3.0413036
3470 30 3.2832556
3470 61 5.0
3475 5 5.0
3475 18 1.3041143
3475 23 3.733914
3475 35 3.4644618
3475 49 1.1237675
3480 4 2.0801325
3480 11 1.4523853
3480 15 1.5840607
3480 24 1.8031592
3480 37 1.8933804
3485 1 1.0
3485 9 2.3999472
3485 13 1.4676535
3485 15 1.1324978
3485 56 1.3578346
3490 1 5.0
3490 12 2.5358355
3490 15 2.5311842
3490 23 3.6266036
3490 62 3.8572967
3491 6 3.5064654
3491 16 3.5226943
3491 21 3.7963924
3491 24 2.8149161
3491 47 3.1635203
3492 3 3.704538
3492 10 3.4518783
3492 16 3.1771748
3492 26 2.8421469
3492 71 2.8458662
3493 2 3.5338185
3493 15 3.4607234
3493 17 2.4045188
3493 32 3.235467
3493 62 2.9452412
3497 4 2.7414832
3497 9 1.0
3497 12 2.2836099
3497 20 2.0778108
3497 43 1.5355865
3498 2 2.4754822
3498 8 3.5711696
3498 23 3.1990752
3498 36 2.8306773
3498 58 3.0755706
3499 5 2.5863366
3499 15 2.8303804
3499 17 2.4420187
3499 28 3.169814
3499 53 2.3813703
3501 3 4.0845184
3501 6 3.8079958
3501 7 4.1324844
3501 19 3.0004709
3501 87 5.0
3502 7 1.0
3502 11 1.1342945
3502 17 1.0
3502 22 1.0
3502 61 1.128309
3505 3 3.9086814
3505 8 4.705379
3505 10 3.7711294
3505 19 2.8610387
3505 81 2.2830408
3514 1 4.202774
3514 4 1.0
3514 7 1.0
3514 20 1.0
3514 36 1.0
3525 5 2.8235052
3525 12 2.851974
3525 14 3.3074615
3525 18 1.7666571
3525 45 2.825182
3529 3 2.21532
3529 7 1.8594761
3529 11 1.8307629
3529 24 1.4020185
3529 31 1.594743
3534 1 4.0757813
3534 4 2.9456673
3534 11 2.098248
3534 23 3.4890645
3534 59 2.7076929
3539 2 3.9600725
3539 8 3.5743716
3539 11 3.9030654
3539 29 2.903823
3539 52 2.9912753
3542 6 2.2914162
3542 10 2.7628849
3542 13 1.942101
3542 17 2.1856968
3542 51 2.4831903
3544 2 2.9212875
3544 11 3.1985388
3544 12 2.5555682
3544 22 2.3444817
3544 44 4.029671
3547 3 4.321008
3547 11 4.2866817
3547 14 4.1390104
3547 37 3.9961674
3547 60 3.144791
3550 2 4.0087214
3550 5 3.646052
3550 7 3.766172
3550 17 3.195941
3550 42 4.1493516
3555 3 4.885541
3555 9 1.0
3555 24 1.9994367
3555 32 2.6268053
3555 55 2.1232486
3561 2 2.8792088
3561 8 3.8226728
3561 10 3.1174648
3561 26 2.4792306
3561 36 1.1197807
3572 2 3.7810767
3572 7 3.5532222
3572 8 3.9507809
3572 19 3.267783
3572 38 4.345726
3581 6 3.5815923
3581 16 2.695541
3581 20 4.131989
3581 31 5.0
3581 55 3.7134736
3583 1 3.048502
3583 6 1.9923179
3583 7 3.0898986
3583 13 2.4806316
3583 45 2.8733017
3585 2 3.057912
3585 13 2.979328
3585 16 4.894007
3585 28 3.0179594
3585 48 3.867937
3587 3 1.2323732
3587 9 1.4358869
3587 11 1.1929195
3587 13 1.0
3587 35 1.0
3588 5 2.5160046
3588 12 2.7083647
3588 15 2.299152
3588 24 1.3372877
3588 32 2.0953193
3598 7 3.3491333
3598 11 3.6179757
3598 18 2.0947344
3598 26 2.935854
3598 49 2.7106874
3609 4 1.1033909
3609 6 2.4621072
3609 10 1.4781405
3609 20 1.0
3609 51 2.2680018
3616 2 2.7623594
3616 6 4.815505
3616 8 1.0
3616 22 2.189742
3616 64 2.111098
3618 2 4.1497984
3618 12 4.5935564
3618 14 4.234861
3618 25 3.24862
3618 81 3.4541135
3621 2 3.0774045
3621 15 3.0096664
3621 22 3.0840032
3621 28 3.170087
3621 57 1.0
3623 2 1.9830924
3623 15 1.0
3623 37 1.0
3623 48 3.080315
3623 75 4.321788
3631 2 3.1965802
3631 8 3.0391903
3631 13 3.2719507
3631 16 3.04518
3631 41 2.8165276
3632 1 1.1671882
3632 6 1.4662218
3632 7 4.4357324
3632 12 2.7012532
3632 28 2.4513755
3633 5 3.2788813
3633 8 3.335561
3633 15 3.3339512
3633 17 2.5818658
3633 33 3.482511
3636 1 5.0
3636 7 2.3255496
3636 8 2.2322927
3636 17 1.7357218
3636 36 2.0940094
3638 4 1.0
3638 6 1.0
3638 9 1.0
3638 15 1.0
3638 26 1.0
3649 7 1.0
3649 9 1.0
3649 18 1.0
3649 27 2.9954417
3649 76 2.0810049
3659 2 3.4793398
3659 7 2.830192
3659 15 2.8523746
3659 19 2.73863
3659 41 2.6008623
3660 3 2.789823
3660 6 2.209627
3660 9 3.4239721
3660 18 2.4484785
3660 27 2.8505168
3661 2 4.2371798
3661 6 3.41767
3661 7 4.237587
3661 14 4.058508
3661 55 3.4041202
3673 7 2.3931522
3673 14 2.547478
3673 16 3.2710319
3673 24 2.4295206
3673 37 3.2303762
3676 2 1.0
3676 9 4.0515594
3676 24 2.6043472
3676 44 1.335362
3676 75 3.5108776
3692 8 4.747071
3692 19 2.5608284
3692 20 3.8825407
3692 27 4.4813223
3692 64 2.631122
3698 4 2.1584072
3698 8 1.0
3698 11 1.2521777
3698 13 1.0
3698 50 1.0
3700 15 4.024314
3700 24 3.492548
3700 25 3.5987964
3700 37 4.0466237
3700 52 4.24365
3706 7 3.7767847
3706 15 3.5779483
3706 18 2.8206773
3706 38 3.884825
3706 54 4.0869527
3707 2 2.8742979
3707 4 2.6671777
3707 5 3.097742
3707 11 3.4859653
3707 32 2.1355975
3711 1 3.957633
3711 4 3.6862133
3711 7 3.1924472
3711 13 3.2433267
3711 28 3.8663452
3714 2 3.2475655
3714 17 1.9684792
3714 18 1.6887891
3714 26 3.2212389
3714 39 1.9705144
3716 5 2.900642
3716 18 2.275886
3716 19 2.6340287
3716 44 2.241166
3716 55 2.6872964
3720 4 2.4048772
3720 7 2.5844417
3720 8 3.1741867
3720 25 1.7200203
3720 45 2.6460402
3729 5 2.6680098
3729 12 4.658573
3729 14 3.7944627
3729 32 4.3016663
3729 62 3.7725725
3731 5 3.3237538
3731 17 2.8203325
3731 30 1.7597388
3731 38 4.594961
3731 66 2.779334
3732 1 2.981252
3732 9 3.4295702
3732 10 2.4546356
3732 18 2.3132794
3732 49 1.7218773
3734 2 3.9690337
3734 10 4.2474213
3734 15 1.0
3734 23 4.234434
3734 61 3.4319167
3740 2 3.2378807
3740 12 3.2685902
3740 15 2.6227846
3740 20 3.9000046
3740 58 2.9832447
3741 3 4.838899
3741 9 4.7016325
3741 15 5.0
3741 24 3.5410879
3741 60 1.4854834
3744 1 3.6933022
3744 13 2.1740324
3744 15 2.8953516
3744 29 1.899114
3744 54 3.0872443
3758 2 3.7541933
3758 6 3.0805418
3758 8 3.3066103
3758 24 3.1462374
3758 48 4.054068
3767 5 2.2240653
3767 13 2.6575835
3767 18 2.13296
3767 26 2.4202194
3767 49 5.0
3768 3 4.016535
3768 6 2.3655462
3768 18 3.2360926
3768 23 4.915946
3768 43 3.509046
3772 6 1.616848
3772 14 2.2686553
3772 17 1.0
3772 24 1.0
3772 49 3.7852807
3779 1 4.124769
3779 5 3.5170503
3779 6 3.7405412
3779 30 3.4498699
3779 69 3.042829
3786 2 2.0936935
3786 5 2.881224
3786 6 2.3868275
3786 14 2.2836711
3786 38 3.145808
3792 1 4.599544
3792 13 3.4360867
3792 23 4.2271833
3792 32 3.4800396
3792 38 4.135551
3795 5 4.134076
3795 18 3.3871126
3795 19 3.881354
3795 34 3.4501042
3795 49 3.4454134
3801 3 4.430289
3801 8 3.6259782
3801 14 4.2853136
3801 25 3.1265607
3801 50 2.8908243
3808 3 3.4350765
3808 12 3.9515007
3808 20 3.888275
3808 23 3.806211
3808 31 4.943817
3815 1 5.0
3815 5 2.8377266
3815 6 2.701274
3815 13 2.5793319
3815 40 2.3176198
3825 2 4.322808
3825 5 3.9046965
3825 14 4.2484097
3825 20 4.6192665
3825 52 3.5077853
3828 1 3.976838
3828 7 2.960708
3828 9 4.236023
3828 22 3.578206
3828 54 3.5263171
3848 4 2.2822587
3848 16 2.8064828
3848 19 2.2871351
3848 29 1.5317649
3848 43 1.3128562
3853 5 2.8586054
3853 10 3.865265
3853 19 2.5291495
3853 34 2.817061
3853 47 5.0
3856 1 2.2724872
3856 7 3.284184
3856 8 2.8802743
3856 15 2.8553934
3856 27 3.041252
3857 1 1.0
3857 8 2.5357647
3857 13 2.0914674
3857 18 1.688732
3857 93 1.8103484
3860 1 4.064228
3860 3 4.325987
3860 8 3.5699275
3860 11 3.8887813
3860 76 3.5201669
3863 1 2.8681886
3863 13 3.861033
3863 16 3.9453347
3863 25 3.3370543
3863 42 3.8189573
3868 2 2.9404006
3868 8 4.9515643
3868 14 2.6883764
3868 23 2.6530242
3868 49 1.9895556
3870 4 3.5298731
3870 6 2.2844737
3870 8 5.0
3870 23 4.083945
3870 30 3.5515542
3873 1 2.341196
3873 4 2.2752347
3873 10 2.6829796
3873 24 1.4598662
3873 79 1.4943545
3876 1 3.5117683
3876 3 4.922104
3876 7 1.9393951
3876 11 3.3740928
3876 49 1.0
3879 5 3.0807877
3879 14 3.428198
3879 22 2.6938276
3879 30 1.0
3879 60 2.2125978
3881 6 2.0240831
3881 10 3.3972688
3881 11 2.8706338
3881 23 1.6789874
3881 61 1.0098754
3886 8 3.108561
3886 10 3.6093886
3886 11 2.9484599
3886 14 3.1125107
3886 32 3.0659673
3888 2 2.897865
3888 12 3.1227167
3888 16 2.7013412
3888 37 2.072122
3888 57 1.7611576
3890 6 3.1373594
3890 11 3.07117
3890 20 1.498086
3890 37 3.4066267
3890 48 3.362714
3891 2 2.9846177
3891 11 3.1135414
3891 12 3.349083
3891 19 2.115828
3891 62 3.2864778
3895 4 2.2848055
3895 12 2.4566145
3895 15 2.2713528
3895 19 2.0234387
3895 43 1.6308362
3896 3 3.9018884
3896 6 4.0351543
3896 9 2.0301266
3896 11 2.4214196
3896 43 1.2334217
3901 7 2.2608056
3901 12 2.0997455
3901 13 1.4954743
3901 22 2.0475798
3901 46 1.7893755
3902 3 3.3314645
3902 8 4.0627384
3902 10 3.892764
3902 18 2.7560685
3902 40 2.9219704
3903 1 3.4710104
3903 13 2.569201
3903 15 2.8717458
3903 21 3.5221722
3903 62 3.8520143
3904 3 1.8018616
3904 6 1.1547949
3904 13 1.3694654
3904 32 1.43805
3904 79 1.0940773
3906 1 4.080627
3906 7 3.9760957
3906 10 4.191072
3906 13 3.3476467
3906 40 3.4309223
3911 4 2.698307
3911 7 2.9913886
3911 11 3.018652
3911 19 2.1366806
3911 45 3.0958724
3912 1 2.812689
3912 7 2.4989882
3912 16 2.6723187
3912 27 3.1096714
3912 58 2.3285916
3917 6 2.4576056
3917 18 1.9451246
3917 19 1.920838
3917 25 2.447297
3917 72 3.594042
3919 2 1.0
3919 9 1.0
3919 11 1.0
3919 17 1.0
3919 34 1.0
3924 1 3.602339
3924 9 4.21103
3924 10 4.360757
3924 17 3.429957
3924 38 4.498236
3935 2 1.5942405
3935 13 1.2089969
3935 14 1.5608418
3935 25 1.229049
3935 46 1.8113747
3936 4 2.6321504
3936 21 3.6976302
3936 23 2.938269
3936 33 2.891857
3936 53 2.121693
3943 1 4.408216
3943 4 3.1192486
3943 5 3.6272988
3943 11 4.157756
3943 60 3.424869
3944 6 3.6488614
3944 8 2.244503
3944 12 3.046501
3944 21 2.9736626
3944 72 3.2691398
3969 2 3.6379535
3969 8 4.2332287
3969 14 3.8115103
3969 22 3.3960736
3969 40 2.98659
3973 2 2.0206926
3973 10 2.4204001
3973 11 2.116642
3973 13 1.8159055
3973 42 2.8375287
3983 10 1.0
3983 17 1.0
3983 18 1.0
3983 41 1.0
3983 69 1.0
3984 2 2.8629887
3984 9 3.6522875
3984 14 5.0
3984 19 3.520177
3984 48 3.1922104
3987 7 1.5917163
3987 15 1.0
3987 26 1.0
3987 29 1.0
3987 33 1.0
3990 2 4.571077
3990 19 4.5297213
3990 23 4.679129
3990 34 4.157851
3990 69 4.790283
3991 7 3.2574766
3991 11 3.9951696
3991 14 3.0089395
3991 22 2.9274535
3991 58 2.821071
4001 3 3.016071
4001 6 2.1471903
4001 11 2.5322251
4001 18 1.5617836
4001 22 2.6207902
4003 7 3.5466235
4003 21 4.116331
4003 22 3.4582436
4003 36 2.8974466
4003 63 2.1378891
4010 4 5.0
4010 9 4.6618824
4010 17 3.774969
4010 27 3.2441773
4010 44 1.0
4011 1 4.1255646
4011 6 3.54279
4011 20 4.260329
4011 35 3.592539
4011 78 3.1141417
4013 8 1.4771637
4013 19 1.0019884
4013 29 1.0
4013 40 1.0
4013 60 1.0
4015 1 1.0
4015 5 1.0
4015 8 1.0
4015 27 1.2662114
4015 72 3.0994222
4021 3 3.5870683
4021 6 3.124157
4021 8 3.8475647
4021 15 3.6289499
4021 35 3.5785403
4023 2 2.7667205
4023 6 1.6306864
4023 7 3.5536017
4023 15 2.7297285
4023 31 2.1761448
4028 5 1.891134
4028 15 1.9515918
4028 16 2.5968933
4028 29 1.2394536
4028 42 2.512642
4038 2 1.4475203
4038 6 1.8308384
4038 7 2.6465251
4038 16 1.007126
4038 31 1.7931378
4039 1 2.7466896
4039 10 3.257665
4039 13 2.510159
4039 19 1.8997015
4039 75 2.4802282
4053 3 4.164635
4053 14 3.6659691
4053 20 4.2194686
4053 33 3.0985806
4053 52 2.8894303
4054 8 1.0
4054 14 1.7293352
4054 19 1.0646627
4054 30 3.3047214
4054 47 1.8914974
4060 3 4.0763097
4060 14 3.237034
4060 17 2.2998943
4060 24 1.5578756
4060 72 4.7129354
4070 1 4.142509
4070 4 3.697248
4070 10 3.9072142
4070 23 3.5720325
4070 49 3.2832115
4075 2 2.5970094
4075 4 2.6189444
4075 19 2.1688385
4075 24 1.8974876
4075 59 1.0
4082 1 1.0
4082 13 1.5889405
4082 19 1.3017778
4082 28 2.3992941
4082 48 3.192159
4085 1 3.3129551
4085 5 2.8278592
4085 9 3.4678285
4085 17 2.6843863
4085 41 2.2800837
4086 1 4.2812643
4086 11 3.8167658
4086 12 4.074063
4086 16 4.0874248
4086 32 3.6561842
4088 5 1.1985795
4088 9 4.7142744
4088 10 2.2033536
4088 17 1.085352
4088 39 1.0
4089 3 4.182706
4089 10 4.1386714
4089 12 4.021857
4089 22 3.8497224
4089 48 4.2461476
4091 1 1.6488192
4091 9 4.711273
4091 16 3.2159019
4091 29 1.4372673
4091 79 1.7685217
4092 2 2.38663
4092 6 3.3419583
4092 8 4.1187005
4092 19 2.0389924
4092 48 3.4364467
4094 1 2.7657535
4094 9 1.0
4094 21 3.6017067
4094 27 2.2808673
4094 50 2.4621727
4102 4 3.7101543
4102 7 3.8715494
4102 9 4.3807473
4102 17 3.3398032
4102 36 3.3559873
4104 7 1.6911838
4104 9 1.8329728
4104 17 1.749495
4104 30 4.903458
4104 47 2.1369238
4106 4 3.4557061
4106 7 4.1981487
4106 15 3.5812879
4106 23 4.703827
4106 43 3.1285114
4117 3 4.0868206
4117 6 3.6282325
4117 8 4.386046
4117 12 3.9130006
4117 26 3.6749413
4119 4 1.7027824
4119 7 1.2893956
4119 8 1.0
4119 11 1.3753873
4119 43 1.0
4124 2 2.2043898
4124 11 3.6505735
4124 19 2.331577
4124 21 3.3335447
4124 39 2.8042498
4126 1 3.7904613
4126 6 3.862312
4126 14 4.2029114
4126 32 4.0941634
4126 49 3.3158565
4131 1 3.4482336
4131 4 3.3105326
4131 6 2.736452
4131 19 2.9948397
4131 47 2.8082323
4144 3 3.9523017
4144 11 2.6540265
4144 16 3.239818
4144 19 2.3832626
4144 36 1.6651295
4149 1 4.825691
4149 16 1.8166039
4149 18 1.0
4149 23 2.4404821
4149 35 1.0
4154 1 4.287673
4154 4 3.7248516
4154 5 3.3675117
4154 15 3.4848256
4154 55 3.2484927
4164 2 2.4214725
4164 5 2.3901367
4164 6 2.5346184
4164 26 2.9721992
4164 61 1.6508393
4166 1 3.0416095
4166 7 3.0749679
4166 8 1.0
4166 11 3.020562
4166 36 2.3026915
4168 5 2.1693778
4168 18 2.0068462
4168 26 2.7048793
4168 29 1.8382288
4168 48 2.2478037
4170 8 3.621367
4170 16 3.0733604
4170 22 3.396427
4170 30 3.3676398
4170 73 3.3126664
4175 1 3.998225
4175 3 4.2605796
4175 13 3.3776236
4175 30 3.5157754
4175 53 3.12166
4176 2 3.0950859
4176 6 3.2000403
4176 8 1.9932766
4176 20 3.515494
4176 34 1.9180032
4177 1 3.482009
4177 6 2.5878692
4177 11 3.2322724
4177 20 3.4855506
4177 66 1.0
4182 7 1.8874731
4182 10 1.0
4182 16 2.1674714
4182 40 2.244255
4182 79 1.0
4188 2 3.9449804
4188 9 4.1997128
4188 15 3.2198734
4188 29 2.7077188
4188 40 2.9976902
4191 5 2.501181
4191 8 1.985447
4191 11 1.6210961
4191 15 1.4763194
4191 38 3.0953686
4192 2 1.2159383
4192 14 1.0303141
4192 19 1.0
4192 25 1.0
4192 35 1.0
4195 4 3.4909897
4195 16 3.490765
4195 18 2.4142838
4195 25 2.708321
4195 38 3.3464258
4206 2 3.1333454
4206 7 3.3269482
4206 17 2.2187614
4206 28 3.0534823
4206 50 2.1212902
4222 4 3.069944
4222 13 2.385964
4222 14 3.137246
4222 20 3.6165397
4222 28 3.221174
4223 1 3.5103233
4223 3 3.6595092
4223 4 3.1943424
4223 8 1.0
4223 24 2.1348934
4225 1 1.5629263
4225 8 2.5545447
4225 12 2.488507
4225 22 2.209744
4225 35 1.9991535
4228 2 4.3440285
4228 11 4.1693254
4228 13 3.6006217
4228 18 3.2795813
4228 38 2.8545647
4229 1 4.0120373
4229 16 3.2412548
4229 19 2.4607565
4229 22 3.0830846
4229 59 5.0
4230 6 4.409651
4230 10 4.6852927
4230 13 4.038601
4230 19 3.9564033
4230 45 4.024645
4232 3 2.6139336
4232 7 1.4389262
4232 8 1.0
4232 25 1.1572804
4232 39 1.3191152
4237 4 3.3677819
4237 13 2.7575152
4237 14 2.7155564
4237 23 3.2504003
4237 52 2.7186036
4241 1 3.17301
4241 6 2.043518
4241 7 2.8670106
4241 10 2.7643745
4241 53 1.0304711
4243 1 3.1220493
4243 12 3.5888774
4243 17 2.0734508
4243 34 2.2469482
4243 65 1.0
4254 7 3.4262264
4254 17 2.6984434
4254 22 3.3639436
4254 31 2.8737462
4254 71 2.8597767
4259 1 3.841948
4259 8 3.8474116
4259 10 4.2340727
4259 18 2.9267857
4259 42 4.059984
4263 1 4.020139
4263 4 3.8529084
4263 8 3.991452
4263 12 4.0429816
4263 19 3.6430469
4266 8 2.6348684
4266 11 1.0
4266 19 1.8682077
4266 24 1.8175552
4266 33 2.208133
4271 1 3.9978108
4271 12 3.5196598
4271 13 2.9431727
4271 24 2.40776
4271 48 4.154765
4274 1 4.210971
4274 11 3.2894151
4274 14 2.8073344
4274 27 4.0381136
4274 52 2.3864715
4276 1 2.0436368
4276 7 2.4522822
4276 15 1.6400607
4276 26 2.2033865
4276 46 1.0
4278 6 3.380336
4278 13 2.6081133
4278 16 3.7466264
4278 26 2.5106757
4278 65 2.5606086
4279 4 4.0934496
4279 10 4.4057617
4279 16 4.3022337
4279 20 4.5007854
4279 29 3.3661127
4283 6 3.4182987
4283 13 3.0202768
4283 21 3.9412494
4283 27 4.192716
4283 53 2.8497844
4289 2 3.7258563
4289 12 3.854085
4289 15 3.628944
4289 19 2.906877
4289 27 3.1173124
4292 2 3.7864976
4292 11 4.2210784
4292 12 3.6188724
4292 24 3.4138079
4292 53 3.2033298
4296 4 1.2905343
4296 19 1.6153299
4296 21 1.4671316
4296 26 1.2130288
4296 39 1.0
4298 10 2.937424
4298 20 3.4044685
4298 22 2.343862
4298 27 3.2048745
4298 42 2.8609324
4301 5 2.2628634
4301 11 1.9444802
4301 19 1.5435178
4301 21 2.8478174
4301 39 1.7071848
4303 2 3.1212156
4303 15 2.7195268
4303 24 2.2232733
4303 29 2.0986257
4303 52 2.034437
4304 2 2.2670457
4304 4 1.9150738
4304 5 1.5331712
4304 10 2.0407104
4304 34 1.1103313
4308 4 2.3810134
4308 7 2.533914
4308 15 2.3490796
4308 26 1.9481013
4308 48 2.083542
4314 2 3.9587228
4314 5 5.0
4314 6 3.9781456
4314 12 4.229418
4314 25 4.030907
4315 6 2.1233408
4315 8 1.5496445
4315 9 1.7951368
4315 36 1.0523219
4315 47 4.0247025
4316 5 3.578609
4316 14 3.9943569
4316 17 3.2362647
4316 39 3.508091
4316 65 3.1040142
4318 4 3.9045877
4318 6 3.4036634
4318 14 3.8770216
4318 24 3.1779273
4318 58 3.8445075
4321 1 2.7908547
4321 6 1.5429498
4321 10 3.6638517
4321 17 2.4038382
4321 42 3.5051057
4322 13 2.2053494
4322 19 2.092451
4322 22 2.782815
4322 30 1.8477447
4322 59 2.0158527
4323 1 3.6146276
4323 12 2.7664757
4323 13 2.1632838
4323 23 4.217133
4323 38 3.036967
4324 3 4.0380793
4324 11 3.5706234
4324 12 3.6615381
4324 17 2.7630663
4324 24 2.7883449
4332 3 2.3209612
4332 22 2.2099078
4332 23 2.3684173
4332 33 1.9596412
4332 42 2.96869
4344 1 3.9971948
4344 5 1.0
4344 7 1.0
4344 9 2.7824185
4344 52 1.5341558
4349 3 4.588284
4349 7 4.1846867
4349 12 3.9516997
4349 17 3.2289553
4349 66 3.5680888
4353 4 2.5154002
4353 20 2.9114466
4353 21 2.8476694
4353 27 3.0414376
4353 46 2.6352248
4366 1 2.9730704
4366 14 2.6324322
4366 15 2.5191698
4366 33 1.983113
4366 46 2.456686
4368 5 3.1588454
4368 10 4.081687
4368 22 3.3911958
4368 24 2.6191027
4368 29 2.3389218
4374 2 3.481775
4374 7 3.6911497
4374 12 2.8137574
4374 34 1.9294561
4374 65 2.0604386
4387 3 3.8400497
4387 8 3.5654244
4387 14 3.733626
4387 32 3.592693
4387 73 3.5713627
4389 4 1.0
4389 10 1.0
4389 16 1.0
4389 37 1.0
4389 77 1.0
4391 2 1.711049
4391 6 1.4351652
4391 10 2.1156945
4391 15 1.3140249
4391 32 1.8311647
4400 1 1.0
4400 5 1.0
4400 13 1.0
4400 30 1.0
4400 50 1.0
4402 1 3.2769358
4402 3 1.8798165
4402 4 3.0884924
4402 32 2.4636726
4402 72 1.0
4409 1 3.760522
4409 8 3.4364305
4409 9 4.077636
4409 12 3.7553515
4409 21 3.706131
4411 2 3.3256283
4411 9 2.5562096
4411 24 2.211214
4411 35 2.3116956
4411 64 3.0574794
4418 7 3.4664543
4418 13 2.5902514
4418 16 3.9000058
4418 23 4.192364
4418 50 2.5342705
4420 2 1.7253559
4420 7 1.0021856
4420 8 1.0
4420 15 1.32676
4420 34 1.0
4421 1 1.807782
4421 8 2.390406
4421 25 2.2802896
4421 31 1.4650725
4421 62 3.2524238
4438 5 2.1500814
4438 12 2.8534997
4438 13 2.2299132
4438 22 3.0780828
4438 47 2.8630126
4439 4 3.8337426
4439 9 2.4600189
4439 12 3.5825553
4439 28 5.0
4439 47 2.8220642
4442 1 4.245797
4442 6 3.3319125
4442 9 3.9924812
4442 14 3.461758
4442 31 2.968092
4447 2 3.938659
4447 15 3.6447957
4447 16 4.1135626
4447 33 3.5319803
4447 57 2.773911
4448 2 1.6348515
4448 7 1.6634781
4448 10 1.6947147
4448 12 1.7982695
4448 42 1.8367596
4449 1 5.0
4449 12 3.7862864
4449 14 3.4584496
4449 25 3.162108
4449 39 3.0979953
4451 7 1.0
4451 11 1.8051457
4451 24 1.8396554
4451 27 2.8579266
4451 43 1.4644508
4457 3 4.3250227
4457 6 3.3214374
4457 9 4.6170063
4457 12 3.9837596
4457 23 3.5714123
4462 2 2.8273838
4462 16 3.2013094
4462 19 1.9396045
4462 27 4.6833286
4462 50 1.766348
4464 4 1.0395617
4464 15 1.0968735
4464 16 2.0664477
4464 36 1.0
4464 47 1.3974601
4472 1 3.1782584
4472 5 1.1334453
4472 7 1.4915769
4472 10 2.8244472
4472 24 1.3962061
4478 1 3.8548086
4478 7 1.2962308
4478 18 2.6312647
4478 34 2.6737478
4478 39 1.0
4485 5 1.5889633
4485 10 2.4198995
4485 13 1.609162
4485 27 2.4429245
4485 51 1.7832634
4495 1 2.7757921
4495 8 1.0
4495 11 2.6964688
4495 16 3.0322652
4495 40 1.991565
4496 1 3.391723
4496 16 3.025706
4496 17 1.8299615
4496 25 1.9712366
4496 76 5.0
4506 1 3.6280298
4506 6 2.7065887
4506 8 3.2849207
4506 17 2.365931
4506 62 3.7177138
4508 1 3.4489555
4508 5 2.0570035
4508 7 2.0767014
4508 15 2.2907095
4508 26 2.4651575
4510 3 1.8816856
4510 8 1.0
4510 11 2.0542252
4510 20 2.3001559
4510 35 1.3309345
4513 3 2.7425694
4513 11 1.7036291
4513 12 2.3756905
4513 17 1.1510292
4513 36 1.0255116
4527 3 4.059333
4527 9 4.5691423
4527 10 4.6446385
4527 14 4.305348
4527 28 4.425091
4530 2 2.5069807
4530 19 2.399013
4530 21 2.4577444
4530 29 1.6448331
4530 53 1.6516342
4535 2 3.2846777
4535 7 2.6508174
4535 10 3.3430045
4535 14 3.5044107
4535 40 2.9036422
4538 2 1.0
4538 4 1.0
4538 12 1.0
4538 20 1.0
4538 27 1.0
4540 1 1.9554465
4540 11 1.6961772
4540 16 2.339267
4540 33 1.3621974
4540 64 1.1724733
4542 6 3.629897
4542 16 4.054614
4542 17 3.3123245
4542 29 2.995344
4542 65 3.1197467
4544 4 3.260534
4544 9 3.7716002
4544 11 3.3389547
4544 13 3.000202
4544 28 3.2434475
4550 3 1.0
4550 11 1.0
4550 16 1.0
4550 26 1.0
4550 72 2.3164058
4554 8 1.0
4554 10 3.1437976
4554 15 2.5556955
4554 22 2.750232
4554 31 2.49501
4555 7 3.4834359
4555 19 2.3988397
4555 21 3.951146
4555 35 3.0553765
4555 73 3.019062
4560 6 1.6128585
4560 9 3.0733988
4560 11 2.0820765
4560 22 2.093049
4560 42 2.4368632
4563 2 4.1379433
4563 10 4.5988536
4563 12 4.1826625
4563 25 3.2575474
4563 70 3.1110969
4567 4 2.0093303
4567 8 1.9591415
4567 16 2.3942277
4567 29 1.0
4567 50 1.0
4568 4 2.504365
4568 16 3.094463
4568 17 2.4467695
4568 23 5.0
4568 36 2.4827619
4570 2 3.6658766
4570 12 3.329633
4570 13 2.4316719
4570 16 3.554713
4570 35 3.0081577
4580 1 5.0
4580 9 3.384856
4580 10 3.9068375
4580 20 3.1224704
4580 42 3.786432
4583 1 2.6973486
4583 5 1.861654
4583 18 1.4589648
4583 28 2.6571593
4583 64 5.0
4599 1 3.9265237
4599 7 2.2810693
4599 12 3.4654694
4599 24 2.1009307
4599 31 2.6509476
4602 1 2.447795
4602 7 2.7109418
4602 9 2.7918315
4602 30 1.7255012
4602 42 1.9765964
4605 3 3.032666
4605 17 1.8706833
4605 20 3.7655282
4605 35 2.7612844
4605 59 2.4510884
4617 5 1.0
4617 12 3.8907616
4617 21 4.034836
4617 34 1.0
4617 51 3.3616257
4623 3 3.9887624
4623 11 3.5699387
4623 12 3.732392
4623 17 2.7462544
4623 31 2.6895227
4627 1 1.8479534
4627 3 2.5347834
4627 13 1.5831363
4627 16 2.2820184
4627 79 1.0
4631 1 4.4389057
4631 7 3.4455495
4631 9 3.908849
4631 20 3.908167
4631 54 3.8084543
4632 2 2.1100018
4632 7 3.2950008
4632 12 4.0126534
4632 17 2.6727011
4632 37 3.286927
4640 2 3.7583752
4640 6 3.5574822
4640 8 4.1691103
4640 11 3.6552885
4640 26 3.4719734
4644 1 4.2830863
4644 7 2.7351363
4644 8 3.3585467
4644 17 3.0188427
4644 39 2.7156613
4651 7 3.8146396
4651 11 3.991964
4651 17 3.4070537
4651 28 4.0927095
4651 57 1.5690285
4653 1 2.0630686
4653 3 2.427115
4653 6 1.473822
4653 12 1.7798568
4653 44 3.2441301
4656 1 1.0
4656 7 2.9864945
4656 13 2.0834346
4656 23 1.9303936
4656 63 2.0872993
4661 4 2.7641277
4661 13 2.2694204
4661 15 2.567904
4661 21 2.9967692
4661 41 1.263955
4667 3 4.161281
4667 8 3.34265
4667 10 3.7174823
4667 26 3.5115702
4667 59 3.2011669
4668 1 3.6381135
4668 8 5.0
4668 9 3.8295863
4668 23 3.4438775
4668 33 2.5351982
4672 1 4.281932
4672 4 3.4720438
4672 13 3.1109414
4672 28 3.7577515
4672 40 3.1974535
4680 4 3.7879372
4680 9 4.3987923
4680 10 4.066576
4680 12 3.8157887
4680 23 3.8742158
4687 1 2.1170356
4687 3 2.0112174
4687 10 2.1112056
4687 21 1.8431984
4687 47 1.308212
4689 10 3.4113212
4689 17 2.060729
4689 21 3.1186101
4689 29 1.6545442
4689 70 1.0
4690 1 2.3943596
4690 5 1.7005672
4690 6 1.6492275
4690 24 1.0
4690 37 1.5655054
4695 2 2.5748327
4695 9 3.1803243
4695 13 2.1502264
4695 20 3.202672
4695 50 1.8629768
4700 1 4.9509797
4700 9 4.5311527
4700 15 3.8586662
4700 31 3.5070329
4700 42 4.3417807
4714 1 1.0316648
4714 9 1.0
4714 10 1.0
4714 15 1.0
4714 28 1.0
4719 2 1.0
4719 6 1.0
4719 11 1.0
4719 16 1.0
4719 60 1.0
4724 2 3.2041736
4724 7 3.563026
4724 10 3.3852093
4724 13 2.9630256
4724 36 2.922841
4728 1 3.8949842
4728 3 3.953597
4728 6 3.268206
4728 14 3.7397134
4728 32 3.6844587
4731 4 3.870347
4731 17 3.2804284
4731 19 3.477706
4731 21 3.9832602
4731 41 2.814334
4737 5 3.506297
4737 12 4.031546
4737 15 3.6206694
4737 28 3.8130846
4737 60 3.2679358
4742 6 2.7706757
4742 12 2.7020931
4742 14 3.5682473
4742 19 2.4610069
4742 30 1.0
4748 2 4.0207596
4748 16 4.2908473
4748 19 3.2495966
4748 41 2.0893934
4748 65 3.706442
4750 8 2.6439476
4750 11 3.1348226
4750 22 3.3627625
4750 33 3.3512292
4750 61 1.6559796
4751 17 2.2481163
4751 24 2.4013476
4751 26 2.8255777
4751 31 2.3001273
4751 37 2.5118468
4762 1 2.6097052
4762 6 1.9072695
4762 12 1.9052521
4762 29 1.0
4762 36 1.8636394
4765 1 4.3337574
4765 9 4.7318926
4765 17 3.6858387
4765 23 4.101269
4765 57 5.0
4780 5 1.082893
4780 11 1.6288712
4780 14 1.1367337
4780 18 1.0
4780 50 1.0
4785 3 4.355691
4785 26 4.204814
4785 28 4.3656034
4785 39 3.4800599
4785 58 4.2500706
4789 5 4.542
4789 8 4.069198
4789 9 4.530035
4789 31 1.938091
4789 66 2.5174925
4791 1 2.3330526
4791 4 4.3447223
4791 6 3.7278175
4791 12 3.8861446
4791 29 5.0
4794 4 3.417618
4794 7 3.02899
4794 8 2.9725752
4794 16 3.6134303
4794 57 2.0861433
4796 2 3.7444599
4796 14 3.4842763
4796 18 2.6973011
4796 26 2.8807247
4796 51 2.617941
4802 1 2.4528658
4802 5 2.594479
4802 9 3.3048327
4802 15 2.3968914
4802 43 1.7863132
4803 3 1.1920221
4803 8 1.0
4803 10 1.4996257
4803 25 1.0
4803 62 1.299466
4805 1 3.9671538
4805 18 2.655795
4805 22 3.4808457
4805 38 4.0647206
4805 63 3.2710004
4811 5 3.0150657
4811 9 3.976163
4811 13 2.7471702
4811 22 3.2300804
4811 48 4.39258
4813 2 2.5263734
4813 8 4.788151
4813 9 2.9060497
4813 23 2.8264985
4813 49 1.1759988
4814 2 2.173355
4814 12 2.9208093
4814 20 2.442674
4814 32 2.005353
4814 64 1.5697284
4815 2 3.3602734
4815 4 3.3193007
4815 6 3.0141208
4815 18 2.3221264
4815 59 2.0691051
4820 4 4.1008315
4820 10 3.1603284
4820 11 3.0116675
4820 18 1.8108627
4820 33 2.2030873
4822 9 4.0698476
4822 14 3.357503
4822 15 2.9817376
4822 19 2.4740362
4822 46 3.9736772
4826 1 4.3402214
4826 15 3.8935273
4826 17 3.4258156
4826 21 4.397546
4826 47 3.9281216
4828 9 3.4940035
4828 21 2.6364098
4828 22 2.224824
4828 27 2.1741757
4828 81 1.0
4829 3 3.8351336
4829 8 3.6238213
4829 11 3.9495902
4829 20 3.6391287
4829 32 3.1472437
4842 1 3.812785
4842 22 3.5547037
4842 31 3.034493
4842 40 3.349493
4842 73 5.0
4843 2 3.2920744
4843 10 3.0019932
4843 11 2.360386
4843 17 2.1845105
4843 35 2.9911401
4845 3 4.6248097
4845 6 3.1488476
4845 7 1.4650859
4845 23 2.8823624
4845 58 2.3311841
4846 1 5.0
4846 10 1.0
4846 15 1.0
4846 24 1.0
4846 37 1.0
4847 1 3.0076883
4847 23 2.4278495
4847 29 1.0
4847 33 4.43974
4847 76 2.1639707
4850 1 4.1793656
4850 7 4.093991
4850 9 4.573172
4850 18 3.0005271
4850 36 3.3161435
4851 4 2.5729802
4851 14 3.0090709
4851 20 3.343757
4851 36 2.3176923
4851 75 2.9320862
4857 2 3.6727934
4857 14 3.3515675
4857 19 3.450855
4857 28 3.201793
4857 61 2.0207224
4859 3 2.9471118
4859 6 3.1174695
4859 12 2.4567168
4859 24 1.1140602
4859 31 2.8586595
4862 1 3.422378
4862 14 3.176545
4862 16 3.4002504
4862 25 2.69247
4862 77 2.0571694
4863 1 4.2720413
4863 4 2.9416418
4863 6 3.6484437
4863 9 4.1719728
4863 58 3.4372878
4870 7 1.3016831
4870 10 2.8603473
4870 11 2.1255565
4870 18 1.0
4870 44 2.9529002
4875 1 1.6609057
4875 10 1.8506551
4875 14 1.2614626
4875 18 1.0
4875 44 1.7977607
4879 1 3.6471004
4879 20 4.1064606
4879 26 3.3676865
4879 35 3.1258118
4879 51 3.1498792
4880 1 3.2715495
4880 17 1.0
4880 20 1.1991401
4880 33 1.0
4880 49 2.56142
4886 2 2.6748126
4886 6 2.2094603
4886 9 3.692606
4886 13 1.8114929
4886 57 1.8375343
4888 3 4.213223
4888 7 3.8949146
4888 9 4.3369007
4888 20 3.637337
4888 34 2.8292701
4890 3 2.5147169
4890 12 2.9735374
4890 14 2.4898417
4890 17 2.5720396
4890 36 2.104838
4893 3 3.5659351
4893 9 3.3929574
4893 10 3.504149
4893 25 2.5240114
4893 87 2.6871367
4894 1 3.041313
4894 7 2.262324
4894 11 2.8653605
4894 28 2.5429757
4894 36 1.8649533
4898 15 3.6268609
4898 23 3.7476249
4898 25 3.1552694
4898 32 3.8173018
4898 49 5.0
4901 2 2.4597301
4901 5 1.4438539
4901 13 1.4467454
4901 15 1.5517042
4901 61 1.9090925
4914 8 3.3881874
4914 23 5.0
4914 28 2.4132063
4914 32 2.2402894
4914 43 3.1248038
4925 3 2.8424926
4925 7 1.0
4925 18 1.0
4925 32 1.0
4925 61 1.2593131
4930 1 1.9799402
4930 12 1.5106823
4930 22 1.0252622
4930 31 1.0594552
4930 77 1.0136964
4931 2 2.3965542
4931 14 2.8360257
4931 17 3.3082113
4931 26 1.0
4931 38 2.2256885
4934 7 4.6856637
4934 12 4.2613697
4934 13 3.953374
4934 17 3.6538568
4934 26 5.0
4935 1 4.2641296
4935 3 3.925754
4935 13 3.352093
4935 23 3.8407328
4935 46 3.1454718
4938 4 2.3760903
4938 8 2.7860026
4938 11 2.3059726
4938 18 1.6258115
4938 40 2.0437415
4943 4 4.238382
4943 7 4.4495363
4943 11 4.4340243
4943 29 3.5987475
4943 50 3.6840196
4947 2 2.9709527
4947 14 3.3834164
4947 15 2.7218769
4947 23 3.6089194
4947 40 2.5488386
4954 10 2.4509573
4954 23 2.492275
4954 25 1.4522815
4954 30 5.0
4954 62 1.8690968
4955 2 3.5798106
4955 9 4.026901
4955 11 3.790509
4955 21 3.7183726
4955 46 3.9662185
4961 1 2.965559
4961 13 1.1554596
4961 14 1.2252524
4961 20 1.0766436
4961 39 1.4384265
4964 2 1.6829925
4964 5 1.1631883
4964 9 2.8903413
4964 15 1.1371442
4964 32 2.0294495
4973 2 4.16712
4973 7 3.9938428
4973 11 3.9686341
4973 20 4.5235357
4973 83 2.6973584
4975 3 1.4462982
4975 10 1.5494637
4975 15 1.0872809
4975 18 1.0
4975 49 1.0
4984 2 2.4048772
4984 13 1.1604854
4984 25 1.0
4984 38 2.395815
4984 78 1.0
4988 5 5.0
4988 9 4.6888895
4988 11 4.822574
4988 21 5.0
4988 44 1.0
4995 4 3.4227192
4995 22 4.4197283
4995 24 3.063271
4995 30 3.7741876
4995 65 3.810018
4997 1 4.4275627
4997 3 4.320809
4997 5 2.599289
4997 9 2.6848376
4997 77 3.7430906
4998 1 2.6550772
4998 12 2.9450781
4998 15 1.9226379
4998 24 1.6038629
4998 47 2.4169602
4999 2 3.6459444
4999 4 3.581413
4999 5 3.2313836
4999 22 3.4533563
4999 50 2.685232
