6 1 2.6088338
6 7 2.80504
6 12 2.9072552
6 35 2.2518747
6 47 2.2640784
12 8 2.9617243
12 14 3.4512424
12 16 3.6409373
12 20 3.7919717
12 43 2.6130614
14 5 2.2425442
14 10 3.0527217
14 15 2.2623916
14 25 1.9560013
14 52 1.8716319
15 7 3.5011783
15 10 3.4769874
15 16 3.5233097
15 36 2.457296
15 61 2.3215322
19 8 3.4633071
19 23 3.4425411
19 25 2.4413195
19 35 2.9113846
19 62 3.5894969
20 1 3.3763742
20 13 2.4798503
20 14 2.6832557
20 25 1.9153535
20 56 1.8722779
27 1 3.181415
27 6 2.9137483
27 7 2.2340512
27 19 2.1358597
27 73 2.4408762
29 4 2.668227
29 16 2.9417603
29 28 2.82769
29 37 2.2886167
29 51 1.9881868
32 2 2.958556
32 5 2.6377864
32 12 3.0272644
32 23 2.761265
32 49 2.0693753
38 7 2.8047125
38 11 2.9210794
38 12 3.0827246
38 20 3.368355
38 53 2.096779
45 1 3.3097408
45 5 2.9479694
45 7 3.0495994
45 15 2.8137343
45 43 2.0843568
49 1 3.2406657
49 8 3.088593
49 11 2.9942093
49 18 1.913321
49 46 2.712175
50 11 2.9093916
50 20 3.604088
50 29 2.1094937
50 35 2.58643
50 50 1.8972198
52 1 3.317794
52 10 3.3790324
52 11 2.8672788
52 19 2.3417203
52 31 2.202518
53 1 2.9064946
53 19 2.13716
53 20 3.3743985
53 25 2.0135925
53 42 2.7849174
54 6 2.6966052
54 9 3.3818023
54 16 3.3352547
54 29 2.3269663
54 86 3.4895484
73 3 3.1647367
73 17 2.116276
73 19 2.2164521
73 28 2.7073197
73 53 1.7715995
74 2 2.494628
74 9 2.6089485
74 10 2.8236928
74 23 2.6605031
74 80 2.341786
75 1 3.1900017
75 8 2.6967773
75 9 3.3497782
75 14 2.915021
75 42 3.04825
76 2 3.1601825
76 6 2.4669628
76 10 3.300801
76 14 3.1873798
76 54 3.2315493
77 2 3.0692341
77 10 3.3887858
77 11 3.0642679
77 16 3.1589289
77 27 3.1141124
79 1 3.1572685
79 10 3.1368568
79 12 3.078513
79 23 3.1609182
79 36 2.271703
80 6 2.544529
80 17 2.1597607
80 22 2.7550197
80 28 3.0205414
80 38 3.4749033
87 5 2.79787
87 14 3.3262994
87 19 2.6311998
87 24 2.419508
87 45 2.7179995
93 2 3.3649564
93 11 3.3691418
93 12 3.4554691
93 18 2.326479
93 37 3.105477
108 2 2.549307
108 5 1.9992539
108 6 3.0591807
108 18 1.9870973
108 60 1.8006256
112 1 2.5604188
112 6 1.9133255
112 9 3.0894995
112 25 2.0154908
112 98 1.0
118 3 3.390716
118 13 2.2083085
118 16 3.0742626
118 32 2.733505
118 47 2.5407858
120 1 3.2877908
120 6 2.5356133
120 8 2.637664
120 20 3.6420403
120 47 2.7001545
123 3 3.3931007
123 9 3.6841683
123 13 2.071083
123 19 2.4281063
123 63 2.533233
125 5 2.7580814
125 9 3.68191
125 12 3.1625664
125 14 3.1965275
125 48 3.2830007
126 2 3.2163398
126 6 2.7098663
126 9 3.7721817
126 12 3.0683875
126 42 3.2379792
132 4 3.0300775
132 11 3.3152363
132 25 2.3072498
132 33 2.2618575
132 74 2.9210622
135 7 2.931821
135 12 3.1036124
135 21 2.9783516
135 24 2.4113858
135 74 2.8085597
138 14 2.9078143
138 19 2.186483
138 24 2.377937
138 29 2.0330002
138 52 2.3968575
141 6 2.9859653
141 9 3.7513878
141 12 3.2700064
141 21 3.318638
141 62 3.6878226
145 3 2.96317
145 25 1.8820361
145 28 2.3488932
145 40 2.1262887
145 47 2.2868652
151 7 3.0873003
151 15 2.6470487
151 17 2.16547
151 21 3.2136602
151 49 2.5682771
160 3 3.387546
160 17 2.4204652
160 18 2.2723663
160 20 3.7219129
160 54 3.2458048
167 4 2.564785
167 9 3.3576882
167 12 2.901271
167 19 2.1073902
167 48 3.3044894
173 3 3.751861
173 7 3.3602173
173 8 3.233193
173 10 3.6715791
173 16 3.5718493
175 5 2.6771555
175 19 1.7985752
175 22 2.4863343
175 27 3.083762
175 37 2.6698976
178 2 3.112871
178 5 2.5825002
178 9 3.5479739
178 15 2.6646342
178 27 3.1871817
179 5 2.2431328
179 9 3.2876635
179 10 3.252364
179 24 1.9659308
179 41 2.1009731
183 2 2.9520829
183 18 2.4286537
183 20 3.6403916
183 26 3.009566
183 53 2.6583858
195 1 3.2798193
195 7 3.400513
195 9 3.7916393
195 21 3.3341537
195 64 2.1673703
205 1 3.4489243
205 5 2.6960187
205 8 2.7371829
205 12 3.1923568
205 43 2.265518
212 2 3.01933
212 17 1.9788042
212 19 2.1005857
212 30 2.2046952
212 37 2.4803743
215 1 3.379824
215 14 3.2000616
215 22 2.926054
215 36 2.191775
215 48 3.4808128
218 1 2.6772714
218 25 1.9152949
218 30 2.025681
218 38 3.1057823
218 55 2.4293108
238 1 3.2993557
238 7 3.0440183
238 9 3.3799794
238 17 2.0703268
238 41 2.0345798
240 1 3.1517608
240 7 3.0460243
240 13 2.3584301
240 28 2.752783
240 63 2.393642
242 4 2.511107
242 6 2.5321195
242 10 2.8421998
242 16 3.206476
242 37 2.5052981
249 2 2.9634972
249 8 2.423671
249 9 3.6039667
249 19 2.299206
249 65 2.096767
250 6 2.7518013
250 10 3.3684149
250 24 2.4352841
250 32 2.8569422
250 51 2.4715161
259 2 3.4687712
259 14 3.457055
259 22 3.2643688
259 36 2.718124
259 47 3.0369198
262 2 2.7421565
262 6 2.4556236
262 19 2.1127393
262 28 2.6205025
262 35 2.3505828
263 1 3.0109506
263 4 2.525715
263 7 2.899265
263 13 2.1838923
263 18 1.3284316
267 3 3.1287427
267 11 2.6373038
267 17 1.8221139
267 21 2.7364712
267 81 1.7366034
275 1 2.9351327
275 10 3.0425704
275 13 1.6516669
275 20 2.9612849
275 32 2.412272
279 1 3.0503912
279 5 2.5938685
279 13 2.280888
279 19 2.3912656
279 58 2.8623228
286 5 3.0092402
286 8 2.7782512
286 10 3.4815016
286 17 2.7090485
286 60 2.0275176
287 7 2.9304128
287 17 2.2298634
287 18 1.629219
287 29 1.9001529
287 61 2.0738766
289 4 3.1826825
289 14 3.6074054
289 17 2.617549
289 25 2.2369947
289 52 2.356709
294 2 2.4667587
294 8 2.3185127
294 12 2.626934
294 30 1.6686794
294 49 1.9130378
295 2 2.7503746
295 6 2.693892
295 7 3.1641638
295 15 2.5664105
295 31 2.0735528
298 1 3.1756022
298 6 2.6871905
298 9 3.1187196
298 18 1.64784
298 61 1.8155127
299 1 3.6218054
299 10 3.685522
299 24 2.735846
299 31 2.8146472
299 71 2.930942
317 2 2.9463506
317 9 3.4345896
317 10 3.3594804
317 22 2.6433353
317 47 2.536403
322 1 2.938186
322 13 2.15754
322 17 2.1110606
322 20 3.3319075
322 26 2.3431396
329 3 3.354125
329 8 2.9304729
329 11 3.3589516
329 22 3.0682905
329 56 2.4094086
335 2 2.8490279
335 11 3.0721893
335 14 3.1222906
335 30 2.2929163
335 47 2.4411125
342 1 3.294298
342 6 2.8600576
342 12 3.2733479
342 28 3.1010509
342 44 3.3787377
357 1 3.2615743
357 6 2.570928
357 7 2.7836263
357 24 1.8162066
357 36 2.1288345
358 3 2.9998662
358 12 2.552527
358 17 1.7957726
358 25 1.7698551
358 44 2.5965414
359 9 3.6309686
359 17 2.32451
359 19 2.1977925
359 38 3.591988
359 90 2.0482993
361 3 3.6456156
361 12 3.364623
361 19 2.567711
361 24 2.4080706
361 50 2.377809
362 1 3.6923852
362 9 3.8140695
362 12 3.477566
362 14 3.172281
362 39 2.7426085
364 2 3.0991254
364 9 3.725765
364 16 3.3181198
364 18 1.9262863
364 25 2.2363372
370 4 2.6350064
370 7 2.8034916
370 13 1.9800619
370 18 1.8241125
370 43 1.690203
373 3 3.879236
373 9 3.476089
373 13 2.4336317
373 15 2.7107453
373 28 3.4419086
374 4 2.8505647
374 19 2.5149777
374 25 2.1263971
374 27 3.3713367
374 32 2.8924909
383 6 3.0169282
383 15 2.953737
383 20 3.7575493
383 35 2.7838812
383 53 2.5812209
389 2 2.849337
389 7 2.8337324
389 10 3.2884333
389 16 3.2981834
389 36 2.0896344
391 2 2.740754
391 8 2.5856726
391 14 2.5059857
391 25 1.7620344
391 38 2.8832965
398 2 2.4583426
398 6 2.1193514
398 7 2.178603
398 15 1.5309033
398 26 2.1674218
402 2 3.2874274
402 8 2.9796703
402 10 3.314052
402 26 3.020293
402 50 2.1754634
403 4 2.3171816
403 6 2.3900938
403 8 2.4700053
403 41 1.6657282
403 52 1.6040417
406 2 3.2585618
406 8 3.1058028
406 9 3.9842358
406 14 3.3317409
406 25 2.1887853
410 1 2.9721627
410 6 2.356038
410 17 1.7820203
410 27 2.7538493
410 65 1.7561171
416 1 3.0696652
416 7 2.8846865
416 8 2.990651
416 11 2.8367872
416 51 2.4696019
422 5 1.9084216
422 30 2.7279425
422 32 2.8411345
422 36 2.223974
422 61 2.3502297
428 1 3.246714
428 9 3.7708166
428 19 2.5929534
428 39 2.7749832
428 64 2.539578
431 4 3.277198
431 18 2.0913997
431 19 2.5644393
431 49 2.7244496
431 76 2.7493677
446 4 3.227726
446 14 3.5318384
446 18 2.196057
446 22 3.211109
446 57 2.1232784
450 1 2.6833413
450 8 2.554224
450 9 3.1377614
450 47 2.05962
450 59 1.9398143
453 6 2.5598187
453 10 3.0106273
453 15 2.2989905
453 24 2.232163
453 74 2.9311748
458 3 3.7659128
458 10 3.8994257
458 12 3.3011274
458 19 2.6215322
458 65 2.263131
461 5 2.804779
461 19 1.9621198
461 32 2.6746678
461 46 2.7847097
461 93 1.7810045
470 3 3.4095528
470 8 2.8486295
470 11 2.9970586
470 30 2.3570302
470 50 1.9119283
474 2 3.037668
474 8 2.9598448
474 11 3.2715285
474 16 3.3428874
474 28 3.0208464
475 2 3.153078
475 10 3.2056725
475 19 2.6677253
475 25 2.3307376
475 32 2.975898
479 2 3.1672583
479 8 2.8093996
479 12 3.143254
479 14 2.8852668
479 45 2.956376
484 1 2.9949045
484 5 2.4299774
484 20 3.6719275
484 33 2.4805012
484 41 2.242066
489 2 3.2600152
489 6 2.8165712
489 10 3.5105875
489 14 3.2087119
489 24 2.545054
492 5 1.6299232
492 8 2.4024143
492 21 2.7155435
492 25 1.5666566
492 47 2.246172
495 13 2.5834618
495 22 2.6422715
495 24 2.3197129
495 39 2.6393416
495 61 1.7002928
497 6 2.8685393
497 13 2.4422398
497 20 3.7037673
497 34 2.4305384
497 58 2.852084
503 1 3.319781
503 14 3.1236622
503 15 2.800161
503 18 2.2005978
503 58 2.8226047
504 3 3.0212471
504 7 2.1339285
504 11 2.788128
504 17 1.8680489
504 78 2.1376436
512 4 2.6477273
512 9 3.0803394
512 11 2.5199609
512 27 2.7309499
512 43 1.422118
518 4 2.9577465
518 14 3.3703504
518 24 2.5458598
518 55 2.7638834
518 75 2.4916952
522 1 2.914351
522 19 2.067408
522 21 2.9760206
522 30 2.1205332
522 51 2.560122
523 6 2.1101968
523 11 2.5774682
523 13 1.9663491
523 36 1.5187539
523 69 1.8737913
525 1 3.561683
525 3 3.635487
525 6 2.9806216
525 12 3.5627472
525 24 2.5321438
527 5 2.501575
527 26 2.622517
527 28 2.7769322
527 34 2.0227346
527 62 3.1469777
531 7 3.4271975
531 13 2.2832496
531 15 2.7430851
531 19 2.1017733
531 46 2.9663813
541 3 3.380709
541 20 3.4738567
541 38 3.3552127
541 56 2.0430288
541 81 1.0
542 2 3.259249
542 9 3.7806227
542 11 3.252146
542 15 2.6571689
542 43 2.1460714
557 3 3.0074646
557 13 1.7925992
557 14 2.5298867
557 19 1.473666
557 25 1.7562381
561 2 3.056301
561 12 3.596998
561 15 2.5448072
561 17 2.138539
561 39 2.4470985
572 1 3.4338899
572 7 2.47641
572 9 3.4557526
572 41 2.162334
572 67 2.030895
579 2 3.0514228
579 10 3.4065483
579 11 3.3067887
579 14 3.0117803
579 72 2.6797814
590 5 1.5239453
590 11 2.5012774
590 14 1.8459888
590 25 1.4497919
590 32 2.0209801
591 6 2.8532534
591 13 2.4853418
591 17 2.0100005
591 36 2.466964
591 79 2.2561824
594 3 3.6717672
594 24 2.5239275
594 25 2.1500874
594 37 2.8480682
594 79 2.4637606
597 1 3.001556
597 19 1.9968047
597 22 2.5183938
597 31 2.0741346
597 50 1.511317
600 5 1.6832228
600 22 2.4135554
600 30 2.1830742
600 40 1.9830025
600 59 2.7508535
604 1 3.1557968
604 4 2.8836684
604 10 3.3617988
604 19 2.6002936
604 29 1.6568707
620 1 3.1036081
620 4 2.8337224
620 6 2.6084054
620 19 2.1282005
620 37 2.635655
628 3 3.4490237
628 17 2.4617422
628 23 3.5089777
628 37 2.9444988
628 72 3.2786121
630 2 2.9763844
630 6 2.7930543
630 8 2.797796
630 14 2.9636147
630 37 2.6969843
650 3 3.4126961
650 9 3.4922836
650 11 2.9360201
650 15 2.7060595
650 41 2.0027916
652 3 3.3303616
652 10 3.1836724
652 18 2.088471
652 33 2.7587373
652 82 2.442066
653 3 3.6427665
653 24 2.3650873
653 26 2.9190583
653 60 1.839262
653 79 1.928374
654 1 3.3870945
654 7 2.7612286
654 22 2.9397554
654 32 2.9738932
654 45 2.90632
664 3 3.3660898
664 22 2.4706633
664 28 2.862674
664 46 2.4881697
664 62 3.495271
666 5 2.1116643
666 15 2.7064734
666 20 3.3457055
666 23 3.046763
666 39 2.2829978
673 4 2.8280435
673 14 2.952911
673 16 3.200635
673 26 2.7279904
673 76 2.4321911
676 1 2.8914223
676 3 3.09962
676 4 2.7021923
676 10 3.096961
676 26 2.179942
680 2 2.649747
680 9 3.6273081
680 11 3.0534763
680 16 3.1111453
680 33 2.317353
683 6 2.2952514
683 21 2.6226218
683 29 1.6760302
683 38 2.889278
683 49 2.1615071
688 2 3.1496284
688 11 3.1595018
688 13 2.7675736
688 25 2.2003381
688 48 3.3707168
689 5 2.0454817
689 13 1.6979911
689 15 2.0237625
689 24 1.7877336
689 55 1.8399172
692 7 2.891989
692 18 1.9372551
692 19 2.166665
692 25 2.0364828
692 45 2.6588888
704 2 3.4397418
704 7 3.371504
704 19 2.8103247
704 29 2.5269034
704 42 3.4996083
708 2 2.8800015
708 7 3.1613715
708 8 2.728266
708 21 3.1915143
708 76 2.4663143
710 4 2.8810418
710 8 2.6199977
710 12 3.058925
710 16 2.6856318
710 41 1.9922148
718 1 2.7846088
718 4 2.8878508
718 8 2.6318305
718 15 2.7286725
718 28 2.7070234
719 3 3.5608191
719 5 2.6734066
719 6 2.6687226
719 15 2.671075
719 68 2.1718924
720 2 2.7674177
720 8 2.7101655
720 9 3.4860854
720 26 2.5397153
720 54 3.2515225
727 9 3.770136
727 15 3.2061872
727 16 3.296061
727 27 3.3536468
727 35 2.9994183
733 5 2.198509
733 11 3.035646
733 12 2.9243257
733 18 1.6957043
733 48 2.9738755
740 2 2.598511
740 6 1.9575081
740 13 1.9382637
740 20 3.1274676
740 49 1.9621017
741 2 3.3674304
741 5 2.7122269
741 12 3.6678836
741 18 2.3100305
741 60 2.407189
743 2 3.05394
743 10 3.297064
743 14 3.042224
743 27 3.1632602
743 64 2.4141307
748 1 3.1961226
748 4 3.129813
748 8 2.8832781
748 14 2.8277855
748 74 2.8154595
749 1 3.1085718
749 16 3.3463185
749 24 2.3077672
749 35 2.4772234
749 48 3.2308362
750 1 3.0587955
750 10 3.1526837
750 13 2.7240443
750 22 2.9393346
750 30 2.4241023
755 2 3.1878943
755 4 2.6759403
755 5 2.5176039
755 15 2.5730817
755 42 2.952385
768 1 3.2235296
768 4 2.9621716
768 10 3.248373
768 23 2.9425316
768 35 2.3597517
769 5 1.9481802
769 7 2.690721
769 9 3.0157325
769 23 2.8719325
769 63 1.8946866
771 10 3.6643949
771 16 3.3140972
771 20 3.6438146
771 23 3.6539993
771 37 3.1907463
782 3 3.2207036
782 19 1.990205
782 20 3.184747
782 24 2.3110347
782 59 2.1516516
786 6 2.83929
786 9 3.4686131
786 11 3.085141
786 28 2.9382174
786 55 2.7580068
789 12 3.092371
789 15 2.4825609
789 37 2.7466724
789 48 3.0699406
789 59 1.9122989
802 1 3.03254
802 11 2.9820163
802 15 2.3452415
802 23 3.172256
802 32 2.5312996
804 16 3.0740488
804 19 2.4907508
804 22 3.068479
804 26 2.8715224
804 39 2.3268068
811 3 3.1044283
811 9 3.2659647
811 15 2.4198077
811 22 2.4598105
811 48 2.9434838
812 3 3.349708
812 14 3.188667
812 16 3.1209743
812 20 3.418276
812 85 3.036386
815 1 3.2287927
815 6 2.6566844
815 10 3.2171488
815 18 1.6728182
815 43 1.972576
817 3 3.7870028
817 6 3.0474324
817 9 3.6021814
817 18 1.9373903
817 42 3.0294497
826 1 3.0861888
826 9 3.469304
826 17 2.4815435
826 30 2.3348303
826 65 2.3655324
841 2 2.8954124
841 8 2.805199
841 13 2.210298
841 18 1.7950329
841 31 2.2907908
850 2 3.0905764
850 6 2.5464256
850 9 3.3190598
850 22 2.605746
850 37 2.7773945
857 5 3.2567167
857 9 3.799184
857 10 3.4947884
857 16 3.3891873
857 63 2.5629635
858 2 2.9709387
858 8 2.9124537
858 9 3.2479563
858 16 3.0417647
858 74 2.7069721
864 1 3.07766
864 5 2.6428916
864 7 2.856249
864 12 2.9983497
864 48 2.9640355
871 2 3.0085452
871 12 3.2201786
871 14 3.0805335
871 25 2.549279
871 53 2.4510982
890 2 2.7154267
890 8 2.449723
890 15 2.497606
890 24 2.001259
890 48 3.0886273
894 5 2.8914514
894 8 3.3800795
894 14 3.4176788
894 24 2.4886472
894 41 2.6340227
896 6 2.3118365
896 11 2.9355285
896 18 1.7626297
896 34 2.048627
896 47 2.2288258
905 12 2.9304836
905 18 1.8639042
905 19 2.3271844
905 32 2.9544795
905 40 2.2747874
906 13 2.2421935
906 21 3.2977028
906 25 2.1387799
906 29 2.1440144
906 42 3.4338076
909 6 2.923053
909 14 2.9498057
909 22 2.7458084
909 28 2.6626103
909 55 2.273157
911 1 3.3541775
911 5 2.6777322
911 11 3.1634238
911 25 2.2668154
911 51 2.723357
914 1 3.2052498
914 9 3.772712
914 11 3.0464191
914 23 3.34682
914 32 2.872646
921 3 3.2223244
921 11 2.9636366
921 13 2.5355945
921 20 3.4291987
921 45 2.6129434
929 5 2.9287813
929 9 3.7033274
929 14 3.0324442
929 18 2.1381283
929 47 2.58729
930 13 2.173693
930 28 3.1070118
930 29 2.4635663
930 34 2.3521187
930 70 1.724119
933 6 2.6768272
933 13 2.086894
933 15 2.4867408
933 28 2.8761876
933 77 2.8198886
956 2 3.3303661
956 7 3.2195258
956 17 2.1813354
956 28 2.9715228
956 44 2.9572804
959 2 2.7799478
959 8 2.4781003
959 17 1.9986681
959 22 2.8648949
959 43 1.8536601
962 2 3.4858274
962 8 3.2375886
962 14 3.3206208
962 17 2.4553137
962 40 2.6707819
989 1 2.91078
989 20 3.3483467
989 22 2.4421139
989 24 2.0898397
989 47 2.26641
995 1 3.0231752
995 4 2.8941884
995 18 2.008366
995 42 3.0134654
995 65 2.3619137
997 2 2.9306233
997 8 2.841388
997 10 3.1347804
997 14 3.1571856
997 43 2.0225005
1013 1 3.3473313
1013 10 3.1667726
1013 13 2.318237
1013 56 2.410182
1013 79 2.0841925
1015 3 3.2282357
1015 8 2.6278405
1015 21 2.787599
1015 25 2.0805256
1015 80 3.1802096
1021 1 3.4524643
1021 4 2.8941262
1021 6 3.0536249
1021 8 2.957224
1021 26 3.1533926
1025 1 2.7121902
1025 9 3.148789
1025 11 2.6447017
1025 21 2.861432
1025 47 2.4065049
1034 1 3.4396558
1034 13 2.507385
1034 18 2.11198
1034 36 2.6104853
1034 50 2.1147254
1040 1 3.4119053
1040 5 2.393547
1040 6 2.746303
1040 16 3.0374675
1040 39 2.580771
1043 2 3.141802
1043 5 2.8756933
1043 8 2.7366555
1043 10 3.5163093
1043 25 2.7306495
1048 4 2.816648
1048 11 3.1394172
1048 19 1.97108
1048 26 2.7034137
1048 45 2.4611979
1054 5 1.4579754
1054 10 2.5314448
1054 11 2.3102283
1054 15 1.8848404
1054 46 2.0514886
1067 2 3.3755498
1067 4 3.2826664
1067 6 3.089017
1067 27 3.48487
1067 38 3.7187068
1072 6 2.6220753
1072 19 2.3820384
1072 21 3.356895
1072 46 2.356696
1072 76 2.1740854
1075 8 2.9532354
1075 13 2.1130056
1075 15 2.6661994
1075 26 2.8503082
1075 43 2.0777094
1076 5 2.291017
1076 20 3.372387
1076 21 2.8950045
1076 30 2.5617135
1076 50 2.147851
1078 7 3.0665457
1078 9 3.5832071
1078 10 3.248686
1078 23 3.051438
1078 52 2.2928982
1079 1 3.531076
1079 9 3.2439904
1079 11 3.111638
1079 30 2.774511
1079 82 1.0740275
1082 2 2.9114134
1082 16 3.008686
1082 29 2.061991
1082 33 2.3460267
1082 43 1.9519485
1086 1 3.3809917
1086 4 3.4314263
1086 6 2.9687219
1086 17 2.5064201
1086 31 2.4029665
1107 2 2.7411842
1107 12 2.6073678
1107 13 1.5582473
1107 19 1.9650178
1107 34 1.7591915
1110 6 2.7939105
1110 9 3.7142022
1110 20 3.514195
1110 43 2.2380614
1110 65 1.8661532
1117 1 2.993695
1117 9 2.655819
1117 13 1.4741743
1117 18 1.0
1117 49 1.9936097
1121 6 2.760959
1121 11 2.8985224
1121 12 3.2476764
1121 34 2.452967
1121 66 2.7585573
1124 14 3.0147228
1124 20 3.6557145
1124 23 3.5996833
1124 30 2.6887405
1124 66 3.1830437
1130 7 2.3797736
1130 24 2.1936407
1130 26 2.6206355
1130 37 2.576822
1130 79 2.0899978
1132 2 3.2924156
1132 4 3.165381
1132 6 2.868778
1132 19 2.2346973
1132 73 3.1360614
1133 1 3.2496684
1133 12 3.3039403
1133 13 2.2295356
1133 25 2.1752527
1133 31 2.327659
1141 2 2.828968
1141 8 2.5498793
1141 23 3.1555138
1141 43 1.9530953
1141 78 1.6198149
1147 1 2.6028287
1147 8 2.4906435
1147 11 2.131441
1147 15 1.9929246
1147 31 1.7666079
1167 1 3.7327156
1167 12 3.3160715
1167 13 2.518713
1167 22 2.9610689
1167 33 2.4458432
1173 4 3.3871732
1173 13 2.678185
1173 19 2.1921456
1173 25 2.3779485
1173 45 3.087864
1175 3 3.4016786
1175 9 3.5357077
1175 10 3.4172707
1175 22 2.7378502
1175 47 2.645794
1176 2 3.545405
1176 6 2.9804726
1176 10 3.7405252
1176 13 2.5941164
1176 23 3.6942637
1195 2 3.282857
1195 11 3.4019234
1195 14 3.0460386
1195 25 2.3653216
1195 36 2.7848618
1198 2 3.3546026
1198 10 3.672837
1198 15 3.0861208
1198 24 2.7597957
1198 49 2.7493205
1200 1 3.126806
1200 5 2.7534657
1200 9 3.3786178
1200 14 2.99748
1200 34 2.4121141
1204 1 3.6601522
1204 7 2.8090932
1204 9 3.783222
1204 12 3.6285748
1204 20 3.8473914
1207 4 2.6327245
1207 23 3.329429
1207 28 3.1457875
1207 32 2.7521477
1207 61 1.9269851
1218 5 2.5859046
1218 8 2.5653098
1218 11 3.0990608
1218 16 3.2496386
1218 32 2.9306817
1242 4 3.456064
1242 8 3.3477767
1242 27 3.4229515
1242 37 3.2409678
1242 67 2.3795605
1251 3 3.5079317
1251 8 2.731382
1251 10 3.4231052
1251 24 2.0657082
1251 56 2.0882583
1254 1 3.4566092
1254 7 2.8972323
1254 9 3.4617915
1254 39 2.501817
1254 47 2.8611207
1256 1 2.2714372
1256 8 1.8967676
1256 11 2.0962152
1256 14 2.0803137
1256 21 2.1665235
1269 10 3.166032
1269 18 1.9583745
1269 20 3.329763
1269 23 3.0781062
1269 54 3.0748436
1279 5 2.395471
1279 10 3.5890303
1279 16 3.4373853
1279 29 2.195355
1279 73 2.7407346
1280 5 2.6845543
1280 12 3.0459912
1280 15 2.5884304
1280 21 3.075615
1280 60 1.6860456
1284 1 3.5369303
1284 7 3.2892852
1284 8 3.1622608
1284 15 3.0082679
1284 33 2.7457488
1290 3 3.583449
1290 15 2.5078087
1290 16 3.3720586
1290 24 2.3778622
1290 52 2.0871587
1291 1 3.2857783
1291 6 2.6209922
1291 12 3.1527689
1291 22 2.9497793
1291 31 2.443827
1293 8 2.5308104
1293 12 3.0335026
1293 14 3.140748
1293 29 1.9767237
1293 60 1.7157782
1297 8 2.476849
1297 16 2.6077495
1297 18 1.2149364
1297 21 2.514939
1297 90 1.0579836
1298 1 3.324768
1298 4 3.1662295
1298 8 3.1996188
1298 14 3.1365867
1298 25 2.35556
1299 1 3.1701608
1299 7 3.132402
1299 9 3.4663014
1299 17 2.0130827
1299 30 2.24297
1302 1 3.055825
1302 4 2.6457036
1302 6 2.8272102
1302 14 3.1261766
1302 77 2.997494
1305 1 3.5627072
1305 11 3.1968448
1305 17 2.584221
1305 37 3.186418
1305 46 2.9906027
1316 3 3.7351165
1316 13 2.9966767
1316 15 2.9218228
1316 24 2.7305934
1316 39 2.8801136
1317 1 3.6989458
1317 3 3.8429444
1317 4 3.426655
1317 21 3.594032
1317 45 3.192083
1324 2 3.2741082
1324 5 2.699964
1324 7 3.0488932
1324 15 2.7465396
1324 34 2.384685
1325 2 3.2657506
1325 5 2.8711107
1325 8 2.819034
1325 15 2.6176527
1325 34 2.2794504
1342 2 3.0446606
1342 14 2.5941427
1342 15 2.564869
1342 27 2.9675457
1342 57 1.6851168
1345 3 3.8081481
1345 20 3.9230018
1345 22 3.2803397
1345 36 2.7340949
1345 86 2.743331
1349 5 2.9146006
1349 11 3.470908
1349 19 2.5756903
1349 28 3.0113444
1349 65 2.3827639
1350 3 3.5238154
1350 8 2.8158429
1350 9 3.5094798
1350 15 2.7518234
1350 61 2.0007284
1352 2 2.9559216
1352 11 2.8610094
1352 14 2.8718014
1352 20 3.520335
1352 42 2.9248242
1354 12 3.1985745
1354 15 3.0355206
1354 23 3.2907715
1354 25 2.6052363
1354 37 2.8452241
1356 4 3.3655987
1356 9 3.8326602
1356 16 3.6876411
1356 22 3.3521416
1356 31 2.9656937
1359 2 3.3049135
1359 8 3.1135097
1359 13 2.5790775
1359 23 3.7038763
1359 46 2.9603374
1362 1 3.0538802
1362 11 3.0693808
1362 12 3.319699
1362 18 2.1941543
1362 29 2.105192
1367 2 2.7483594
1367 14 3.0016508
1367 15 2.3727484
1367 23 2.5931568
1367 54 2.9512343
1368 2 2.6604302
1368 9 3.1965802
1368 10 3.1496172
1368 31 2.1462057
1368 60 1.4568076
1370 1 3.0122106
1370 6 2.470505
1370 8 2.75381
1370 13 1.8354154
1370 45 2.46877
1372 4 2.5962267
1372 15 1.9461281
1372 24 1.6592746
1372 40 1.7412558
1372 65 1.5988808
1375 2 3.2018642
1375 7 2.9558668
1375 15 2.6972013
1375 30 2.5633016
1375 44 3.0071142
1378 1 3.0990727
1378 9 3.3555033
1378 29 1.8049823
1378 43 1.8674638
1378 73 2.4451125
1383 8 2.9669874
1383 13 1.9814943
1383 23 2.9236476
1383 31 2.4648144
1383 50 2.1207652
1384 4 3.0605688
1384 9 3.890841
1384 17 2.2406597
1384 22 3.0240772
1384 45 2.769948
1386 3 2.8522182
1386 23 2.724691
1386 28 2.4546432
1386 32 2.5271091
1386 73 2.1487968
1387 1 3.0299213
1387 10 3.2723527
1387 20 3.2917821
1387 24 2.565535
1387 34 2.5528162
1388 2 3.0827277
1388 5 2.6296604
1388 6 3.1622608
1388 14 3.0328798
1388 43 2.1362782
1412 3 3.2156544
1412 7 3.0861368
1412 10 3.2708967
1412 12 3.008591
1412 29 1.7884601
1414 1 3.4853299
1414 11 3.1108212
1414 16 3.1704235
1414 21 3.3275158
1414 39 2.6575265
1415 5 2.5966148
1415 16 3.390702
1415 26 3.0612712
1415 42 3.3234746
1415 53 2.206533
1420 6 2.5645785
1420 11 2.5136945
1420 14 3.0485868
1420 24 2.3249178
1420 31 2.195203
1422 1 3.4149861
1422 9 3.6139235
1422 15 3.055006
1422 22 2.990347
1422 39 2.5881364
1425 1 3.406057
1425 10 3.341947
1425 14 3.119096
1425 33 2.3346314
1425 45 2.991265
1427 1 2.8731837
1427 6 2.2268713
1427 8 2.6521516
1427 12 2.8532171
1427 38 3.2365582
1428 2 3.1391354
1428 5 2.9447937
1428 7 3.0933633
1428 11 3.0400028
1428 50 1.8855864
1431 8 2.5793595
1431 22 2.6544623
1431 26 2.3557768
1431 55 2.239114
1431 77 2.4181843
1435 1 3.362034
1435 9 3.869937
1435 11 3.3135748
1435 14 3.2934828
1435 26 2.9617863
1445 5 2.2830348
1445 12 3.1184068
1445 15 2.4878054
1445 24 2.0919025
1445 63 2.4355712
1448 7 3.4603372
1448 15 3.1793199
1448 19 2.8991575
1448 25 2.711289
1448 48 3.7786322
1459 3 3.6489925
1459 5 2.426303
1459 12 3.3490107
1459 24 2.2043605
1459 50 2.1850154
1463 11 2.7153401
1463 19 1.9158009
1463 27 2.9256845
1463 31 2.192999
1463 66 2.354606
1466 1 3.4150782
1466 6 2.6464086
1466 7 3.2807724
1466 17 2.5153184
1466 62 3.5398254
1472 1 2.9959478
1472 7 3.0715463
1472 11 3.0785198
1472 17 2.1447186
1472 57 1.8599749
1484 4 3.4290817
1484 14 3.486731
1484 26 3.1814058
1484 29 2.1225688
1484 44 3.3992584
1493 7 3.4614348
1493 9 3.826277
1493 18 2.4930272
1493 31 2.844516
1493 72 2.8785584
1495 4 3.3155463
1495 18 2.3699522
1495 22 3.2040272
1495 25 2.5911436
1495 53 2.559205
1497 3 3.3533058
1497 13 2.5963383
1497 18 1.8449383
1497 24 2.3818264
1497 82 5.0
1511 6 2.4295866
1511 14 2.802992
1511 15 2.1773844
1511 20 3.1709085
1511 75 2.095845
1513 3 3.0370114
1513 9 3.6166253
1513 11 2.8415384
1513 21 3.1458719
1513 49 2.2674422
1517 7 3.1732628
1517 20 3.5950692
1517 22 2.83407
1517 28 3.301404
1517 52 2.8401127
1523 8 3.1327977
1523 15 2.4758186
1523 20 3.736461
1523 22 3.1081572
1523 42 3.375835
1530 4 1.9797906
1530 16 2.2160683
1530 17 1.3175958
1530 19 1.4432567
1530 54 2.1637268
1531 2 2.7080634
1531 5 2.1810136
1531 6 2.5663652
1531 12 3.034409
1531 35 2.14812
1533 1 3.179446
1533 4 2.706331
1533 6 2.367814
1533 27 3.205345
1533 39 2.3123195
1534 2 3.0460944
1534 14 3.0309088
1534 18 2.1096342
1534 39 2.7214994
1534 58 3.0064576
1538 1 2.855549
1538 6 2.3148897
1538 12 2.9440482
1538 14 2.6146452
1538 55 1.8470504
1542 2 2.3886418
1542 12 3.0202715
1542 14 2.7352028
1542 24 2.010726
1542 39 2.060401
1543 2 2.9642205
1543 13 2.0373092
1543 16 2.825367
1543 20 3.2047417
1543 54 2.8777907
1544 3 3.3010104
1544 8 2.7844698
1544 11 2.9227426
1544 15 2.531329
1544 46 2.5538008
1547 1 3.2722962
1547 13 2.4856837
1547 17 2.3432102
1547 39 2.3863468
1547 52 2.4272602
1549 2 3.052315
1549 4 3.0396178
1549 7 2.7796798
1549 29 2.0219212
1549 42 3.1064057
1552 1 3.4911332
1552 7 3.0287318
1552 10 3.4315734
1552 21 3.4771996
1552 63 2.66094
1554 1 3.5787106
1554 4 3.3141248
1554 14 3.4617116
1554 16 3.7553077
1554 37 3.11665
1555 2 2.9775476
1555 4 3.2597947
1555 6 2.6068058
1555 21 2.923005
1555 31 2.457757
1570 2 3.3602695
1570 16 3.301236
1570 17 2.2975852
1570 27 3.391161
1570 38 3.8182476
1579 1 3.1334026
1579 15 2.190784
1579 18 1.7687609
1579 22 2.7348833
1579 59 2.2742653
1587 1 3.3038437
1587 7 3.3997064
1587 8 2.9830997
1587 20 3.830273
1587 60 2.020234
1588 6 2.2535262
1588 11 2.464214
1588 19 2.0329003
1588 30 1.9812093
1588 45 2.390515
1590 3 3.1371684
1590 8 2.5296104
1590 9 3.251944
1590 21 2.7222934
1590 42 3.031464
1592 2 3.1141078
1592 9 3.1820931
1592 15 2.817097
1592 23 2.723352
1592 41 1.8442259
1596 1 3.2310581
1596 3 3.0975034
1596 9 3.1168628
1596 42 2.959076
1596 74 2.6642585
1600 2 3.234644
1600 10 2.958761
1600 14 2.7754548
1600 20 3.160716
1600 42 2.4893062
1606 1 3.7341514
1606 8 3.3594818
1606 12 3.6452568
1606 20 3.9930036
1606 50 2.6014667
1613 5 2.4151232
1613 29 1.8326049
1613 34 2.2001493
1613 47 2.7591486
1613 58 2.7823122
1622 4 2.5307176
1622 26 2.6986463
1622 34 2.226338
1622 50 1.4428594
1622 61 1.7812
1638 2 2.8684516
1638 8 2.8927524
1638 9 3.0201635
1638 19 1.8499783
1638 45 2.7337394
1639 2 2.1234643
1639 6 1.501027
1639 7 2.5211153
1639 22 2.0985816
1639 44 2.2060032
1641 2 3.0734046
1641 9 3.6200092
1641 11 2.6471202
1641 25 2.0834396
1641 48 3.2966158
1643 1 2.501147
1643 9 3.1724644
1643 12 2.898621
1643 16 3.0687795
1643 31 1.9268868
1644 6 2.9439983
1644 13 2.5947273
1644 16 2.904952
1644 26 2.6049807
1644 42 2.969643
1646 1 3.1360366
1646 4 2.8736117
1646 6 2.5909162
1646 19 2.1042717
1646 31 2.3878856
1647 2 2.7955294
1647 9 3.7340364
1647 13 2.0913422
1647 18 1.9075141
1647 77 2.8913817
1652 1 3.1128786
1652 6 2.5392044
1652 8 2.3095505
1652 22 2.6310446
1652 67 1.8201331
1654 3 3.4747362
1654 7 3.3591645
1654 13 2.5855417
1654 15 3.081266
1654 62 3.4338593
1660 1 3.7398343
1660 24 2.7881212
1660 25 2.5091743
1660 28 3.318135
1660 51 2.9887025
1669 2 3.2050772
1669 5 3.0404167
1669 6 2.4657125
1669 27 3.0310564
1669 82 1.0
1675 1 3.102342
1675 9 3.5463068
1675 16 3.108291
1675 28 2.68923
1675 52 2.0090983
1676 6 2.9116814
1676 9 3.5795758
1676 12 3.075162
1676 25 2.123745
1676 60 1.6536132
1678 1 3.370492
1678 10 3.735846
1678 16 3.1574492
1678 23 3.3932855
1678 35 2.614241
1679 6 1.982588
1679 14 2.6437201
1679 16 2.6357706
1679 22 2.281318
1679 37 2.3185904
1680 3 3.4421372
1680 13 2.1902697
1680 15 2.2995467
1680 34 2.1099806
1680 65 2.5445573
1682 1 3.3460898
1682 11 3.1030757
1682 13 2.3108373
1682 15 2.9161649
1682 49 2.6082082
1687 2 2.8886337
1687 8 2.9860215
1687 9 3.532723
1687 29 2.0059152
1687 53 2.004435
1690 1 2.5043962
1690 4 2.2455893
1690 6 2.2265599
1690 16 2.6614962
1690 78 1.7539674
1694 4 2.952232
1694 11 2.840204
1694 19 2.2947598
1694 40 2.4200804
1694 73 2.2651942
1695 2 2.9722733
1695 14 3.033572
1695 15 2.4454095
1695 23 3.1668432
1695 72 2.8164914
1699 1 2.7939684
1699 10 3.1407843
1699 17 2.2609692
1699 25 1.9120591
1699 35 2.4873044
1702 1 3.100186
1702 13 2.334967
1702 16 3.2852495
1702 37 2.891691
1702 62 3.454342
1703 1 3.1112583
1703 6 2.9126182
1703 16 2.9533384
1703 28 2.6825163
1703 38 3.329803
1704 3 3.653336
1704 6 3.0433972
1704 9 3.7547405
1704 15 2.980675
1704 28 3.208276
1708 2 2.0489686
1708 8 2.24701
1708 9 2.7254481
1708 16 2.5345407
1708 31 1.7328959
1711 1 3.43011
1711 11 3.427013
1711 14 3.535622
1711 16 3.5685122
1711 34 2.7708206
1723 5 2.4243755
1723 8 2.5908427
1723 11 2.8479705
1723 15 2.3319297
1723 40 2.2145824
1728 2 3.3207269
1728 5 2.958089
1728 6 3.2485938
1728 18 2.038497
1728 24 2.4560504
1731 3 2.9986837
1731 8 2.5427244
1731 10 3.0669935
1731 22 2.7511282
1731 37 2.7371073
1740 4 2.7042856
1740 7 2.4218495
1740 17 2.018852
1740 34 1.7567196
1740 89 3.2214959
1741 5 2.3184924
1741 7 2.7193224
1741 13 2.385178
1741 16 2.9473064
1741 51 2.2171433
1742 1 3.4207387
1742 14 3.5212607
1742 16 3.74803
1742 20 3.937608
1742 76 2.7023373
1743 3 3.1625638
1743 13 2.5248764
1743 17 2.3250008
1743 33 2.1668985
1743 94 1.3104023
1757 2 2.7748382
1757 4 2.7898738
1757 19 1.8888073
1757 21 2.8191516
1757 69 1.7790009
1759 2 2.536863
1759 9 3.7275908
1759 15 2.6536357
1759 18 1.74833
1759 31 2.1878586
1765 2 3.4467351
1765 4 3.254046
1765 10 3.377573
1765 19 2.2014031
1765 63 2.6684701
1771 2 2.7162156
1771 11 2.923729
1771 16 2.9294894
1771 58 2.840253
1771 77 2.8500638
1772 5 2.459438
1772 9 3.4153218
1772 11 2.8911123
1772 21 3.0115206
1772 53 1.943799
1774 1 2.9871821
1774 16 2.5306072
1774 21 2.4964595
1774 27 2.9087486
1774 61 1.7032928
1779 1 2.5650578
1779 12 2.759912
1779 15 2.3402402
1779 24 2.030317
1779 54 2.8958027
1782 1 2.856646
1782 11 2.531874
1782 14 2.806618
1782 27 2.9595704
1782 66 2.2374027
1788 4 2.7408035
1788 11 2.7316036
1788 18 1.5410343
1788 23 3.18791
1788 65 1.8499204
1791 9 3.2069452
1791 13 2.3652976
1791 14 2.3052607
1791 21 2.8478355
1791 55 1.9241573
1792 3 3.487571
1792 12 3.1278975
1792 13 2.1142228
1792 15 2.6320305
1792 36 2.0308518
1801 4 2.5432687
1801 11 3.0936985
1801 12 3.1632762
1801 29 2.2261336
1801 47 2.4438593
1808 5 2.5794618
1808 13 2.8104866
1808 15 3.0771847
1808 32 3.2599568
1808 62 3.7126415
1813 4 2.5645928
1813 14 2.545823
1813 44 2.7572563
1813 51 2.3324337
1813 72 2.3326845
1817 4 2.661888
1817 13 2.5918038
1817 19 2.3977468
1817 33 2.6079652
1817 51 2.6687171
1818 4 2.7725167
1818 11 3.0056524
1818 14 2.8857706
1818 21 3.0901248
1818 31 2.092775
1820 1 3.392859
1820 6 2.9338443
1820 10 3.5711193
1820 19 2.3098211
1820 32 3.0926871
1830 8 3.020733
1830 11 3.1238768
1830 14 3.0038817
1830 18 2.055152
1830 31 2.3074741
1833 2 3.0236866
1833 16 3.0652456
1833 24 2.2501674
1833 28 2.9605792
1833 70 1.8809431
1834 2 3.028931
1834 7 3.0354486
1834 8 2.5330434
1834 15 2.4254868
1834 37 2.7625031
1840 1 3.1608827
1840 7 2.5456736
1840 11 2.749782
1840 30 2.416728
1840 48 3.0799155
1859 1 3.5609553
1859 10 3.422186
1859 12 3.388254
1859 14 3.4513986
1859 35 3.19998
1866 1 3.3011906
1866 9 3.3796935
1866 12 2.9126563
1866 30 2.21121
1866 55 2.3104062
1868 1 3.2675486
1868 7 3.0778825
1868 12 3.4003005
1868 17 2.4667273
1868 22 3.0124824
1875 3 3.5023508
1875 5 2.4285393
1875 9 3.6593542
1875 13 2.242987
1875 29 1.9950616
1877 5 2.2224448
1877 11 3.193614
1877 14 2.6803706
1877 28 2.4979594
1877 58 2.8331568
1878 2 3.0125203
1878 5 2.3117912
1878 9 3.447554
1878 17 2.2720208
1878 30 2.416448
1882 5 2.7700353
1882 12 3.375452
1882 16 3.5038877
1882 19 2.3002734
1882 40 2.480268
1884 3 3.034263
1884 17 1.8977886
1884 22 2.2136238
1884 27 2.656583
1884 39 2.0129972
1886 1 2.652307
1886 13 1.8137376
1886 16 2.5199242
1886 26 2.1457381
1886 51 1.7862146
1887 2 3.1569495
1887 13 2.229326
1887 20 3.5806541
1887 27 3.4589899
1887 49 2.4406095
1888 3 3.5763903
1888 15 2.8835037
1888 16 3.2120357
1888 23 3.3081493
1888 58 3.2271137
1896 1 3.5811238
1896 18 2.5034623
1896 19 2.6159036
1896 35 2.9601223
1896 68 3.0352945
1897 7 2.915236
1897 13 2.0344093
1897 18 1.963191
1897 23 2.8982954
1897 41 1.7979556
1899 1 3.2400353
1899 16 3.541731
1899 18 2.1218536
1899 49 2.5577772
1899 78 2.3374212
1911 1 2.7670376
1911 6 2.327132
1911 9 3.4116118
1911 20 3.4326954
1911 42 2.8689125
1917 5 2.2491903
1917 11 2.969105
1917 13 2.421388
1917 43 2.3632507
1917 52 2.0333433
1924 1 3.1696358
1924 12 3.3227804
1924 18 2.3950462
1924 26 3.0684595
1924 76 2.1095762
1929 4 2.2282119
1929 10 3.0224652
1929 13 2.5552711
1929 24 2.4082596
1929 40 2.1020415
1932 3 3.430222
1932 21 2.8890572
1932 27 3.0697434
1932 44 2.9871273
1932 58 2.7626557
1935 5 2.784139
1935 8 2.3745697
1935 13 2.3796322
1935 15 2.744002
1935 34 2.2320607
1939 1 3.140849
1939 9 3.684097
1939 10 3.3405097
1939 17 2.4602594
1939 56 2.5781062
1940 4 2.7105207
1940 17 1.9227301
1940 22 2.5808413
1940 32 2.8173444
1940 72 2.6184356
1947 3 3.3129587
1947 7 2.9567037
1947 9 3.337841
1947 19 2.3488877
1947 65 2.004518
1950 5 3.144021
1950 18 2.0413404
1950 22 2.7470503
1950 35 2.697634
1950 83 1.0
1951 4 2.9307387
1951 14 3.001312
1951 26 2.3064651
1951 37 2.7796931
1951 72 2.0820744
1952 1 3.2512298
1952 13 2.459741
1952 20 3.4797454
1952 41 1.9352624
1952 77 2.874675
1953 1 3.1572995
1953 7 2.7521234
1953 8 2.6992373
1953 24 1.9358432
1953 35 2.2700884
1954 10 3.120217
1954 17 2.380976
1954 19 2.0225644
1954 28 2.8752606
1954 56 2.1716762
1955 2 2.9967427
1955 5 2.008623
1955 6 2.9843876
1955 20 3.262872
1955 35 2.6947994
1956 3 3.197158
1956 10 2.8450384
1956 13 1.7677059
1956 16 2.9746928
1956 45 2.3174155
1957 1 3.0222974
1957 7 2.9288144
1957 9 2.9957716
1957 23 3.1430354
1957 38 2.983634
1962 1 3.1590345
1962 4 2.904919
1962 10 3.4749057
1962 21 2.9933612
1962 71 2.4802172
1967 5 2.25323
1967 7 2.6078558
1967 8 2.6596367
1967 25 1.7353321
1967 30 1.9424398
1975 4 2.787146
1975 14 3.2522857
1975 15 2.8553526
1975 30 2.5832431
1975 61 2.3392634
1980 1 3.3806078
1980 6 2.91713
1980 9 3.263866
1980 14 2.7862449
1980 52 2.2470453
1984 4 2.3631
1984 16 2.9584343
1984 18 1.1884108
1984 25 1.4386805
1984 36 1.6999347
2000 3 3.5067046
2000 9 3.6595469
2000 13 2.47925
2000 40 2.3924181
2000 90 1.7964344
2001 3 3.5657113
2001 5 2.3343103
2001 7 2.7621844
2001 14 2.8827846
2001 35 2.464251
2005 3 3.318552
2005 15 2.5613127
2005 22 2.5532222
2005 36 1.8339791
2005 61 1.7827559
2007 3 3.1726222
2007 6 2.4919014
2007 7 3.131632
2007 15 2.7160025
2007 18 2.2683141
2009 2 2.8490355
2009 15 2.6563272
2009 21 2.8335843
2009 35 2.4979799
2009 65 1.9655318
2022 1 3.1555364
2022 7 2.8539565
2022 8 2.6884546
2022 22 3.0322597
2022 33 2.3724391
2023 1 3.503931
2023 5 2.5723631
2023 27 3.145983
2023 33 2.244228
2023 68 2.6082308
2028 2 2.8925402
2028 11 2.9568088
2028 12 3.3155649
2028 17 2.163698
2028 33 2.3635046
2030 2 2.962027
2030 11 2.80091
2030 12 2.9126067
2030 29 2.0196836
2030 55 2.6143606
2034 3 2.9129593
2034 14 2.2623382
2034 19 1.9217948
2034 37 2.6032119
2034 96 2.5413144
2035 1 3.0569537
2035 7 2.8712654
2035 8 2.9069185
2035 12 3.17444
2035 31 2.196761
2036 1 2.9283733
2036 6 2.3911817
2036 8 2.8070445
2036 15 2.1999633
2036 41 1.9224509
2059 4 3.0920131
2059 7 2.7393663
2059 14 2.7339995
2059 36 2.1949673
2059 63 2.1830516
2066 1 3.13789
2066 8 2.727809
2066 12 3.0800095
2066 17 2.2660618
2066 34 2.1839225
2068 2 3.0640473
2068 4 3.0750122
2068 7 2.9910333
2068 12 3.4134328
2068 20 3.6697137
2074 4 3.0273697
2074 9 3.7107391
2074 10 3.572122
2074 21 3.230045
2074 38 3.643635
2086 1 2.6765285
2086 4 2.550338
2086 7 2.2586052
2086 13 1.8233036
2086 73 2.1231658
2088 3 3.7442102
2088 18 2.4476578
2088 21 3.809586
2088 32 3.3089552
2088 42 3.6942148
2094 1 3.149911
2094 8 2.6580682
2094 10 3.3277822
2094 28 2.7085412
2094 67 2.2869215
2102 8 2.4945674
2102 16 2.687295
2102 19 2.23016
2102 24 2.151326
2102 52 2.045361
2113 6 2.3466544
2113 13 1.8949552
2113 15 2.2359972
2113 19 2.0887759
2113 50 1.6123035
2115 4 3.1705625
2115 10 3.4389975
2115 11 3.0420194
2115 17 2.5390337
2115 50 2.0454125
2116 5 2.501339
2116 11 2.894742
2116 12 3.2995636
2116 26 2.8884706
2116 38 3.618417
2117 1 3.4388695
2117 6 3.0410156
2117 7 2.7372525
2117 16 3.2850332
2117 32 2.867525
2119 2 3.1414626
2119 4 2.7306256
2119 8 2.843445
2119 15 2.6155982
2119 30 2.4100246
2120 7 3.1191933
2120 15 2.5132642
2120 18 2.278329
2120 33 2.4264426
2120 78 1.8845675
2125 6 2.8393497
2125 11 3.1040733
2125 12 3.1805508
2125 24 2.2442725
2125 29 1.8972168
2134 7 2.7262788
2134 11 2.9180574
2134 14 2.702423
2134 29 2.1059575
2134 74 2.1793876
2137 1 3.291856
2137 7 3.2236814
2137 11 3.1689157
2137 22 3.3386877
2137 48 3.7981334
2138 1 3.5587504
2138 26 2.9387648
2138 30 2.561236
2138 37 3.1678193
2138 67 2.8168933
2142 2 3.1105738
2142 8 2.8504221
2142 10 3.4565809
2142 17 2.5803251
2142 57 2.0842674
2146 7 3.036798
2146 23 3.3833075
2146 24 2.4660168
2146 42 3.2574449
2146 65 2.59132
2149 11 3.2162588
2149 17 2.5269825
2149 22 2.8648174
2149 37 2.8596613
2149 70 2.1493247
2150 3 3.5095968
2150 5 2.6606736
2150 10 3.3937004
2150 17 2.4067092
2150 41 2.190496
2151 4 3.349303
2151 11 3.18659
2151 16 3.5952356
2151 32 3.1816342
2151 59 2.8628972
2155 6 2.4461308
2155 15 1.9024851
2155 18 1.5270752
2155 23 2.6290398
2155 31 1.7270766
2160 2 3.048729
2160 11 3.493155
2160 14 3.2732258
2160 20 3.6488366
2160 64 2.51364
2170 4 3.2555265
2170 9 3.7210922
2170 17 2.4880886
2170 20 3.5857842
2170 24 2.4435654
2171 12 3.0127017
2171 17 1.7744353
2171 18 1.388259
2171 31 2.1494968
2171 41 1.7793665
2175 5 3.0492225
2175 7 3.088803
2175 9 3.8814359
2175 26 2.9111643
2175 76 2.9261274
2180 6 3.0449426
2180 10 3.6173832
2180 18 2.2629292
2180 20 3.6583555
2180 55 2.863466
2186 1 3.1761975
2186 10 3.1689522
2186 11 3.0532038
2186 13 2.2785192
2186 28 2.9037263
2188 1 3.5531442
2188 7 3.3634572
2188 8 3.1910522
2188 16 3.3072002
2188 34 2.5653584
2189 3 3.297055
2189 12 3.0765033
2189 13 2.3677566
2189 25 2.1996791
2189 61 1.9614098
2196 1 3.300293
2196 3 3.3762548
2196 8 3.1173818
2196 26 3.1630232
2196 40 2.3796058
2200 1 3.018064
2200 14 2.5279522
2200 20 3.4498713
2200 41 2.1034894
2200 95 1.8373188
2207 2 2.9221022
2207 10 3.1609359
2207 11 2.9102697
2207 21 3.2455218
2207 28 2.8538842
2214 3 3.6835787
2214 19 2.3412879
2214 22 2.9461255
2214 35 2.8069391
2214 67 2.7765698
2221 6 2.8151066
2221 11 3.2343075
2221 12 3.1799767
2221 25 2.4908128
2221 47 2.7102633
2231 6 2.7574086
2231 18 2.2346413
2231 24 2.3209043
2231 41 2.0086448
2231 61 2.2117286
2239 1 3.0882876
2239 13 2.585645
2239 16 3.397138
2239 26 3.0990531
2239 60 2.2146661
2248 4 2.6216993
2248 12 3.0032225
2248 18 2.232206
2248 28 2.9446497
2248 44 2.8584943
2253 2 2.8443415
2253 10 3.0568905
2253 11 2.7721395
2253 27 2.8873882
2253 65 2.4494267
2257 3 3.5594845
2257 11 2.8849902
2257 13 2.1548197
2257 17 2.0715294
2257 53 2.1277466
2259 1 3.254841
2259 7 3.022103
2259 17 2.3440125
2259 21 3.1382723
2259 76 2.9701433
2261 1 3.2473435
2261 16 3.5109336
2261 22 3.125293
2261 38 3.6467988
2261 53 2.1867208
2264 1 3.582396
2264 8 3.2077265
2264 10 3.6461127
2264 26 3.1832614
2264 52 2.6425657
2266 1 2.980309
2266 13 1.7454774
2266 24 2.2595952
2266 27 2.8254364
2266 71 2.1006029
2277 4 2.7128282
2277 10 2.8319874
2277 13 2.2046661
2277 21 3.0308661
2277 42 2.9048715
2280 1 3.6218653
2280 7 3.1416361
2280 12 3.1912885
2280 16 3.3247755
2280 48 3.4870374
2288 8 2.6561363
2288 20 3.2231338
2288 22 2.4711907
2288 24 1.8536437
2288 50 1.8831811
2290 2 3.2466846
2290 8 2.8310456
2290 9 3.4559293
2290 15 2.3559415
2290 39 2.52654
2293 1 3.1327384
2293 5 2.1978693
2293 9 3.4473858
2293 13 2.4873092
2293 36 2.0417275
2295 5 2.5937834
2295 16 3.290547
2295 19 2.333152
2295 33 2.2465377
2295 41 1.7299488
2302 5 2.4212518
2302 9 3.557305
2302 11 3.0938408
2302 28 3.0568752
2302 45 2.8340364
2316 7 2.8642662
2316 16 3.1644099
2316 18 2.1085608
2316 32 2.8434646
2316 43 2.1319628
2321 1 2.8905997
2321 3 3.2451513
2321 7 2.9413302
2321 10 3.1231444
2321 37 2.3245282
2323 4 3.070268
2323 11 2.9352105
2323 12 3.2059546
2323 19 2.2083242
2323 41 1.8497636
2326 5 2.3841608
2326 11 2.9263458
2326 12 3.0319965
2326 26 2.8276799
2326 93 5.0
2328 3 3.8787556
2328 8 3.1325881
2328 11 3.385516
2328 18 2.0246446
2328 72 2.83213
2329 4 2.9769633
2329 7 2.9216237
2329 8 3.0547047
2329 17 2.2979624
2329 30 2.2920122
2331 3 3.6433272
2331 17 2.1293142
2331 22 2.9219394
2331 24 2.341888
2331 36 2.177104
2333 1 3.0205245
2333 4 3.1327548
2333 9 3.6303802
2333 18 1.9272475
2333 39 2.48141
2341 5 2.2092485
2341 8 2.2915113
2341 12 2.6077237
2341 26 2.0309072
2341 72 2.4473588
2355 2 2.9733632
2355 11 3.180959
2355 14 3.1980605
2355 24 2.5021842
2355 38 3.6194694
2363 2 3.2556908
2363 6 3.1337597
2363 11 3.1458008
2363 19 2.3984704
2363 33 2.4760332
2365 3 3.100543
2365 15 2.5877926
2365 20 3.1804667
2365 27 2.8066084
2365 58 2.6901617
2366 5 2.3205838
2366 7 2.8212101
2366 10 2.899903
2366 15 2.4760394
2366 61 1.9856434
2370 2 2.4281912
2370 6 2.5455182
2370 7 1.9200068
2370 19 1.5255624
2370 40 1.8135917
2371 1 3.1403356
2371 4 3.0531354
2371 5 2.491435
2371 9 3.2489681
2371 25 2.3648093
2376 2 3.1215599
2376 10 3.6323488
2376 11 3.4753134
2376 26 2.9793909
2376 52 2.7928166
2380 2 3.494057
2380 9 3.9188673
2380 15 3.1448019
2380 41 2.5744393
2380 52 2.733634
2385 7 3.2402437
2385 19 2.3065424
2385 28 3.0245428
2385 37 2.9588523
2385 40 2.4201257
2386 2 2.7703838
2386 8 2.697044
2386 11 3.121862
2386 20 3.3458734
2386 29 1.9751801
2397 4 2.9981668
2397 14 3.0949128
2397 15 2.512115
2397 21 3.1480196
2397 38 3.4011028
2400 4 2.8088489
2400 20 3.4193854
2400 24 2.097883
2400 31 2.282642
2400 51 2.5104861
2401 1 2.711023
2401 6 2.3356643
2401 7 2.5783749
2401 10 3.0420914
2401 51 2.1735866
2402 6 3.3988028
2402 9 3.459704
2402 11 2.92705
2402 28 2.869964
2402 41 2.5082533
2404 1 3.099268
2404 4 2.5764596
2404 9 3.3697295
2404 11 2.8113241
2404 18 2.1689847
2405 1 2.9685721
2405 4 2.9452736
2405 10 3.1221871
2405 27 3.046087
2405 32 2.7631624
2426 4 2.719066
2426 14 3.0520463
2426 17 2.2900593
2426 28 2.8385577
2426 53 2.0121145
2429 1 3.2864764
2429 17 2.3641753
2429 28 2.9174352
2429 36 2.1035123
2429 63 2.4925663
2432 5 3.0335069
2432 10 3.575762
2432 12 3.3943887
2432 22 3.0556974
2432 54 3.4911702
2433 8 3.1360934
2433 11 3.568481
2433 12 3.602333
2433 29 2.6783829
2433 57 1.9046953
2434 2 3.027002
2434 8 3.0046165
2434 10 3.6005583
2434 16 3.559235
2434 29 2.3971536
2436 3 3.3634622
2436 14 3.319398
2436 15 3.0906134
2436 22 3.0265374
2436 46 2.8314528
2446 4 2.6519887
2446 20 3.3660903
2446 24 1.9913656
2446 28 2.6476822
2446 40 1.7950981
2451 5 2.6671572
2451 8 2.6136003
2451 9 3.4329631
2451 11 3.145472
2451 65 2.0715444
2459 4 2.7281797
2459 23 3.2681334
2459 28 2.6467152
2459 38 3.3304217
2459 42 3.1248188
2461 1 3.1183035
2461 8 2.7255545
2461 20 3.4776158
2461 23 3.0100496
2461 31 2.1922097
2469 1 3.5966752
2469 6 3.130735
2469 11 3.4214532
2469 20 3.8555274
2469 42 3.4771342
2484 1 3.2914488
2484 6 3.0706341
2484 19 2.0823283
2484 51 2.5363047
2484 77 2.7601202
2494 2 3.000231
2494 20 3.6948102
2494 25 2.0547907
2494 30 2.5093029
2494 51 2.8276088
2498 5 2.6972184
2498 7 2.999599
2498 10 3.3651013
2498 17 2.341047
2498 59 2.1607046
2506 1 3.018358
2506 8 2.8492033
2506 11 3.1167512
2506 22 2.9931588
2506 66 3.152649
2508 6 2.950952
2508 8 2.8319001
2508 10 3.45011
2508 16 3.236207
2508 24 2.2074766
2514 1 3.381023
2514 24 2.0955715
2514 26 2.7402737
2514 39 2.4783704
2514 48 3.4120312
2519 1 3.556025
2519 12 3.520223
2519 15 2.9709291
2519 30 2.5908024
2519 52 2.331323
2521 1 2.750551
2521 6 2.4593537
2521 7 2.2376251
2521 15 2.2177072
2521 25 1.5652319
2528 1 3.5996559
2528 10 3.6633725
2528 12 3.5107613
2528 18 2.381771
2528 63 2.8689134
2538 3 3.1534305
2538 9 3.2761052
2538 11 2.8095422
2538 25 1.9292017
2538 35 2.0442634
2539 1 2.995511
2539 6 2.5819037
2539 16 2.8320897
2539 21 3.0758452
2539 68 2.2516215
2541 4 3.1289907
2541 12 3.1678324
2541 13 2.3562095
2541 26 3.1059105
2541 42 3.4068356
2549 3 3.1638556
2549 7 2.7039852
2549 15 2.077534
2549 26 2.3912308
2549 85 1.0
2551 2 3.1615427
2551 11 3.1115158
2551 12 3.114239
2551 17 1.9876987
2551 49 2.2391336
2559 1 3.6151364
2559 6 2.9413872
2559 8 3.1384952
2559 16 3.5927207
2559 25 2.1418242
2560 2 3.1091032
2560 8 3.0557356
2560 11 3.182065
2560 23 2.9919684
2560 34 2.434729
2564 1 3.0666792
2564 6 2.5763714
2564 7 3.1421244
2564 26 2.3626301
2564 55 2.434021
2574 2 2.9264436
2574 6 2.5916731
2574 7 2.5819206
2574 10 3.0812788
2574 44 3.0596397
2581 2 3.3774316
2581 11 3.3039525
2581 15 2.8334978
2581 20 3.920174
2581 75 2.4625187
2583 5 2.4907796
2583 23 3.396322
2583 30 2.5810518
2583 51 2.8738854
2583 64 2.6548338
2585 7 3.0762389
2585 12 3.4575546
2585 13 2.4612722
2585 21 3.4278538
2585 46 3.0100374
2588 3 3.0767016
2588 15 2.4871101
2588 23 2.942045
2588 33 1.9995806
2588 44 2.6500723
2605 4 2.7872705
2605 17 2.3372247
2605 27 2.95302
2605 34 2.3831084
2605 76 2.2760596
2612 2 3.2281582
2612 5 2.4139936
2612 12 3.4495914
2612 17 2.4410772
2612 30 2.5638947
2615 3 3.501573
2615 8 2.8713202
2615 14 3.4408965
2615 39 2.7502024
2615 65 2.5819893
2621 2 2.9824471
2621 8 2.767451
2621 14 3.392967
2621 23 3.5660305
2621 42 3.4916694
2625 3 3.5289626
2625 8 2.9484677
2625 14 3.1741228
2625 24 2.421115
2625 47 2.724105
2633 3 3.3005748
2633 9 3.6110768
2633 10 3.4148002
2633 18 2.092049
2633 26 2.7623296
2634 8 2.7991328
2634 14 3.3115067
2634 16 3.4880018
2634 26 2.844207
2634 67 2.1747508
2641 1 3.0015311
2641 24 2.1569355
2641 25 1.9397476
2641 28 2.8993127
2641 61 2.3881536
2642 3 3.6432643
2642 16 3.46869
2642 17 2.724746
2642 24 2.4638715
2642 32 3.1941047
2650 6 2.5737457
2650 9 3.596513
2650 11 3.0179968
2650 21 2.8056161
2650 38 3.51607
2653 2 3.2297919
2653 6 2.6580088
2653 11 2.9574401
2653 26 2.8016253
2653 34 2.4886663
2656 2 3.3542166
2656 10 3.4935102
2656 12 3.2233033
2656 25 2.3712237
2656 52 2.421174
2662 4 2.8015883
2662 7 2.913199
2662 10 3.3632364
2662 15 2.5442924
2662 44 3.1087792
2664 2 3.2828875
2664 12 3.4827816
2664 16 3.1215048
2664 30 2.484572
2664 49 2.801196
2670 1 3.2878497
2670 6 2.905407
2670 11 3.2229986
2670 27 3.3540256
2670 54 3.1984212
2671 1 3.5576718
2671 9 4.0571313
2671 31 2.6242135
2671 48 3.842505
2671 56 2.5323527
2674 2 2.7522922
2674 15 2.5036528
2674 18 1.7467419
2674 22 2.8947299
2674 34 2.3470614
2678 4 3.0586386
2678 18 1.7758731
2678 22 2.8916068
2678 27 3.321993
2678 44 3.042533
2687 5 2.1976604
2687 9 3.5315115
2687 24 2.2428167
2687 28 2.7769268
2687 42 3.0537157
2693 3 3.0932508
2693 9 3.28921
2693 15 2.641192
2693 26 2.8531466
2693 37 2.9355993
2694 2 2.5372617
2694 5 2.0068963
2694 10 3.061462
2694 16 2.9220781
2694 75 2.1650655
2700 1 3.1603847
2700 6 2.5612683
2700 7 2.9929435
2700 18 1.7792394
2700 38 3.0198393
2706 1 3.2918286
2706 7 2.5122738
2706 10 3.2734492
2706 28 2.7758737
2706 79 2.3757913
2715 1 3.2524955
2715 8 3.3156195
2715 9 3.556444
2715 24 2.325751
2715 49 2.3112345
2716 1 3.6443646
2716 6 3.0996258
2716 7 2.915475
2716 23 3.5785408
2716 62 3.6748052
2719 1 3.1626885
2719 8 2.7781649
2719 13 2.3213289
2719 23 3.3419988
2719 56 2.3380089
2725 1 3.0663872
2725 6 2.6154554
2725 12 3.1395767
2725 18 2.0906618
2725 55 2.405064
2730 3 3.614134
2730 9 3.9001389
2730 11 3.1907046
2730 33 2.6254387
2730 46 2.7913425
2735 2 2.5390184
2735 8 2.2377033
2735 11 2.5503154
2735 27 2.6482935
2735 36 1.4725928
2737 8 3.170975
2737 14 2.7291617
2737 17 2.0781276
2737 24 2.0014246
2737 28 2.6992373
2738 2 3.139125
2738 11 3.1017396
2738 16 3.2450109
2738 20 3.6690314
2738 72 2.8943198
2743 1 3.2128584
2743 4 2.709482
2743 13 1.7937748
2743 16 3.2989414
2743 65 2.0002282
2744 1 3.2000291
2744 9 3.67751
2744 11 3.2800014
2744 22 2.8607347
2744 39 2.627229
2745 6 2.8531656
2745 17 2.3289037
2745 19 2.7535481
2745 26 2.8990524
2745 62 3.436937
2746 3 3.4967859
2746 9 3.483596
2746 11 2.6982584
2746 23 3.1706443
2746 37 2.6267323
2753 1 3.4581137
2753 4 3.3372488
2753 8 2.8892481
2753 21 3.5858612
2753 59 2.4701102
2756 3 3.5622976
2756 10 3.6512
2756 24 2.65434
2756 26 3.3224485
2756 49 2.684549
2760 1 3.1387115
2760 5 2.3697808
2760 6 2.8994215
2760 26 2.7365139
2760 85 1.0
2765 9 3.9861655
2765 21 3.6358488
2765 22 3.3569527
2765 34 2.8199453
2765 56 2.78747
2766 1 3.1165233
2766 10 3.4282815
2766 18 1.9156641
2766 25 2.1749618
2766 33 2.236566
2768 1 2.8824499
2768 4 2.553392
2768 6 2.811316
2768 14 3.346747
2768 43 2.011991
2770 3 3.7401798
2770 9 3.783165
2770 17 2.5291393
2770 28 3.064761
2770 41 2.2074537
2773 1 3.207748
2773 8 3.1478364
2773 9 3.5347188
2773 29 2.2155442
2773 45 2.5951252
2778 2 3.3625972
2778 16 3.2570698
2778 17 2.4139442
2778 23 3.4807427
2778 40 2.7228463
2783 2 2.7968576
2783 13 2.301427
2783 30 2.2085125
2783 45 2.5514126
2783 69 1.8121383
2787 2 2.7506394
2787 7 2.782827
2787 12 2.9765923
2787 24 2.1708834
2787 55 2.308264
2794 2 3.0002098
2794 11 3.1944947
2794 14 3.424164
2794 18 2.0671916
2794 52 2.2120621
2801 12 3.5182335
2801 16 3.5310009
2801 17 2.4894135
2801 34 2.1466508
2801 70 2.373613
2805 10 3.1064003
2805 15 2.4050417
2805 21 2.8406515
2805 41 1.51276
2805 71 1.8925102
2806 1 2.8112147
2806 4 2.8562644
2806 13 2.0366364
2806 28 2.9571226
2806 75 2.2531326
2808 6 2.5450206
2808 10 2.9273076
2808 17 2.0462415
2808 22 2.6201127
2808 35 2.0980287
2813 1 3.3319838
2813 5 2.6874988
2813 14 3.1461716
2813 16 3.2543807
2813 53 2.088022
2828 8 2.7419682
2828 16 3.237105
2828 22 2.945015
2828 29 2.7417436
2828 81 1.3030218
2830 2 3.04259
2830 14 2.7024446
2830 20 3.0906258
2830 48 3.4534347
2830 62 3.0997086
2832 1 2.7187304
2832 14 2.9196846
2832 18 1.6599474
2832 35 2.2540753
2832 55 2.072353
2834 3 2.8624313
2834 10 2.6994917
2834 12 2.6988173
2834 28 2.5965958
2834 57 1.3748742
2843 2 2.6793919
2843 17 2.093839
2843 20 3.676384
2843 28 2.7160585
2843 46 2.6757026
2845 2 2.904628
2845 4 2.7775114
2845 10 3.2395232
2845 26 2.6685922
2845 39 2.0370152
2849 1 3.0404136
2849 8 2.6052628
2849 13 1.7124507
2849 24 1.6550059
2849 34 1.7739848
2854 2 3.052352
2854 12 2.7388656
2854 13 2.2140176
2854 25 2.0396352
2854 31 1.898371
2857 1 3.4959514
2857 6 3.0869405
2857 9 3.5194848
2857 17 2.4010818
2857 34 2.3206396
2863 2 3.290539
2863 8 2.8442833
2863 9 3.9920342
2863 16 3.5968277
2863 47 2.9415426
2867 1 2.8772209
2867 8 2.6539867
2867 9 2.9193063
2867 20 2.743132
2867 60 1.1739144
2881 2 2.9999998
2881 10 3.3162673
2881 11 3.1500292
2881 18 1.8793064
2881 64 2.2433472
2884 1 3.1942062
2884 17 2.0990639
2884 29 2.0706158
2884 48 3.3865488
2884 83 2.4546914
2900 3 3.5678556
2900 15 2.8443718
2900 29 2.342086
2900 36 2.5279908
2900 59 2.695268
2902 3 3.4391732
2902 9 3.9387841
2902 16 3.6528544
2902 22 3.2785
2902 46 2.7538412
2904 7 3.203392
2904 13 2.3230782
2904 20 3.838515
2904 23 3.1978176
2904 29 1.7823191
2909 5 2.6881545
2909 13 2.407352
2909 17 2.4523168
2909 21 3.1915605
2909 39 2.7324164
2914 1 3.45204
2914 9 3.887806
2914 14 3.2016644
2914 23 3.1391578
2914 48 3.4547694
2942 1 3.2323375
2942 8 2.9822109
2942 18 1.8697654
2942 24 2.120654
2942 49 2.7097197
2947 3 3.5102067
2947 20 3.3879015
2947 21 2.9862635
2947 32 2.6939576
2947 44 3.0444193
2948 4 2.9093258
2948 8 2.9442048
2948 9 3.8027616
2948 13 2.4702802
2948 52 2.3271227
2949 3 3.2200263
2949 7 3.052554
2949 15 2.479607
2949 25 2.0379694
2949 74 2.7716956
2963 2 2.8460479
2963 12 2.9468503
2963 16 2.8862216
2963 24 2.2272525
2963 58 2.531541
2969 6 2.8427112
2969 10 3.4643316
2969 12 3.2168682
2969 22 3.0366302
2969 54 3.3623478
2970 5 2.36009
2970 12 2.6536808
2970 14 2.5222874
2970 27 2.612501
2970 45 2.219697
2984 3 3.6997867
2984 6 2.9300768
2984 12 3.1740315
2984 22 2.8939857
2984 32 3.097669
2987 2 2.9338942
2987 20 3.4568293
2987 22 2.6613321
2987 31 2.242878
2987 63 1.9958386
2995 1 3.1838934
2995 3 3.2737164
2995 10 3.4359078
2995 17 2.1066072
2995 73 2.5028489
3000 1 3.2255392
3000 9 3.2276971
3000 11 2.7545369
3000 24 2.0516026
3000 52 1.8948715
3013 6 2.9448833
3013 10 3.5048728
3013 15 2.975884
3013 21 3.3303285
3013 46 2.7782638
3017 14 2.9647908
3017 26 2.633561
3017 29 2.2177327
3017 39 2.4366794
3017 68 1.8600287
3021 4 3.057102
3021 6 2.9484649
3021 9 3.7569354
3021 23 3.4084291
3021 42 3.3107555
3030 6 2.6278172
3030 10 3.0244818
3030 15 2.457865
3030 24 2.1185644
3030 59 1.7308779
3031 2 3.2206378
3031 8 3.1225677
3031 11 3.3644722
3031 13 2.7045207
3031 42 3.2268538
3033 3 3.3033211
3033 19 2.4603868
3033 21 3.0936267
3033 46 2.6877348
3033 57 2.0199554
3043 6 2.3026848
3043 19 1.3326876
3043 21 2.335843
3043 34 1.4197909
3043 87 1.0
3051 6 2.9608474
3051 16 3.464733
3051 20 3.3405468
3051 42 3.474594
3051 73 2.7872436
3052 1 3.052411
3052 4 2.8305752
3052 32 2.7508519
3052 40 2.3650262
3052 73 2.4452112
3053 2 2.5613818
3053 19 2.0548997
3053 20 2.9313881
3053 24 1.9712385
3053 68 2.1331851
3058 2 3.1263034
3058 6 2.738396
3058 7 3.073817
3058 16 3.339763
3058 65 2.2293756
3059 2 3.1859615
3059 6 3.0374153
3059 8 2.9859188
3059 19 2.2560656
3059 42 3.4625928
3064 1 3.2820182
3064 8 2.952735
3064 9 3.77503
3064 14 3.1767309
3064 39 2.152287
3068 4 2.4960341
3068 13 2.386153
3068 14 3.1296363
3068 20 3.6743581
3068 45 2.5732021
3071 3 3.5028327
3071 7 3.0296488
3071 8 2.592504
3071 19 2.4467044
3071 33 2.6117294
3076 1 2.7892065
3076 6 2.658633
3076 7 2.7432475
3076 20 3.346454
3076 33 2.2157536
3078 2 2.8319004
3078 9 3.2951496
3078 11 2.9035625
3078 39 1.9746398
3078 49 2.2991567
3080 2 2.300065
3080 5 2.2236083
3080 7 2.5061314
3080 10 2.8529763
3080 48 2.8235478
3085 3 2.90996
3085 10 3.017636
3085 12 2.8559651
3085 17 1.8885967
3085 51 2.1656768
3095 2 2.5114543
3095 8 2.6916437
3095 12 2.8945284
3095 22 2.5049744
3095 58 2.4242532
3097 1 3.1252391
3097 6 2.782901
3097 7 2.7874835
3097 21 3.335185
3097 52 2.0261793
3099 2 3.556903
3099 10 3.800027
3099 11 3.561088
3099 19 2.9274855
3099 42 3.6167693
3101 1 3.1370826
3101 4 3.0106232
3101 8 2.6587703
3101 20 3.5953774
3101 27 3.0934198
3105 1 3.3706102
3105 7 2.7323554
3105 11 2.8433967
3105 18 2.0238497
3105 31 2.5995767
3111 1 3.3265188
3111 8 3.1594825
3111 10 3.6254182
3111 24 2.6331275
3111 49 2.6916957
3113 5 1.8674732
3113 9 2.931573
3113 14 1.9477334
3113 23 2.755285
3113 33 1.5838541
3131 8 2.483245
3131 12 3.1195903
3131 16 2.8392751
3131 23 3.1503022
3131 61 1.9913023
3134 2 2.629785
3134 12 2.3531651
3134 13 1.4085343
3134 18 1.5644817
3134 43 1.3689183
3136 2 2.8882897
3136 7 3.055583
3136 9 3.3156555
3136 12 3.0620563
3136 28 2.742999
3137 3 3.0951614
3137 17 1.848408
3137 20 3.3784637
3137 35 2.4553528
3137 61 2.0683534
3143 2 2.6321626
3143 11 2.626992
3143 15 2.0948792
3143 30 2.1799011
3143 68 2.0190837
3147 3 3.6366134
3147 16 3.1663384
3147 21 3.209537
3147 25 2.1723773
3147 40 2.3574364
3148 2 2.9231267
3148 10 3.1126275
3148 15 2.6315067
3148 29 1.7132174
3148 65 2.0434806
3153 2 3.1698475
3153 13 2.7075741
3153 15 2.6214104
3153 31 2.4897716
3153 45 2.8963313
3155 3 3.426492
3155 15 2.261995
3155 16 3.0697694
3155 30 2.3401837
3155 50 1.9120712
3163 2 2.9400954
3163 8 2.602796
3163 13 2.245235
3163 38 3.4447186
3163 57 1.7728584
3168 1 3.1706414
3168 10 3.005258
3168 20 3.399468
3168 24 2.186827
3168 42 2.9967375
3179 1 3.119506
3179 14 3.1890752
3179 15 2.6752064
3179 31 2.2499676
3179 53 2.0771396
3182 4 2.7604218
3182 7 3.3048697
3182 13 2.473961
3182 15 2.8419306
3182 44 2.9809077
3188 2 3.0793798
3188 9 3.3225694
3188 13 2.2493
3188 31 2.4482875
3188 38 3.4553058
3193 2 3.2611592
3193 8 2.7094448
3193 12 3.3182087
3193 29 2.3572688
3193 55 2.3648474
3208 1 3.277062
3208 7 3.1973233
3208 14 3.3050103
3208 27 3.1690607
3208 53 2.327722
3214 12 3.3142662
3214 16 3.311901
3214 17 2.4573872
3214 30 2.380375
3214 55 2.9330277
3216 2 3.1068907
3216 7 2.9817855
3216 8 3.285818
3216 14 2.9858565
3216 27 3.3967268
3219 5 2.7766187
3219 8 2.4351099
3219 11 3.0506692
3219 19 2.514421
3219 40 2.425316
3228 2 2.95183
3228 12 3.068144
3228 15 2.1192288
3228 31 2.2109702
3228 70 2.0035677
3231 3 3.0977275
3231 12 2.8525257
3231 16 2.972137
3231 20 3.347613
3231 68 2.0295024
3233 1 3.0406642
3233 6 2.4709303
3233 12 3.2346447
3233 14 3.130904
3233 20 3.6794446
3238 8 2.6237195
3238 10 2.9786706
3238 12 2.870652
3238 22 2.6863306
3238 33 2.077571
3248 1 2.857128
3248 5 2.1159441
3248 7 2.6866326
3248 18 1.6716113
3248 54 2.7924547
3253 3 3.5887017
3253 9 3.7725272
3253 12 3.1092117
3253 21 3.189281
3253 26 2.8054266
3257 1 3.4658544
3257 5 2.6804864
3257 11 3.077505
3257 28 3.1395416
3257 61 2.502694
3259 3 3.295554
3259 8 2.5891726
3259 13 2.3062093
3259 19 2.2317903
3259 68 2.1483793
3265 3 2.4480898
3265 13 1.610311
3265 14 1.9866326
3265 21 2.3426065
3265 48 2.8236904
3276 1 3.262316
3276 8 3.0223129
3276 9 3.8530831
3276 18 1.8216097
3276 42 3.1869276
3284 1 3.2104053
3284 10 3.4417646
3284 14 3.0929816
3284 19 2.4766386
3284 43 2.293762
3290 10 3.6006618
3290 13 2.4202428
3290 14 2.5958061
3290 20 3.5649838
3290 44 2.79637
3292 4 3.042285
3292 9 3.8933697
3292 12 3.4587953
3292 17 2.1786516
3292 43 2.426445
3297 12 3.0262332
3297 23 2.8079534
3297 24 2.042848
3297 26 2.8250859
3297 38 3.33918
3301 1 3.159782
3301 4 2.9100835
3301 6 2.6072693
3301 13 2.4722798
3301 58 2.7423337
3312 6 2.395709
3312 15 2.0590591
3312 19 1.9596452
3312 24 1.6419911
3312 35 2.0472195
3314 2 3.3532758
3314 8 3.0218017
3314 14 3.1234105
3314 25 2.4458852
3314 49 2.5762515
3321 3 3.7510734
3321 8 2.9724753
3321 11 3.3849192
3321 25 2.2200077
3321 40 2.6171846
3323 1 3.357335
3323 4 3.201193
3323 9 3.5605438
3323 20 3.631848
3323 31 2.2478101
3325 1 3.3408115
3325 16 3.3047984
3325 24 2.454852
3325 43 2.256531
3325 55 2.637034
3328 3 3.710662
3328 8 2.7966278
3328 19 2.3226926
3328 23 3.075031
3328 28 2.9525225
3331 4 2.2668853
3331 8 2.5917256
3331 9 2.6807218
3331 17 1.8025128
3331 33 1.4525566
3334 2 2.5511818
3334 13 1.8019588
3334 17 2.1004457
3334 36 1.8166939
3334 82 1.0
3335 1 3.3265333
3335 7 2.7896445
3335 10 3.0057397
3335 16 3.1124606
3335 30 2.2763224
3341 7 2.6569543
3341 10 2.6739857
3341 12 2.671356
3341 24 1.8890862
3341 46 2.2723613
3342 1 3.6025107
3342 10 3.4576948
3342 11 3.1115363
3342 16 3.5786862
3342 27 3.5450249
3346 5 2.6820989
3346 13 2.1044292
3346 18 1.7700433
3346 38 3.397132
3346 54 3.0216463
3347 4 2.6662388
3347 8 2.9510446
3347 9 3.519595
3347 12 3.276778
3347 59 2.723021
3348 5 2.811462
3348 26 3.0621865
3348 31 2.6862144
3348 39 2.7925286
3348 57 2.0725613
3349 4 3.3674605
3349 18 2.2304547
3349 23 3.5170615
3349 33 2.5395253
3349 83 2.5070264
3350 1 3.0956395
3350 5 2.7178469
3350 10 3.024652
3350 14 2.7300932
3350 23 3.1045094
3360 1 3.352009
3360 24 2.5763936
3360 26 3.0018017
3360 39 2.2929592
3360 51 2.6535041
3365 3 3.4874332
3365 5 2.4977176
3365 7 2.8690944
3365 13 2.2987034
3365 20 3.4544578
3374 3 3.0316374
3374 29 1.7215228
3374 43 1.7654413
3374 47 2.361704
3374 80 2.9124477
3379 4 2.7931435
3379 7 2.9390924
3379 8 2.643054
3379 25 2.3297224
3379 77 2.9020977
3382 4 2.5512602
3382 20 2.971615
3382 21 2.6668231
3382 31 1.8585743
3382 52 1.6188788
3383 2 2.0770955
3383 7 2.0088577
3383 8 1.8818333
3383 10 2.3202195
3383 39 1.5193858
3384 10 2.9435027
3384 13 1.7296665
3384 15 1.9150958
3384 19 1.8057784
3384 58 2.2850099
3385 1 3.1496913
3385 11 2.9923038
3385 16 3.0272627
3385 26 2.8493166
3385 54 2.9928682
3398 1 3.1057796
3398 9 3.680422
3398 13 1.9862094
3398 16 3.4642606
3398 29 1.8844787
3407 1 2.7071297
3407 6 2.122014
3407 8 2.2857454
3407 13 1.7872614
3407 59 2.2812963
3409 1 2.9373884
3409 29 1.5586119
3409 31 1.9958472
3409 37 2.6785963
3409 46 2.6399474
3411 2 2.8265882
3411 13 1.9879907
3411 20 3.347981
3411 25 1.709886
3411 54 3.1137936
3416 2 2.8011012
3416 9 3.4957142
3416 11 3.0401123
3416 19 2.3240232
3416 27 2.7805743
3419 1 3.2244463
3419 7 2.4938748
3419 19 2.1904376
3419 32 2.717544
3419 51 2.2313058
3420 4 3.4667566
3420 17 2.4325635
3420 22 2.9562316
3420 49 2.5760515
3420 72 2.9399698
3422 11 2.8936057
3422 20 3.504111
3422 22 3.0622115
3422 34 2.2130244
3422 68 2.5546927
3423 1 3.3016279
3423 8 2.6010797
3423 15 2.904786
3423 22 2.7109807
3423 37 2.9244509
3426 1 3.151496
3426 10 3.0154083
3426 20 3.4815617
3426 38 3.514453
3426 71 2.4100535
3431 1 3.2467673
3431 3 3.627036
3431 5 3.2209706
3431 9 3.9501982
3431 19 2.4139085
3434 1 3.3146102
3434 4 3.1307619
3434 7 2.61233
3434 20 3.7209916
3434 75 2.7689943
3444 16 3.4551833
3444 21 3.5663562
3444 28 3.5153472
3444 34 2.7522206
3444 57 2.0256305
3450 6 2.5333931
3450 21 2.9032185
3450 26 2.6635292
3450 37 2.4620275
3450 60 1.6152595
3458 1 3.1218095
3458 6 2.7746406
3458 9 3.2282977
3458 14 2.9017406
3458 31 2.2843883
3460 8 2.7264137
3460 14 3.3835492
3460 21 3.2127552
3460 27 3.084298
3460 31 2.1861002
3472 4 2.6458845
3472 6 2.5283766
3472 7 2.2681937
3472 14 2.7743738
3472 60 1.214026
3474 3 3.3508368
3474 17 2.1184058
3474 22 2.7873554
3474 27 3.3262851
3474 64 2.058626
3477 2 3.212888
3477 7 3.2285545
3477 15 2.7824852
3477 23 3.2242818
3477 46 2.9601264
3478 2 3.1699786
3478 10 3.5857577
3478 18 1.9868473
3478 31 2.660657
3478 48 3.6857908
3488 1 2.8007538
3488 5 2.1414375
3488 12 2.6800728
3488 28 2.3095195
3488 62 3.0127842
3510 2 3.1701937
3510 9 3.694834
3510 11 3.4813602
3510 27 3.409875
3510 81 1.0
3512 2 3.2815695
3512 11 3.2103984
3512 12 3.188741
3512 33 2.4953806
3512 49 2.5384164
3521 5 2.7654796
3521 11 2.9906368
3521 15 2.836472
3521 24 2.344137
3521 54 3.386699
3530 2 2.8934288
3530 10 3.1258855
3530 11 2.6707535
3530 28 2.656616
3530 42 2.7079322
3538 1 2.9190602
3538 6 2.7110963
3538 8 2.7574732
3538 22 2.723107
3538 34 2.2470112
3540 5 2.31771
3540 10 2.969549
3540 16 3.0416849
3540 29 2.2291129
3540 50 1.6918685
3546 3 3.4378817
3546 8 2.8740191
3546 9 3.6125517
3546 20 3.6415064
3546 64 2.5513182
3552 10 3.1819994
3552 25 2.2147956
3552 27 3.165878
3552 52 2.1156414
3552 79 2.1006217
3559 3 3.8851833
3559 19 2.574656
3559 24 2.7205558
3559 34 2.6488452
3559 41 2.178924
3564 1 3.019775
3564 11 3.0129805
3564 12 3.0654128
3564 22 2.7685416
3564 92 2.1566858
3566 10 3.7850096
3566 18 2.5034082
3566 20 3.9801452
3566 25 2.7245996
3566 71 3.0304296
3579 5 2.5180962
3579 15 2.5869846
3579 17 1.8735006
3579 28 3.0333557
3579 48 3.100389
3580 7 2.9069107
3580 13 2.1432848
3580 16 3.0427353
3580 23 3.4240236
3580 38 3.3183482
3582 5 2.4688613
3582 8 2.7403052
3582 13 2.2798102
3582 20 3.2785792
3582 48 3.0636425
3595 6 2.572015
3595 15 2.2206416
3595 20 3.345603
3595 34 1.9477491
3595 50 1.9166821
3597 11 3.041744
3597 19 1.9862193
3597 20 3.471325
3597 29 1.9361835
3597 57 1.8642033
3602 2 3.147982
3602 8 2.7809966
3602 9 3.5966673
3602 14 3.3107204
3602 36 2.319434
3604 3 2.9163716
3604 5 2.831793
3604 11 2.88117
3604 25 2.4218626
3604 51 2.447694
3608 2 2.7113876
3608 11 2.9192748
3608 16 2.8696666
3608 25 1.8577424
3608 77 2.5193377
3619 2 3.174821
3619 5 2.638051
3619 14 3.1159382
3619 16 3.431401
3619 42 3.0459266
3626 7 2.6687577
3626 14 3.0036168
3626 20 3.2766476
3626 31 2.0943851
3626 52 2.184257
3629 1 3.4556024
3629 8 2.8677158
3629 11 3.2231288
3629 25 2.272359
3629 49 2.8709269
3630 6 2.8105705
3630 9 3.6175196
3630 10 3.1618578
3630 13 2.2358434
3630 47 2.5698838
3658 2 3.53339
3658 14 2.959657
3658 15 2.9748373
3658 18 2.4446657
3658 45 2.9762244
3664 2 2.843846
3664 25 2.125751
3664 27 3.1106095
3664 39 1.9551778
3664 53 2.0658977
3667 2 3.2344568
3667 6 2.318338
3667 7 3.0893939
3667 23 2.900149
3667 38 3.4931257
3671 2 3.1944308
3671 8 2.7132154
3671 9 3.5511575
3671 20 3.5116956
3671 59 2.5444775
3672 2 3.0329807
3672 7 3.2255845
3672 8 2.786852
3672 14 3.0869694
3672 51 2.6990023
3674 4 2.9269915
3674 8 2.8587523
3674 16 3.1181622
3674 22 2.788834
3674 31 2.3258011
3678 10 2.613757
3678 16 2.9198062
3678 17 1.84296
3678 27 2.9840112
3678 62 2.9309704
3679 1 2.7816973
3679 14 2.826583
3679 16 2.707245
3679 20 3.254092
3679 60 1.4164567
3681 1 3.1451128
3681 3 3.2190788
3681 7 2.6092963
3681 20 3.4564884
3681 46 2.7575839
3701 4 2.448678
3701 7 2.4460707
3701 11 2.5003564
3701 21 2.6608167
3701 75 1.7590836
3702 2 3.0605419
3702 7 2.6236894
3702 8 2.833544
3702 25 2.1983633
3702 46 2.610834
3718 1 2.9466069
3718 3 3.3304784
3718 7 3.05849
3718 11 2.8952794
3718 28 2.9281144
3719 4 2.5218415
3719 10 2.7785254
3719 11 2.4705791
3719 30 1.7955858
3719 50 1.5782967
3723 1 3.183411
3723 13 2.3042328
3723 16 3.0790737
3723 30 2.155098
3723 52 1.8292917
3724 4 2.7297857
3724 7 2.7544312
3724 17 2.067591
3724 32 2.6039195
3724 38 3.165826
3727 1 3.0738842
3727 3 3.0924318
3727 6 2.5419607
3727 16 2.4881194
3727 31 2.231518
3747 3 3.7064764
3747 7 3.095848
3747 8 3.1273398
3747 19 2.5793476
3747 28 3.1526551
3751 3 3.7589211
3751 24 2.5730467
3751 25 2.418076
3751 31 2.5569491
3751 54 3.4990685
3753 1 3.328523
3753 10 3.4697993
3753 11 3.3243105
3753 40 2.7155855
3753 53 2.532201
3754 7 3.1590953
3754 16 3.5100827
3754 18 2.1460207
3754 32 3.1562457
3754 53 2.512967
3755 2 2.96856
3755 6 2.7170982
3755 10 3.431592
3755 17 2.3729334
3755 62 3.412727
3757 1 3.0245438
3757 9 3.4751887
3757 12 2.879414
3757 28 2.7010376
3757 62 3.1851068
3762 1 3.1792412
3762 8 2.623298
3762 14 2.9143012
3762 22 2.5810022
3762 60 1.6759763
3766 2 2.7736173
3766 6 2.8242755
3766 8 2.867815
3766 50 2.3229904
3766 76 2.290349
3771 2 2.9373775
3771 4 3.0490353
3771 12 3.1485248
3771 31 2.3223095
3771 48 3.1584923
3775 1 3.090784
3775 11 3.1592653
3775 14 3.3292208
3775 20 3.5431259
3775 26 3.0614269
3776 1 3.6208708
3776 6 2.9654734
3776 7 3.1496062
3776 15 2.7405128
3776 29 1.9092131
3787 1 2.8875723
3787 11 2.895316
3787 12 2.657778
3787 21 2.7172823
3787 57 1.637431
3797 1 3.3795147
3797 7 3.3030503
3797 9 3.8880632
3797 13 2.6373327
3797 58 3.0662217
3802 2 2.905979
3802 7 3.1687932
3802 9 3.6273592
3802 26 2.8963113
3802 36 2.1742816
3812 2 3.5731301
3812 11 3.3360755
3812 14 3.4069314
3812 18 2.0893033
3812 44 3.3161466
3813 6 2.7175355
3813 12 2.94722
3813 23 3.2205815
3813 28 2.7923763
3813 42 3.190666
3817 2 3.471158
3817 9 3.7854621
3817 13 2.9396572
3817 20 3.871398
3817 35 3.3546596
3820 3 3.7499413
3820 7 3.5766675
3820 10 3.4599578
3820 14 3.4771538
3820 65 2.4172394
3822 6 2.9408402
3822 8 2.9417694
3822 13 2.4278193
3822 22 3.2460823
3822 52 2.5579486
3823 2 3.0517755
3823 6 2.8873966
3823 7 3.0878499
3823 26 2.7549694
3823 59 2.3077312
3829 3 3.6774042
3829 8 2.695291
3829 11 3.2440753
3829 18 2.49417
3829 50 2.187655
3832 9 3.4645762
3832 12 3.1765075
3832 13 2.0235598
3832 22 2.8357258
3832 39 2.5537608
3835 1 3.0802271
3835 3 3.2778246
3835 5 2.4150722
3835 13 2.2074246
3835 40 2.2813363
3837 1 3.1763878
3837 11 2.5691316
3837 22 2.8764231
3837 41 2.1341746
3837 62 3.3510947
3843 3 3.0862248
3843 15 2.3551097
3843 19 2.4007154
3843 32 2.7555296
3843 48 3.1345673
3851 5 2.2322176
3851 19 1.9317949
3851 22 2.6188939
3851 26 2.501731
3851 52 2.0146492
3858 3 3.0277367
3858 20 2.8870873
3858 22 2.3312345
3858 34 1.7155887
3858 55 2.2542858
3861 3 3.4008136
3861 12 3.3118432
3861 14 3.3058846
3861 24 2.4573305
3861 43 2.2088215
3864 2 2.8192005
3864 9 3.3308136
3864 12 2.736312
3864 44 2.7188876
3864 60 1.6764885
3865 9 3.3159177
3865 23 3.0878668
3865 26 2.6268854
3865 34 2.094378
3865 62 3.1567137
3872 2 3.6793225
3872 11 3.1321027
3872 12 3.4065847
3872 23 3.2194107
3872 50 1.8897538
3878 2 3.1669626
3878 14 2.952644
3878 21 3.0361333
3878 27 3.3547254
3878 45 2.7016945
3898 4 3.28095
3898 12 3.5105531
3898 13 2.493755
3898 24 2.7284045
3898 58 3.2362292
3905 3 3.292342
3905 17 2.0406866
3905 19 2.5856307
3905 25 1.8707796
3905 59 2.3659356
3916 1 2.928586
3916 11 2.4327316
3916 12 2.8866527
3916 29 1.3221636
3916 81 1.3528273
3918 4 3.3991282
3918 19 2.9622672
3918 26 2.9147942
3918 30 2.7024155
3918 54 3.1141405
3920 1 3.1269143
3920 6 2.6943688
3920 9 3.4669816
3920 20 3.5524535
3920 30 2.3187356
3921 1 2.5406163
3921 7 2.5021129
3921 8 2.273286
3921 25 1.426273
3921 64 1.660062
3925 6 2.5062227
3925 17 2.0376775
3925 18 1.7542782
3925 28 2.6711016
3925 75 2.1949518
3926 7 2.91789
3926 9 3.3826091
3926 11 2.991439
3926 13 1.8062246
3926 53 2.0057778
3927 5 2.4767673
3927 7 3.223465
3927 10 3.0591004
3927 12 3.2598877
3927 58 2.8155205
3930 2 3.2026632
3930 5 2.8038003
3930 8 2.9475012
3930 16 3.188102
3930 38 3.2807932
3941 1 3.3194938
3941 4 3.011731
3941 5 2.990231
3941 17 2.5000377
3941 40 2.6995842
3947 2 2.9864023
3947 13 2.5730572
3947 19 2.8426201
3947 25 2.5104213
3947 65 2.4627154
3950 5 2.377684
3950 14 3.3443606
3950 15 3.0527515
3950 29 2.3313513
3950 73 3.1213949
3951 5 2.684828
3951 12 3.45481
3951 13 2.799609
3951 31 2.6232
3951 53 2.1961415
3958 2 2.6879864
3958 5 2.4569392
3958 6 2.3322473
3958 11 2.8356602
3958 64 2.2849464
3959 4 2.7736118
3959 10 3.043369
3959 12 2.6487527
3959 26 2.4806755
3959 44 2.6536832
3970 3 3.2935636
3970 8 2.5422828
3970 19 2.153394
3970 30 2.1373093
3970 42 3.066773
3979 1 3.405814
3979 15 2.6952631
3979 18 2.2050774
3979 33 2.457763
3979 42 3.3255851
3981 1 2.8979008
3981 5 2.429887
3981 11 2.7764306
3981 23 2.9679735
3981 39 2.0790148
3982 4 2.350142
3982 17 1.8863055
3982 21 3.0663302
3982 35 2.838686
3982 63 2.3996763
3985 1 3.437493
3985 15 2.3613505
3985 16 3.1340473
3985 18 1.517003
3985 49 2.1760263
3989 3 3.6994293
3989 10 3.5381386
3989 14 3.0611115
3989 17 2.4715667
3989 33 2.5433486
3992 4 2.724316
3992 12 3.3937776
3992 21 3.101521
3992 23 3.2563212
3992 44 2.811709
3999 2 2.1908536
3999 5 1.7533426
3999 16 2.6604722
3999 19 1.716156
3999 72 2.2226286
4024 4 3.0363822
4024 6 2.8615632
4024 7 2.4990048
4024 15 2.7673342
4024 61 2.302297
4032 4 3.1994758
4032 12 3.0836086
4032 13 2.1369727
4032 30 2.407248
4032 66 2.6097422
4034 3 3.299519
4034 13 2.2246668
4034 15 2.626388
4034 33 2.4397917
4034 50 2.1215389
4042 1 2.8427148
4042 4 2.369383
4042 10 3.0492613
4042 21 2.905359
4042 59 1.9747267
4046 7 2.9273798
4046 11 3.222903
4046 14 2.8535948
4046 18 2.1147842
4046 44 3.1037247
4048 2 3.332481
4048 10 3.575605
4048 12 3.4229937
4048 17 2.5774026
4048 43 2.4276075
4059 2 2.7078853
4059 5 2.2321339
4059 7 2.6396475
4059 9 3.1326957
4059 46 2.409843
4061 2 2.611695
4061 5 2.6798532
4061 7 3.0854979
4061 26 2.7438965
4061 59 2.0368264
4062 2 2.9244227
4062 10 3.3271194
4062 15 2.3383427
4062 21 2.9567676
4062 38 3.3619192
4068 1 3.0186207
4068 7 2.5053315
4068 10 2.971829
4068 16 2.8298223
4068 59 2.0854323
4077 4 2.6161354
4077 14 2.5999448
4077 18 1.7579689
4077 29 2.0302315
4077 64 2.081239
4080 4 2.6595156
4080 9 3.5197163
4080 10 3.370132
4080 14 2.685914
4080 54 3.27526
4096 1 3.3977346
4096 6 2.756075
4096 13 2.1035075
4096 42 3.008643
4096 47 2.4057806
4099 5 2.867096
4099 9 3.778237
4099 12 3.4583979
4099 26 2.7446744
4099 50 2.2358737
4100 5 1.7069266
4100 22 2.5044973
4100 23 2.7697618
4100 26 2.2684197
4100 38 2.945234
4103 4 3.0965307
4103 12 3.1844943
4103 21 3.038592
4103 35 2.5880933
4103 52 2.2858493
4107 3 3.0983377
4107 6 2.3352776
4107 15 2.8421683
4107 20 3.4130764
4107 47 2.4777675
4109 1 3.3128164
4109 6 2.7972217
4109 9 3.4659553
4109 23 3.3066921
4109 47 2.6953316
4116 1 3.1188211
4116 6 2.7347722
4116 8 3.1668155
4116 12 3.2069786
4116 23 3.1491776
4118 1 3.4756348
4118 12 3.189733
4118 18 1.8805509
4118 23 2.8288274
4118 57 1.8697171
4125 8 2.4080822
4125 13 2.0477645
4125 19 2.1603255
4125 24 1.8602437
4125 50 1.5862018
4133 1 3.2846076
4133 5 2.5078363
4133 20 3.832809
4133 22 2.9812548
4133 50 2.3253942
4136 3 3.19428
4136 7 2.5754716
4136 10 2.9179344
4136 22 2.632102
4136 36 1.9568504
4137 7 2.869824
4137 16 3.348501
4137 17 2.3503826
4137 24 2.512462
4137 81 2.3865538
4140 2 3.0878398
4140 5 2.8381653
4140 10 3.4903173
4140 18 1.8491205
4140 51 2.6034458
4146 4 2.6537104
4146 9 3.5742946
4146 12 3.2253165
4146 16 3.2611127
4146 41 1.8732623
4147 2 2.9675918
4147 4 2.9416764
4147 6 2.5702147
4147 11 3.0561762
4147 58 2.9058766
4150 3 3.2682116
4150 11 2.6779702
4150 12 2.7391322
4150 22 2.6404977
4150 46 2.5367215
4157 2 2.6602938
4157 11 2.5546424
4157 20 3.0163949
4157 27 3.0672283
4157 32 2.4332435
4161 1 3.1213846
4161 3 2.8780928
4161 10 3.0206406
4161 13 1.8625189
4161 56 1.7479268
4180 2 3.033602
4180 6 2.3385773
4180 9 3.4903672
4180 13 2.3361948
4180 32 2.5641344
4183 1 3.2574785
4183 4 3.1890235
4183 7 3.1926684
4183 11 2.978921
4183 40 2.5567007
4187 4 2.767295
4187 10 3.393123
4187 15 2.6587481
4187 23 3.0703354
4187 39 2.4059246
4194 4 2.7049732
4194 8 3.019516
4194 11 2.9501493
4194 15 2.7197828
4194 33 2.509964
4197 11 2.5259244
4197 16 2.935405
4197 20 3.0197573
4197 27 2.7195246
4197 35 2.0414672
4203 9 3.7145584
4203 11 3.325538
4203 15 2.9548569
4203 32 2.9339426
4203 38 3.6120763
4217 7 3.092325
4217 17 2.6059768
4217 18 2.2621717
4217 21 3.0004752
4217 34 2.2255456
4218 1 3.1455894
4218 15 2.7373126
4218 21 3.1547222
4218 27 3.1612635
4218 42 2.7387626
4226 3 2.7575932
4226 14 2.6645896
4226 24 1.850207
4226 38 2.915733
4226 73 2.0948822
4233 2 2.7329893
4233 5 2.1809757
4233 10 2.7334912
4233 15 2.2047756
4233 42 2.7098732
4238 1 2.9376786
4238 4 2.6371462
4238 13 2.2988608
4238 21 3.0819986
4238 51 2.2939754
4252 2 2.9690921
4252 6 2.868072
4252 8 2.8040216
4252 16 3.1390867
4252 35 2.7517443
4262 6 2.5851557
4262 11 2.9503067
4262 14 2.7624094
4262 28 2.802914
4262 67 2.2168436
4269 1 3.3178375
4269 8 2.709571
4269 12 3.2874534
4269 21 2.9353008
4269 31 2.2860765
4272 4 2.9716785
4272 8 2.883039
4272 14 3.3099353
4272 22 3.0798192
4272 29 2.0923572
4285 1 3.4677613
4285 4 3.1558657
4285 13 2.79045
4285 20 3.774969
4285 41 2.3681805
4291 1 3.007794
4291 6 2.544948
4291 7 2.705066
4291 17 1.9986827
4291 31 1.955586
4309 7 2.832591
4309 17 2.1432235
4309 30 2.6665788
4309 46 2.408737
4309 71 2.7219415
4312 1 3.0037427
4312 11 2.968409
4312 12 2.8655422
4312 18 1.9575673
4312 42 2.8977065
4313 6 2.6756077
4313 22 2.9557776
4313 24 2.4673655
4313 29 2.145138
4313 60 1.9579322
4319 5 3.00544
4319 10 3.540152
4319 12 3.5144944
4319 23 3.4555454
4319 29 2.669832
4331 5 2.2159412
4331 11 2.9016619
4331 29 1.8318651
4331 41 2.271441
4331 64 1.9726
4338 9 3.5308778
4338 12 3.068005
4338 18 1.697124
4338 20 3.4066916
4338 45 2.8655605
4341 2 3.4399495
4341 7 3.2325313
4341 9 3.8970597
4341 13 2.5192187
4341 70 2.4578326
4343 2 2.5735407
4343 6 2.4054613
4343 7 2.3370073
4343 14 2.3752081
4343 38 3.1041632
4347 2 2.957318
4347 4 3.071395
4347 9 3.6100154
4347 18 2.0351646
4347 38 3.4998548
4355 4 2.9959435
4355 7 3.2872634
4355 8 2.7540843
4355 22 3.0542896
4355 58 2.9853394
4360 5 2.7411425
4360 13 2.876886
4360 22 3.0629263
4360 26 3.1006832
4360 30 2.2907267
4376 1 3.3749547
4376 8 2.9505837
4376 9 3.6465333
4376 22 3.1445878
4376 35 2.7050772
4380 3 3.4780095
4380 5 2.320901
4380 6 2.576302
4380 9 3.5556266
4380 46 2.6772175
4383 5 2.008062
4383 11 2.997222
4383 12 3.128356
4383 34 2.2309978
4383 47 2.3919923
4392 1 3.4541273
4392 6 2.7039523
4392 16 3.3242624
4392 28 3.1263802
4392 70 2.0055509
4408 2 2.4999585
4408 13 2.2543857
4408 14 2.6698015
4408 16 2.947218
4408 48 3.0135677
4415 1 3.6784394
4415 3 3.5792615
4415 7 3.0991778
4415 19 2.2917578
4415 45 3.1067777
4422 2 2.5277216
4422 6 2.2532814
4422 12 2.597587
4422 15 1.7290051
4422 28 2.335812
4425 4 2.9049988
4425 10 3.2057517
4425 11 2.7191365
4425 21 2.9739366
4425 38 3.4759398
4428 1 3.1732411
4428 9 3.4455547
4428 15 2.432538
4428 21 2.7597039
4428 46 2.6974497
4434 1 3.614561
4434 4 3.3422704
4434 6 3.1486208
4434 19 2.8057365
4434 96 3.0340564
4436 6 2.5001159
4436 8 2.651771
4436 9 3.51193
4436 17 1.9130365
4436 26 2.5319872
4440 1 3.398747
4440 5 2.6504169
4440 8 2.7211225
4440 29 2.165026
4440 41 2.0625048
4441 4 3.225184
4441 12 3.2039316
4441 15 2.44001
4441 25 2.2347734
4441 29 1.842249
4443 4 3.2353942
4443 9 3.2669415
4443 10 3.1375937
4443 44 2.756175
4443 79 2.085698
4454 1 3.2427514
4454 6 2.57345
4454 9 3.6766825
4454 13 2.609661
4454 35 2.5575774
4458 2 3.3361194
4458 4 3.002346
4458 5 2.8872051
4458 15 3.076895
4458 24 2.3854194
4465 1 3.5083785
4465 5 2.3406744
4465 6 3.2569451
4465 8 2.975443
4465 33 2.3732803
4469 2 2.7735696
4469 10 2.9783773
4469 11 2.8420043
4469 28 2.443887
4469 46 2.7549067
4474 3 3.550467
4474 5 2.829668
4474 10 3.3001723
4474 20 3.6717987
4474 46 2.9505394
4480 1 3.3743083
4480 7 3.0926907
4480 9 3.7480032
4480 16 3.3540783
4480 62 3.4899464
4481 3 3.1366313
4481 12 2.8561885
4481 16 2.8911636
4481 25 1.4407237
4481 41 1.4986295
4482 1 3.0934608
4482 7 3.1951938
4482 15 2.7150924
4482 18 1.6335682
4482 53 1.9725208
4493 2 3.0882983
4493 4 3.1788902
4493 9 3.7641985
4493 12 3.4203355
4493 42 3.4786131
4499 1 3.20499
4499 10 3.245138
4499 16 2.9480145
4499 26 2.6773958
4499 54 3.0119162
4518 5 2.1138477
4518 14 2.8145974
4518 15 2.3949952
4518 19 2.6037202
4518 27 3.0624933
4519 4 2.9415393
4519 16 3.107771
4519 20 3.3051937
4519 27 3.2101212
4519 80 2.7982097
4520 5 2.227697
4520 10 3.1569905
4520 12 3.2486105
4520 31 2.4670212
4520 62 3.3152452
4523 3 3.5319736
4523 9 3.757744
4523 11 3.1106784
4523 17 2.1716597
4523 23 3.226005
4524 5 2.6055052
4524 10 3.4223146
4524 12 3.843959
4524 19 2.7442923
4524 42 3.3657153
4528 3 3.4363015
4528 12 3.3083892
4528 14 2.9600635
4528 18 2.2113857
4528 55 2.2391658
4529 1 3.411192
4529 8 3.3749378
4529 12 3.5424905
4529 20 3.8654819
4529 31 2.5519922
4537 1 2.9552736
4537 8 2.9054177
4537 10 3.1316073
4537 28 2.9384768
4537 60 2.0352519
4539 6 2.3264077
4539 13 2.3984537
4539 22 2.5617578
4539 31 2.018653
4539 60 1.4280224
4549 1 3.2675824
4549 9 3.6778462
4549 10 3.2606304
4549 13 2.653264
4549 30 2.490526
4553 1 3.2744517
4553 11 3.3756754
4553 13 2.7452912
4553 21 3.2963176
4553 45 2.9056697
4559 2 2.974018
4559 17 2.1085248
4559 18 1.7659193
4559 39 2.1886868
4559 62 3.2276762
4572 2 2.313665
4572 8 2.27826
4572 10 2.9159775
4572 14 2.5489368
4572 48 2.843208
4575 13 2.450639
4575 15 2.9930584
4575 16 3.5397346
4575 20 3.88134
4575 52 2.3659267
4588 10 3.2952774
4588 18 2.134374
4588 19 2.8006086
4588 27 3.2234535
4588 37 2.792705
4591 1 3.3373144
4591 7 3.2903159
4591 13 3.0490515
4591 18 2.4037669
4591 37 3.2670205
4592 1 3.0485938
4592 7 2.9395058
4592 12 3.0579169
4592 21 2.940513
4592 46 2.7679331
4593 4 2.437856
4593 11 2.423569
4593 18 1.3447939
4593 21 2.4721024
4593 40 1.5339805
4597 2 2.74036
4597 5 2.8100026
4597 8 2.5868082
4597 22 2.46843
4597 28 2.7694898
4601 2 2.992578
4601 8 2.9577792
4601 15 2.9879637
4601 29 2.2292657
4601 52 2.3072093
4606 1 3.4605622
4606 6 3.3817225
4606 10 3.5620787
4606 24 2.4973214
4606 33 2.6046693
4610 7 2.57228
4610 10 3.133581
4610 12 2.7559714
4610 15 1.91527
4610 79 1.3831546
4612 2 3.2257524
4612 7 3.0098128
4612 8 3.1254165
4612 16 3.563161
4612 35 2.8043995
4616 3 3.2976866
4616 12 3.0916903
4616 14 2.9259338
4616 22 2.5696192
4616 65 1.8473794
4625 1 2.944329
4625 14 2.723142
4625 18 1.3432397
4625 30 1.8095016
4625 46 2.2466958
4634 1 3.366635
4634 12 3.6630502
4634 13 3.0957012
4634 23 3.429685
4634 36 2.611267
4636 1 3.4902372
4636 8 3.0082338
4636 18 2.0066414
4636 22 2.953561
4636 39 2.8019273
4642 4 2.0746548
4642 7 2.0993004
4642 15 1.8182831
4642 43 1.262665
4642 60 1.0484498
4646 3 3.557105
4646 10 3.352888
4646 13 2.259863
4646 17 2.305935
4646 42 3.2405913
4655 13 2.3156133
4655 15 2.7154388
4655 16 3.2941284
4655 26 2.787674
4655 63 2.5607862
4659 8 2.926632
4659 13 2.8011167
4659 16 3.4980588
4659 20 3.759599
4659 36 2.3877347
4664 1 3.0201852
4664 4 2.7823076
4664 5 2.3313901
4664 10 3.2196913
4664 21 3.0936708
4665 1 3.3935149
4665 8 2.7619977
4665 11 3.383744
4665 28 3.0819087
4665 58 3.168786
4675 2 3.3797796
4675 9 3.9544706
4675 15 2.6338518
4675 20 3.8580859
4675 55 2.5695708
4682 1 3.2357707
4682 9 3.5639577
4682 16 3.1411023
4682 21 3.134184
4682 38 3.4043233
4683 6 2.7000976
4683 10 3.1779807
4683 11 2.9179368
4683 21 3.0644004
4683 95 1.0
4684 1 3.4986193
4684 4 3.320778
4684 10 3.3707721
4684 23 3.4176257
4684 58 2.979415
4691 4 3.0397756
4691 15 2.5477278
4691 16 3.2328029
4691 32 2.93802
4691 50 1.7646483
4696 8 2.5752645
4696 16 2.8547504
4696 20 3.4145544
4696 28 2.6252813
4696 52 2.1045744
4697 4 2.8670018
4697 7 3.1978555
4697 9 3.6237252
4697 16 3.1255827
4697 47 2.617531
4712 2 2.7904677
4712 8 2.6381812
4712 11 3.0306573
4712 14 3.1371336
4712 43 1.6903884
4717 3 3.2514381
4717 8 2.1661353
4717 9 3.3186836
4717 26 2.6110475
4717 73 2.0752773
4718 1 3.1241972
4718 3 3.3691359
4718 5 2.1612203
4718 21 3.0035949
4718 78 1.8017757
4720 1 3.369854
4720 7 3.089491
4720 22 2.9920242
4720 31 2.7694085
4720 41 2.4661348
4729 1 3.5146399
4729 5 2.859481
4729 8 3.1399703
4729 15 2.9859774
4729 45 3.007777
4735 5 2.871
4735 15 3.154024
4735 18 2.1878138
4735 30 2.5826511
4735 56 2.421621
4738 7 2.7661772
4738 14 3.017615
4738 19 2.4786828
4738 24 2.4052277
4738 42 2.8782527
4741 6 2.5448782
4741 14 2.9262621
4741 16 2.9999175
4741 20 3.4803581
4741 37 2.6488817
4746 5 2.163611
4746 14 2.8179755
4746 21 2.6829414
4746 35 2.2491908
4746 57 1.531299
4760 3 3.500275
4760 15 2.6136374
4760 22 2.9852612
4760 35 2.8815355
4760 54 3.4446676
4761 2 3.285008
4761 18 2.0713878
4761 24 2.1653326
4761 32 2.889322
4761 45 2.7075603
4763 1 3.1369016
4763 4 3.1145034
4763 8 3.1054704
4763 13 2.4661021
4763 25 2.447209
4773 4 2.424285
4773 8 2.369983
4773 11 3.0161717
4773 21 3.0524511
4773 40 2.4716678
4774 4 2.6463985
4774 10 2.7787268
4774 11 2.5616727
4774 23 2.811256
4774 76 2.264564
4775 10 3.4155178
4775 22 3.326012
4775 25 2.829176
4775 32 3.3967369
4775 70 2.1315038
4786 2 2.9899657
4786 7 3.0909545
4786 15 2.980361
4786 21 3.1452947
4786 56 2.148649
4790 1 2.3072205
4790 10 2.370937
4790 20 2.5660727
4790 27 2.2371333
4790 61 1.3183606
4792 4 2.8082864
4792 6 2.300546
4792 12 2.988618
4792 24 2.1315374
4792 77 2.8589268
4795 4 2.8289568
4795 11 2.8079183
4795 12 3.219247
4795 17 1.9343108
4795 29 1.9334514
4800 2 3.0913796
4800 4 3.352685
4800 5 2.909621
4800 17 2.4308965
4800 37 2.8209572
4806 1 2.902985
4806 8 2.480304
4806 16 2.3849971
4806 30 1.9820453
4806 42 2.4428692
4808 1 3.2312005
4808 6 2.8421144
4808 18 2.126358
4808 25 1.8935196
4808 81 1.9239606
4809 1 2.7413611
4809 8 2.5714524
4809 16 2.9674788
4809 24 2.3165505
4809 47 2.2610765
4817 4 2.4980814
4817 6 2.392982
4817 8 2.878125
4817 13 1.9589764
4817 45 2.3619173
4819 2 3.3130379
4819 6 2.5625396
4819 7 2.9431608
4819 16 3.3243043
4819 65 2.2211807
4832 4 2.5912406
4832 8 2.4296105
4832 9 3.6081667
4832 22 2.8878388
4832 34 2.2591143
4833 1 3.0772786
4833 15 2.891543
4833 18 1.8240457
4833 29 1.7931887
4833 41 1.9691297
4835 13 2.616889
4835 26 2.8007922
4835 30 2.549653
4835 38 3.5235336
4835 46 2.6797626
4837 1 3.076182
4837 5 2.6160305
4837 6 2.6342793
4837 21 3.018649
4837 48 3.0630002
4841 6 2.9083064
4841 16 3.33865
4841 17 2.632665
4841 29 2.2166595
4841 43 2.161694
4844 11 2.730505
4844 16 2.9272504
4844 18 1.4807215
4844 39 2.0188463
4844 69 2.082076
4854 1 3.3010497
4854 7 2.8416185
4854 9 3.100597
4854 22 2.5150485
4854 46 2.587819
4856 4 2.7863092
4856 9 3.5268295
4856 10 3.1275246
4856 24 2.456285
4856 58 2.7650597
4873 5 2.7695632
4873 9 3.6212168
4873 13 2.6691465
4873 25 2.487317
4873 35 2.7362316
4882 2 2.907465
4882 22 2.8846836
4882 24 2.1795473
4882 28 3.1232064
4882 90 1.9309456
4883 4 2.9889722
4883 8 3.1465092
4883 9 3.761599
4883 27 3.2968497
4883 76 2.858354
4889 3 3.1304626
4889 6 2.4986882
4889 7 2.3472788
4889 11 2.5940738
4889 70 1.5319371
4896 2 2.6735115
4896 19 2.140908
4896 24 2.209556
4896 31 2.0283854
4896 71 1.9441721
4900 3 3.6514294
4900 12 3.4185362
4900 17 2.5729454
4900 32 3.109274
4900 47 2.896172
4902 3 2.861093
4902 6 2.090391
4902 7 2.0380647
4902 11 2.3023784
4902 40 1.7005079
4904 8 2.7944245
4904 12 3.2467468
4904 13 2.4173863
4904 20 3.8025057
4904 63 2.608789
4911 2 2.8868093
4911 4 2.5963469
4911 8 2.3596904
4911 10 3.2103515
4911 47 2.2472072
4912 9 3.7884042
4912 13 2.4885976
4912 14 3.056943
4912 17 2.7335417
4912 61 2.4642744
4915 1 3.3184617
4915 16 3.1053548
4915 23 3.3259244
4915 26 2.6253598
4915 30 2.263598
4920 2 2.4340925
4920 5 1.9153591
4920 12 2.7207725
4920 22 2.10275
4920 50 1.5164039
4924 1 3.1960626
4924 11 3.2575681
4924 16 3.0611277
4924 36 2.2786727
4924 87 1.0433522
4929 3 3.1913774
4929 6 2.6153212
4929 9 3.287615
4929 14 2.6620321
4929 61 1.934661
4937 7 2.4316275
4937 11 2.563233
4937 12 2.7719712
4937 22 2.3455024
4937 30 2.0333693
4939 3 3.151958
4939 8 2.280268
4939 10 3.4618225
4939 26 2.4188163
4939 45 2.7523015
4940 2 3.1761825
4940 9 3.3497248
4940 13 2.4856818
4940 19 2.1025765
4940 42 3.2703164
4942 1 3.1487122
4942 12 2.7921445
4942 19 2.3301504
4942 28 2.7508254
4942 51 2.3904555
4949 3 3.4810164
4949 16 3.1791546
4949 17 2.0099065
4949 21 2.921463
4949 55 2.5712087
4950 4 3.030488
4950 16 3.3836434
4950 21 3.2280629
4950 30 2.3443475
4950 74 3.232328
4958 1 3.2577565
4958 13 2.3814015
4958 18 2.279325
4958 22 3.2522945
4958 43 2.3173485
4963 2 3.154674
4963 4 3.2485728
4963 9 3.710504
4963 35 2.3833456
4963 44 3.1812844
4977 1 3.3340588
4977 10 3.2727447
4977 11 2.7827263
4977 14 3.0099063
4977 26 2.6197872
4980 5 2.3793142
4980 17 2.0371735
4980 19 1.4523652
4980 26 2.6112213
4980 42 2.7373917
4981 2 2.6669738
4981 10 2.741346
4981 22 2.1465218
4981 25 1.6011825
4981 74 2.3310277
4982 6 2.577659
4982 15 2.5110388
4982 16 2.990389
4982 30 2.2640686
4982 77 2.6067023
4993 4 3.2998729
4993 11 3.350731
4993 13 2.3945248
4993 41 2.1690326
4993 67 2.521079
5000 3 3.3773713
5000 5 2.044548
5000 9 3.5609698
5000 20 3.3115861
5000 43 2.282063
