6 1 1.0671613
6 7 3.1846175
6 12 1.4788415
6 35 1.0
6 47 1.384243
12 8 3.9187515
12 14 4.3473907
12 16 4.302097
12 20 4.7484407
12 43 3.1150181
14 5 1.0
14 10 1.4794117
14 15 1.0
14 25 1.0
14 52 1.0
15 7 3.51113
15 10 3.8331988
15 16 3.6399398
15 36 2.7658653
15 61 3.3972569
19 8 1.5194365
19 23 3.238936
19 25 2.505591
19 35 2.6716762
19 62 3.2496965
20 1 3.5955176
20 13 2.5453556
20 14 3.2780094
20 25 1.8981193
20 56 2.260976
27 1 4.9911814
27 6 1.0
27 7 1.4271281
27 19 1.2181063
27 73 5.0
29 4 1.7275435
29 16 1.3185633
29 28 1.8124949
29 37 1.5705492
29 51 1.673348
32 2 3.834414
32 5 2.2913413
32 12 2.6151075
32 23 1.0
32 49 1.0
38 7 2.5518944
38 11 2.5368018
38 12 2.6905546
38 20 2.563189
38 53 1.7016143
45 1 3.2476459
45 5 4.3346176
45 7 4.132834
45 15 4.625023
45 43 2.8694975
49 1 4.178997
49 8 2.7234776
49 11 3.3045034
49 18 1.9521396
49 46 3.5013645
50 11 3.0128753
50 20 1.6361648
50 29 2.23475
50 35 2.5681407
50 50 2.1034336
52 1 4.775195
52 10 1.1234857
52 11 1.0
52 19 1.3536661
52 31 1.6333498
53 1 4.0692196
53 19 1.8648204
53 20 2.8910172
53 25 1.8714557
53 42 2.5703812
54 6 2.480327
54 9 1.5200579
54 16 3.3043146
54 29 1.2531023
54 86 1.0
73 3 2.4828656
73 17 1.7943326
73 19 1.4953481
73 28 2.099755
73 53 1.5801293
74 2 1.0
74 9 1.0
74 10 1.7257717
74 23 1.923859
74 80 1.309395
75 1 3.6353202
75 8 2.7073388
75 9 2.8836482
75 14 2.469426
75 42 2.9943092
76 2 3.7121832
76 6 2.6365592
76 10 3.3704803
76 14 3.4977558
76 54 3.58274
77 2 3.115491
77 10 3.2311838
77 11 2.840451
77 16 3.5556893
77 27 2.3389375
79 1 3.7592454
79 10 3.4478307
79 12 3.5550165
79 23 3.4751213
79 36 1.7268008
80 6 2.3140316
80 17 2.0086784
80 22 2.6243446
80 28 2.6800678
80 38 3.1625006
87 5 3.2894166
87 14 3.6729882
87 19 3.2847576
87 24 3.1733687
87 45 3.5101576
93 2 3.91089
93 11 4.0061097
93 12 3.9623852
93 18 2.8359275
93 37 3.951527
108 2 2.5272067
108 5 1.7593362
108 6 4.31218
108 18 1.9915634
108 60 1.7186114
112 1 1.0206857
112 6 1.0
112 9 1.533422
112 25 1.0650978
112 98 1.0
118 3 1.0
118 13 1.0
118 16 2.5963862
118 32 1.2451941
118 47 1.5648465
120 1 4.5412226
120 6 1.0031257
120 8 3.9474535
120 20 4.2141857
120 47 3.3674004
123 3 4.210948
123 9 4.578476
123 13 2.937789
123 19 3.522275
123 63 2.7526076
125 5 2.1823368
125 9 3.3057497
125 12 2.6726193
125 14 2.6072612
125 48 2.032574
126 2 3.9368296
126 6 1.8107535
126 9 4.3070545
126 12 3.53986
126 42 3.3492115
132 4 3.8385901
132 11 3.233675
132 25 2.5043972
132 33 2.6091168
132 74 3.276838
135 7 4.6227903
135 12 3.922523
135 21 5.0
135 24 3.5061083
135 74 2.2086637
138 14 3.5620105
138 19 2.7107582
138 24 2.169596
138 29 1.7773814
138 52 2.0756574
141 6 3.653504
141 9 3.8919492
141 12 3.0866172
141 21 5.0
141 62 1.0
145 3 2.292727
145 25 1.0
145 28 1.7387776
145 40 1.4445684
145 47 1.3074967
151 7 3.9109716
151 15 3.0354736
151 17 1.8000953
151 21 3.9161901
151 49 5.0
160 3 3.5600224
160 17 2.4943585
160 18 2.0673084
160 20 4.4421687
160 54 2.7163687
167 4 1.7117958
167 9 1.7175766
167 12 2.5028033
167 19 1.0692365
167 48 1.8220471
173 3 3.9419665
173 7 4.056596
173 8 4.2775683
173 10 4.534476
173 16 4.061058
175 5 3.1777601
175 19 1.8105109
175 22 2.6621459
175 27 4.649695
175 37 3.5544753
178 2 2.955266
178 5 2.7511165
178 9 3.7561007
178 15 2.9011605
178 27 3.6247911
179 5 2.2287045
179 9 2.626481
179 10 3.229241
179 24 2.2432594
179 41 2.3120947
183 2 3.4036589
183 18 3.4682424
183 20 5.0
183 26 3.931279
183 53 3.6264048
195 1 3.260482
195 7 3.8079395
195 9 4.7283926
195 21 3.6925695
195 64 2.8846064
205 1 3.9263256
205 5 3.0546556
205 8 2.5868363
205 12 3.4301488
205 43 2.7461905
212 2 2.0853407
212 17 1.0338938
212 19 1.0
212 30 1.0
212 37 1.0
215 1 3.4300382
215 14 3.103279
215 22 2.6468067
215 36 2.791116
215 48 3.6646001
218 1 2.1218033
218 25 2.5971527
218 30 1.0
218 38 4.0742188
218 55 2.9676113
238 1 2.2709303
238 7 2.2903085
238 9 2.529732
238 17 1.5072603
238 41 2.077494
240 1 3.4490533
240 7 3.0843878
240 13 2.5498042
240 28 3.008525
240 63 2.5490215
242 4 2.2275164
242 6 3.7653549
242 10 2.7323914
242 16 3.2228923
242 37 2.4782398
249 2 1.7585832
249 8 3.3460612
249 9 3.6976104
249 19 1.5318925
249 65 1.9916136
250 6 2.4944627
250 10 2.5641603
250 24 1.9099658
250 32 2.1305952
250 51 1.5692722
259 2 4.257807
259 14 3.5625079
259 22 5.0
259 36 5.0
259 47 4.044168
262 2 2.123427
262 6 2.4476829
262 19 1.4198196
262 28 1.900502
262 35 1.7094352
263 1 4.224267
263 4 1.206356
263 7 2.379043
263 13 1.3370985
263 18 1.0
267 3 5.0
267 11 3.7442043
267 17 5.0
267 21 4.1701837
267 81 5.0
275 1 2.2310474
275 10 2.0063307
275 13 1.0
275 20 1.5474539
275 32 1.6594716
279 1 3.3218894
279 5 2.5803356
279 13 2.1966376
279 19 3.100341
279 58 3.2031746
286 5 3.7902634
286 8 4.214262
286 10 4.5223637
286 17 3.498386
286 60 3.081129
287 7 2.5686998
287 17 1.8931069
287 18 1.3324089
287 29 1.6002966
287 61 3.034603
289 4 3.6999931
289 14 3.8010156
289 17 3.0473864
289 25 2.946801
289 52 3.0926487
294 2 2.4823587
294 8 2.963153
294 12 2.2940357
294 30 3.772698
294 49 1.5210284
295 2 2.8043175
295 6 2.7756765
295 7 2.9213815
295 15 2.645049
295 31 2.3328602
298 1 3.1748533
298 6 2.7447853
298 9 3.3565052
298 18 1.8806102
298 61 2.2279155
299 1 4.795779
299 10 4.706269
299 24 3.5873933
299 31 1.0
299 71 3.5134592
317 2 2.7634504
317 9 3.537265
317 10 3.1180089
317 22 2.5899758
317 47 2.1227956
322 1 5.0
322 13 1.7386125
322 17 1.6580764
322 20 2.7341835
322 26 1.9488493
329 3 3.375413
329 8 5.0
329 11 4.310301
329 22 3.8704295
329 56 3.9352508
335 2 3.069134
335 11 3.4437304
335 14 3.1961114
335 30 2.3347313
335 47 2.5341723
342 1 3.6617796
342 6 3.4343705
342 12 3.26613
342 28 3.1700635
342 44 3.0769954
357 1 5.0
357 6 1.2119919
357 7 2.2001135
357 24 1.0
357 36 1.0
358 3 2.6960604
358 12 2.0405936
358 17 1.952846
358 25 1.9244492
358 44 1.0
359 9 3.2461972
359 17 2.2793436
359 19 1.9740286
359 38 1.868111
359 90 1.0
361 3 4.0902314
361 12 4.145377
361 19 3.6209078
361 24 3.4479914
361 50 3.9140325
362 1 3.8445244
362 9 4.1413975
362 12 3.5806196
362 14 3.3518085
362 39 4.6492233
364 2 3.9192092
364 9 3.8857212
364 16 3.8800912
364 18 3.091003
364 25 3.1132267
370 4 2.9285533
370 7 3.4290717
370 13 2.3755066
370 18 2.203986
370 43 2.1706285
373 3 4.306674
373 9 3.888498
373 13 2.9566085
373 15 2.9294236
373 28 3.7178283
374 4 3.4369538
374 19 2.9433515
374 25 2.633862
374 27 1.0
374 32 2.9945295
383 6 3.9774485
383 15 3.6775246
383 20 4.4871984
383 35 3.3202326
383 53 3.4720976
389 2 3.1272259
389 7 2.936999
389 10 3.7260814
389 16 3.0248272
389 36 2.4369793
391 2 1.2630721
391 8 1.0
391 14 1.1854448
391 25 1.0
391 38 1.0
398 2 1.0
398 6 1.0
398 7 1.0
398 15 1.0
398 26 1.0
402 2 3.3476753
402 8 3.1808336
402 10 3.334219
402 26 3.3904967
402 50 2.9691176
403 4 1.0
403 6 1.3444397
403 8 1.0
403 41 3.545889
403 52 1.0
406 2 3.8778822
406 8 3.420971
406 9 4.1941833
406 14 3.7183704
406 25 3.1481276
410 1 3.190426
410 6 2.5094533
410 17 1.587055
410 27 2.616542
410 65 1.5837036
416 1 3.8773532
416 7 3.3584275
416 8 5.0
416 11 2.979306
416 51 2.7675328
422 5 1.0
422 30 3.3256192
422 32 1.8330296
422 36 1.0
422 61 2.2920265
428 1 2.5221057
428 9 4.7814603
428 19 3.7480555
428 39 3.9321
428 64 3.7219067
431 4 2.4593525
431 18 2.9002094
431 19 3.3292422
431 49 3.7252452
431 76 2.975998
446 4 4.116087
446 14 4.1007185
446 18 3.2199397
446 22 3.8622766
446 57 2.9570827
450 1 1.0
450 8 1.0
450 9 1.4704005
450 47 1.2018182
450 59 1.0
453 6 1.2968801
453 10 1.0
453 15 1.0
453 24 1.0
453 74 2.2681615
458 3 4.012445
458 10 4.1863914
458 12 3.7037566
458 19 3.06438
458 65 2.7566967
461 5 2.9387455
461 19 2.4982514
461 32 2.721447
461 46 3.121118
461 93 2.819385
470 3 2.5829744
470 8 1.7879525
470 11 2.4085865
470 30 2.0734673
470 50 1.0876013
474 2 3.5654447
474 8 3.6594088
474 11 3.1587925
474 16 3.6236691
474 28 3.487342
475 2 3.981602
475 10 3.5655117
475 19 2.7564723
475 25 2.611042
475 32 3.650522
479 2 3.5960639
479 8 3.3339064
479 12 3.7289987
479 14 3.5753384
479 45 3.297781
484 1 3.0688689
484 5 2.8124537
484 20 3.5071292
484 33 2.65782
484 41 1.0
489 2 4.0752516
489 6 3.7611864
489 10 4.13676
489 14 3.867754
489 24 3.2924967
492 5 1.0
492 8 1.8449533
492 21 2.2041335
492 25 1.0
492 47 2.3391771
495 13 2.0998182
495 22 1.8574991
495 24 1.3501539
495 39 1.9763248
495 61 5.0
497 6 3.2568707
497 13 3.094551
497 20 4.595129
497 34 3.2548044
497 58 3.6564403
503 1 3.148236
503 14 5.0
503 15 2.5570755
503 18 1.72401
503 58 4.25023
504 3 1.6451153
504 7 1.8082998
504 11 2.176602
504 17 1.3795407
504 78 1.6328678
512 4 1.0
512 9 1.6504784
512 11 1.562527
512 27 1.8100911
512 43 1.0
518 4 3.538476
518 14 3.7043712
518 24 3.032352
518 55 3.2102156
518 75 3.065629
522 1 1.0
522 19 1.1313968
522 21 2.1295466
522 30 2.5648355
522 51 1.7555258
523 6 1.0274479
523 11 1.1100906
523 13 1.0
523 36 1.0
523 69 2.8524175
525 1 4.029558
525 3 4.219946
525 6 3.783709
525 12 4.0505037
525 24 3.3562753
527 5 2.2396066
527 26 2.639173
527 28 2.4424562
527 34 2.0270967
527 62 3.1519563
531 7 3.1775606
531 13 2.451515
531 15 2.83749
531 19 2.1437168
531 46 3.552208
541 3 2.636748
541 20 2.5290136
541 38 2.5053074
541 56 1.7494905
541 81 1.0
542 2 3.616763
542 9 3.8986235
542 11 3.5101414
542 15 2.837816
542 43 2.6822007
557 3 1.6956885
557 13 1.3931607
557 14 1.5297065
557 19 1.0
557 25 1.0
561 2 3.9062605
561 12 3.9202843
561 15 3.5134609
561 17 2.8647187
561 39 2.8139253
572 1 4.2532883
572 7 2.962559
572 9 4.392721
572 41 2.9474373
572 67 3.453263
579 2 3.1001694
579 10 3.0845127
579 11 3.4137983
579 14 3.2320452
579 72 1.0
590 5 1.0
590 11 1.0
590 14 1.0
590 25 1.0
590 32 1.0
591 6 2.4311771
591 13 2.6505492
591 17 2.3538337
591 36 2.5954008
591 79 1.0
594 3 4.029029
594 24 2.823927
594 25 2.6455083
594 37 3.6335087
594 79 2.9834852
597 1 3.270054
597 19 1.4734409
597 22 1.0409473
597 31 1.0
597 50 1.0
600 5 1.0
600 22 1.9356928
600 30 1.6832237
600 40 1.498382
600 59 1.9377972
604 1 2.5662956
604 4 2.845451
604 10 3.1321318
604 19 2.492206
604 29 1.992524
620 1 1.0
620 4 3.2872906
620 6 1.0
620 19 1.4712692
620 37 1.2460008
628 3 2.5350938
628 17 3.4468288
628 23 4.2926464
628 37 4.2345567
628 72 4.3902564
630 2 2.363004
630 6 3.0983427
630 8 2.35255
630 14 2.6378484
630 37 2.7372832
650 3 3.2715125
650 9 3.2448313
650 11 2.9834974
650 15 2.4265943
650 41 2.0743377
652 3 1.0
652 10 2.7646005
652 18 2.0083435
652 33 5.0
652 82 2.6013565
653 3 3.1080236
653 24 2.241986
653 26 2.7253945
653 60 3.4542437
653 79 2.1211088
654 1 3.918129
654 7 3.5000665
654 22 3.662669
654 32 3.7665648
654 45 3.144867
664 3 3.6799083
664 22 3.3690367
664 28 3.6745605
664 46 2.5904553
664 62 3.530962
666 5 1.0
666 15 2.7204256
666 20 1.8158758
666 23 3.5382044
666 39 2.567982
673 4 3.0228503
673 14 3.2134798
673 16 3.360804
673 26 2.9414601
673 76 2.220457
676 1 1.8871418
676 3 2.8412802
676 4 2.5591657
676 10 2.3634295
676 26 1.0
680 2 2.5390663
680 9 4.0965366
680 11 3.1379905
680 16 3.565734
680 33 3.0081315
683 6 5.0
683 21 1.0
683 29 1.0
683 38 1.0
683 49 4.3344555
688 2 3.1947072
688 11 3.8609977
688 13 3.212639
688 25 3.0627623
688 48 5.0
689 5 2.4429104
689 13 1.0
689 15 1.972347
689 24 1.268788
689 55 1.4620459
692 7 3.2218673
692 18 2.2948701
692 19 3.0197089
692 25 2.474452
692 45 2.950229
704 2 4.153714
704 7 4.1631403
704 19 3.50068
704 29 3.5800395
704 42 4.3126173
708 2 2.8887076
708 7 2.8510857
708 8 3.16461
708 21 3.0799277
708 76 5.0
710 4 2.8625302
710 8 1.9704934
710 12 2.3111014
710 16 1.5864843
710 41 4.5578012
718 1 2.3137307
718 4 3.6131434
718 8 2.8051658
718 15 1.8913021
718 28 2.541875
719 3 2.5238194
719 5 2.4810312
719 6 3.1331346
719 15 3.079735
719 68 1.0
720 2 1.8024278
720 8 4.532607
720 9 3.921905
720 26 1.0
720 54 2.6076474
727 9 4.5010424
727 15 3.8649988
727 16 4.0823264
727 27 4.044017
727 35 3.596044
733 5 2.228624
733 11 2.5598621
733 12 2.887828
733 18 1.5517371
733 48 2.5067499
740 2 2.4091759
740 6 1.0
740 13 1.0
740 20 3.0004518
740 49 1.0
741 2 4.1664095
741 5 3.3823218
741 12 4.024094
741 18 2.7326174
741 60 2.839232
743 2 3.1836777
743 10 3.6481614
743 14 2.9896114
743 27 2.735362
743 64 2.4839914
748 1 4.12371
748 4 3.8691027
748 8 3.8471162
748 14 3.7352235
748 74 3.7112842
749 1 3.1665304
749 16 4.2142715
749 24 3.289132
749 35 2.682626
749 48 2.1815047
750 1 3.1522138
750 10 3.5037088
750 13 2.7398357
750 22 3.084823
750 30 3.140073
755 2 3.640538
755 4 2.3769138
755 5 2.9872398
755 15 3.010398
755 42 3.1756356
768 1 3.253667
768 4 3.325861
768 10 3.2736545
768 23 2.8473368
768 35 2.9521022
769 5 1.3804033
769 7 2.3883877
769 9 1.0
769 23 3.2236912
769 63 1.0
771 10 4.186058
771 16 4.156477
771 20 4.540659
771 23 4.135369
771 37 3.7281227
782 3 2.4755788
782 19 1.5141554
782 20 2.3104553
782 24 1.623704
782 59 1.0
786 6 5.0
786 9 4.3385468
786 11 4.013194
786 28 4.2042046
786 55 3.5486035
789 12 3.5455637
789 15 2.7591758
789 37 4.226363
789 48 1.3676815
789 59 3.537465
802 1 2.7410173
802 11 2.8034117
802 15 2.1021326
802 23 3.4515533
802 32 1.7808621
804 16 3.7232997
804 19 3.2279108
804 22 3.4725022
804 26 3.1829123
804 39 1.2604344
811 3 2.2048726
811 9 1.1647763
811 15 1.4875048
811 22 1.523851
811 48 1.9961579
812 3 4.0941124
812 14 4.004416
812 16 4.1746325
812 20 4.0980806
812 85 3.7791522
815 1 2.6546721
815 6 2.1902885
815 10 2.816152
815 18 1.4268037
815 43 1.6828257
817 3 4.1446676
817 6 3.5911589
817 9 4.127
817 18 2.284175
817 42 3.4792
826 1 5.0
826 9 2.0142126
826 17 2.4790556
826 30 1.0
826 65 1.0
841 2 2.3540926
841 8 3.1545973
841 13 2.0117147
841 18 1.5842346
841 31 2.26533
850 2 3.3255644
850 6 3.1292706
850 9 3.099048
850 22 2.2659023
850 37 4.592956
857 5 4.8206015
857 9 5.0
857 10 3.86103
857 16 4.911431
857 63 4.751008
858 2 2.4606714
858 8 3.110692
858 9 5.0
858 16 3.1924303
858 74 3.2538667
864 1 3.1426601
864 5 3.9329991
864 7 3.893322
864 12 3.2955148
864 48 3.0628574
871 2 2.8767126
871 12 3.3025558
871 14 3.2049465
871 25 2.9435568
871 53 2.9736571
890 2 1.9039086
890 8 1.4030591
890 15 1.0
890 24 1.4351087
890 48 1.94433
894 5 3.864503
894 8 4.2018967
894 14 4.4216404
894 24 3.5819538
894 41 3.4007225
896 6 1.4241214
896 11 2.5134468
896 18 1.7165153
896 34 2.110673
896 47 1.4226062
905 12 2.4308867
905 18 1.0
905 19 1.9113641
905 32 2.40048
905 40 1.8088312
906 13 2.8900805
906 21 3.837602
906 25 2.6097279
906 29 2.5086157
906 42 4.1728215
909 6 3.226831
909 14 2.75826
909 22 2.1165447
909 28 2.5099373
909 55 1.4026877
911 1 3.9015274
911 5 3.5288782
911 11 3.8037128
911 25 3.42879
911 51 3.2433453
914 1 3.5043385
914 9 3.9753058
914 11 3.6808453
914 23 3.7691212
914 32 2.9143825
921 3 2.9639542
921 11 2.797656
921 13 2.4575038
921 20 2.5099468
921 45 2.9224133
929 5 2.850946
929 9 3.7734437
929 14 2.700971
929 18 1.506471
929 47 1.6568542
930 13 3.0631428
930 28 3.355562
930 29 2.9217076
930 34 3.0327625
930 70 1.0
933 6 4.865642
933 13 2.4162326
933 15 2.8279665
933 28 3.0984957
933 77 3.2242293
956 2 4.1257725
956 7 4.4104676
956 17 3.1590886
956 28 3.9259648
956 44 2.4754076
959 2 2.4678195
959 8 4.214725
959 17 3.4437008
959 22 3.5054898
959 43 2.1119695
962 2 3.8102884
962 8 3.411978
962 14 3.7495759
962 17 3.1473153
962 40 3.2777326
989 1 1.6120716
989 20 4.5221434
989 22 2.7099366
989 24 2.454906
989 47 1.0
995 1 5.0
995 4 3.8965585
995 18 2.849673
995 42 5.0
995 65 3.762461
997 2 3.4117877
997 8 2.7618854
997 10 3.6697187
997 14 2.9983284
997 43 2.151673
1013 1 4.1176186
1013 10 4.1660333
1013 13 3.3539762
1013 56 3.0665312
1013 79 4.935114
1015 3 2.1861994
1015 8 1.8836396
1015 21 2.0700486
1015 25 2.329256
1015 80 3.5895731
1021 1 3.8737168
1021 4 3.7063212
1021 6 3.6223054
1021 8 5.0
1021 26 3.7494464
1025 1 3.3486617
1025 9 2.4267602
1025 11 2.0422423
1025 21 2.168259
1025 47 1.7299287
1034 1 3.8364334
1034 13 3.2688224
1034 18 2.9726558
1034 36 3.436427
1034 50 3.0724201
1040 1 4.6521435
1040 5 2.6538253
1040 6 3.2227933
1040 16 3.2894554
1040 39 2.719235
1043 2 4.0435104
1043 5 3.5541928
1043 8 4.0906568
1043 10 4.374907
1043 25 3.4831574
1048 4 2.576346
1048 11 2.7660933
1048 19 5.0
1048 26 1.8323603
1048 45 2.1666024
1054 5 1.0
1054 10 1.5638762
1054 11 1.0
1054 15 1.0
1054 46 1.0
1067 2 4.0413814
1067 4 3.8436544
1067 6 4.2329493
1067 27 3.9459763
1067 38 4.2761984
1072 6 3.8206189
1072 19 3.9751363
1072 21 4.6293864
1072 46 5.0
1072 76 2.5205586
1075 8 2.2290592
1075 13 2.2118797
1075 15 2.667441
1075 26 3.1234243
1075 43 1.5921637
1076 5 1.9670566
1076 20 2.9250162
1076 21 2.5715609
1076 30 2.2757971
1076 50 1.2007234
1078 7 2.9207602
1078 9 4.190356
1078 10 3.5816336
1078 23 3.1765392
1078 52 3.1415327
1079 1 4.0640845
1079 9 2.4765615
1079 11 3.8966208
1079 30 4.0328264
1079 82 3.0934184
1082 2 3.7380872
1082 16 3.6283498
1082 29 2.3409119
1082 33 2.6781862
1082 43 2.2794693
1086 1 3.7873895
1086 4 3.5591857
1086 6 2.91639
1086 17 2.3322246
1086 31 2.4216504
1107 2 1.4133551
1107 12 1.6647869
1107 13 1.0
1107 19 1.1155193
1107 34 1.0
1110 6 1.0
1110 9 2.0598302
1110 20 1.0
1110 43 1.4520411
1110 65 1.0
1117 1 2.2769897
1117 9 1.4538184
1117 13 1.0
1117 18 1.0
1117 49 1.0
1121 6 5.0
1121 11 3.239625
1121 12 3.315967
1121 34 2.423186
1121 66 3.7915678
1124 14 3.4095073
1124 20 3.7617486
1124 23 4.000978
1124 30 3.2354972
1124 66 3.480066
1130 7 2.7715197
1130 24 2.2943351
1130 26 2.9731805
1130 37 2.775838
1130 79 2.6324005
1132 2 3.7040927
1132 4 3.6288307
1132 6 3.4821262
1132 19 3.075759
1132 73 3.2719417
1133 1 2.9830885
1133 12 3.6873388
1133 13 2.87465
1133 25 2.6806
1133 31 2.7514503
1141 2 2.7273943
1141 8 3.700405
1141 23 4.0907054
1141 43 2.5082724
1141 78 2.0133739
1147 1 1.0
1147 8 1.0
1147 11 1.0
1147 15 1.0
1147 31 1.0
1167 1 4.1321206
1167 12 3.6428478
1167 13 2.943963
1167 22 3.1864846
1167 33 2.9646816
1173 4 3.8975484
1173 13 3.2612934
1173 19 3.3085268
1173 25 3.1718605
1173 45 3.7583694
1175 3 3.7194197
1175 9 1.2802243
1175 10 3.9602377
1175 22 3.2520432
1175 47 3.0171509
1176 2 4.1578603
1176 6 3.5032532
1176 10 4.3809657
1176 13 3.4861372
1176 23 4.219385
1195 2 4.0130405
1195 11 4.059169
1195 14 3.7167459
1195 25 3.2126594
1195 36 3.355338
1198 2 4.1106453
1198 10 4.084094
1198 15 3.3193183
1198 24 3.5324123
1198 49 3.2530682
1200 1 3.217622
1200 5 2.7588463
1200 9 3.588945
1200 14 3.2145681
1200 34 2.5869174
1204 1 4.1198473
1204 7 3.8487844
1204 9 4.309832
1204 12 4.060435
1204 20 4.475953
1207 4 2.4434302
1207 23 4.2361083
1207 28 3.2859926
1207 32 2.8732138
1207 61 1.7289854
1218 5 2.9160964
1218 8 3.410615
1218 11 3.3646417
1218 16 3.47713
1218 32 3.3156004
1242 4 3.873404
1242 8 3.2462904
1242 27 4.277957
1242 37 3.584678
1242 67 2.9665759
1251 3 4.236821
1251 8 4.1784563
1251 10 4.0587416
1251 24 1.2565545
1251 56 5.0
1254 1 3.7628949
1254 7 1.5785586
1254 9 1.3879607
1254 39 3.1610932
1254 47 5.0
1256 1 1.0
1256 8 1.0
1256 11 1.0
1256 14 1.0
1256 21 1.0
1269 10 3.1401794
1269 18 1.9439955
1269 20 3.2861168
1269 23 3.3857548
1269 54 3.5470958
1279 5 2.3663812
1279 10 3.7495475
1279 16 3.3877401
1279 29 2.0445232
1279 73 2.311911
1280 5 4.863989
1280 12 2.7509947
1280 15 4.180357
1280 21 5.0
1280 60 1.574862
1284 1 4.234822
1284 7 3.496972
1284 8 3.7651944
1284 15 3.5406816
1284 33 3.3428617
1290 3 3.9863353
1290 15 3.114078
1290 16 3.703722
1290 24 2.8215563
1290 52 2.7042542
1291 1 1.8263135
1291 6 2.7646081
1291 12 3.4828253
1291 22 3.350285
1291 31 2.801575
1293 8 2.5479343
1293 12 2.8015378
1293 14 2.9667385
1293 29 1.5181247
1293 60 5.0
1297 8 1.0
1297 16 1.107317
1297 18 1.0
1297 21 1.0465635
1297 90 1.0
1298 1 4.134732
1298 4 3.872472
1298 8 2.5793557
1298 14 3.9079475
1298 25 3.112217
1299 1 2.6231709
1299 7 2.3846102
1299 9 3.0020852
1299 17 1.6615646
1299 30 1.5175616
1302 1 3.4824145
1302 4 5.0
1302 6 3.4024746
1302 14 3.871665
1302 77 3.6273408
1305 1 3.8374786
1305 11 3.812355
1305 17 3.145324
1305 37 3.4707792
1305 46 1.0
1316 3 3.8556485
1316 13 3.4926922
1316 15 3.4735246
1316 24 3.076158
1316 39 3.6527324
1317 1 4.667111
1317 3 4.6316895
1317 4 4.528715
1317 21 4.411591
1317 45 4.2715154
1324 2 3.6592717
1324 5 3.2399473
1324 7 3.727714
1324 15 3.4892654
1324 34 3.2576957
1325 2 3.5680888
1325 5 3.0656948
1325 8 3.9837074
1325 15 3.1580756
1325 34 2.8088028
1342 2 2.8081622
1342 14 1.5072756
1342 15 2.5348299
1342 27 2.6086798
1342 57 1.4050679
1345 3 4.6060762
1345 20 4.948058
1345 22 4.2067094
1345 36 3.665411
1345 86 3.7665143
1349 5 3.5602226
1349 11 3.9936013
1349 19 3.3523378
1349 28 3.9776158
1349 65 2.9994795
1350 3 3.8667502
1350 8 1.4177736
1350 9 3.3714626
1350 15 2.6543057
1350 61 5.0
1352 2 2.782278
1352 11 2.540044
1352 14 2.2525725
1352 20 3.0223043
1352 42 2.6440551
1354 12 3.1891716
1354 15 2.951045
1354 23 3.870609
1354 25 2.6340525
1354 37 2.9635155
1356 4 5.0
1356 9 4.7700887
1356 16 4.7308636
1356 22 4.6745787
1356 31 4.189878
1359 2 4.27289
1359 8 4.685515
1359 13 3.7765944
1359 23 4.800785
1359 46 2.7994998
1362 1 5.0
1362 11 3.8189387
1362 12 3.3629854
1362 18 2.2733552
1362 29 2.4374766
1367 2 2.7864878
1367 14 3.0053675
1367 15 1.6979029
1367 23 1.4816698
1367 54 5.0
1368 2 1.8066682
1368 9 1.0
1368 10 2.6035903
1368 31 1.5096102
1368 60 1.0
1370 1 2.24421
1370 6 1.0
1370 8 1.0
1370 13 1.0515795
1370 45 2.128233
1372 4 1.7145483
1372 15 1.265798
1372 24 1.0
1372 40 1.0
1372 65 1.0
1375 2 3.7321174
1375 7 3.2452173
1375 15 3.3810678
1375 30 4.022611
1375 44 2.7609847
1378 1 3.034498
1378 9 4.2525296
1378 29 1.6878127
1378 43 2.0734897
1378 73 2.1325266
1383 8 5.0
1383 13 2.5313604
1383 23 3.1575751
1383 31 2.8499537
1383 50 2.3751779
1384 4 3.0976517
1384 9 4.0814586
1384 17 2.9525528
1384 22 3.4405193
1384 45 3.266371
1386 3 3.8428411
1386 23 1.8004671
1386 28 1.5094684
1386 32 1.1226649
1386 73 2.5617743
1387 1 1.9565411
1387 10 2.2880735
1387 20 3.250617
1387 24 3.3303404
1387 34 1.9708734
1388 2 2.800423
1388 5 2.5730586
1388 6 3.307838
1388 14 2.993545
1388 43 2.5957649
1412 3 2.487427
1412 7 2.5641239
1412 10 3.2774673
1412 12 2.7860816
1412 29 1.9540079
1414 1 1.0
1414 11 3.8669996
1414 16 3.4552224
1414 21 3.5081742
1414 39 1.3355367
1415 5 1.7838249
1415 16 4.437912
1415 26 2.735891
1415 42 2.702374
1415 53 1.8588151
1420 6 3.8031287
1420 11 3.353612
1420 14 2.9857795
1420 24 2.9410753
1420 31 2.6001284
1422 1 3.2610588
1422 9 3.3673897
1422 15 3.0214832
1422 22 2.7506323
1422 39 1.2333701
1425 1 4.045958
1425 10 4.0214477
1425 14 3.829595
1425 33 3.6449118
1425 45 3.7671387
1427 1 1.1476889
1427 6 1.0
1427 8 1.0
1427 12 2.621521
1427 38 4.1319175
1428 2 3.531035
1428 5 2.7681735
1428 7 3.5888405
1428 11 2.6942308
1428 50 1.1876149
1431 8 1.6795664
1431 22 1.6925414
1431 26 1.6371071
1431 55 1.0
1431 77 2.5430694
1435 1 2.7880788
1435 9 3.8730907
1435 11 3.3389237
1435 14 3.0469325
1435 26 1.9193482
1445 5 1.6821604
1445 12 2.5625083
1445 15 1.8061329
1445 24 1.2174482
1445 63 2.0742917
1448 7 4.434441
1448 15 4.197372
1448 19 3.7135987
1448 25 3.7876554
1448 48 4.760962
1459 3 4.1328483
1459 5 2.899136
1459 12 3.5722387
1459 24 2.2932165
1459 50 3.0870214
1463 11 2.4324152
1463 19 2.3249438
1463 27 2.9223557
1463 31 3.1181517
1463 66 5.0
1466 1 4.150543
1466 6 3.1759257
1466 7 4.342138
1466 17 3.5882103
1466 62 4.1392164
1472 1 1.0
1472 7 4.4826365
1472 11 4.074091
1472 17 3.5901184
1472 57 2.1444135
1484 4 3.9157314
1484 14 3.9562502
1484 26 3.5706635
1484 29 2.9932206
1484 44 2.3194184
1493 7 1.0
1493 9 4.097765
1493 18 2.6699884
1493 31 4.3181934
1493 72 2.8636248
1495 4 4.087952
1495 18 3.105095
1495 22 3.9412227
1495 25 3.3003771
1495 53 3.1724207
1497 3 2.4927127
1497 13 2.323871
1497 18 1.927266
1497 24 2.5376635
1497 82 5.0
1511 6 1.4134959
1511 14 2.8947864
1511 15 1.0
1511 20 5.0
1511 75 1.0
1513 3 2.0806074
1513 9 3.2203002
1513 11 2.341704
1513 21 1.9293574
1513 49 5.0
1517 7 4.391148
1517 20 4.932376
1517 22 4.2485065
1517 28 4.439656
1517 52 3.938648
1523 8 2.583273
1523 15 2.9111986
1523 20 3.978912
1523 22 3.3057408
1523 42 3.6169147
1530 4 1.0
1530 16 1.0
1530 17 1.0
1530 19 1.0
1530 54 1.0
1531 2 2.7028618
1531 5 1.0
1531 6 5.0
1531 12 2.9692864
1531 35 2.0082126
1533 1 3.0520172
1533 4 2.9691105
1533 6 2.3076317
1533 27 3.493597
1533 39 2.2364683
1534 2 4.254636
1534 14 4.398041
1534 18 3.12974
1534 39 3.6949563
1534 58 3.7842202
1538 1 1.7128041
1538 6 1.3038824
1538 12 1.975256
1538 14 1.9909805
1538 55 1.2268634
1542 2 2.4994867
1542 12 2.9877906
1542 14 2.8959286
1542 24 1.753804
1542 39 2.8663683
1543 2 3.107466
1543 13 1.2448896
1543 16 3.2929986
1543 20 2.8489726
1543 54 5.0
1544 3 2.786535
1544 8 1.2550632
1544 11 1.1024072
1544 15 1.2859843
1544 46 1.0
1547 1 3.8385491
1547 13 3.0814574
1547 17 3.5138597
1547 39 5.0
1547 52 3.9972622
1549 2 3.456188
1549 4 3.110007
1549 7 3.0587628
1549 29 2.1602192
1549 42 3.159395
1552 1 5.0
1552 7 4.094267
1552 10 4.328887
1552 21 4.1426682
1552 63 3.7742565
1554 1 4.1931543
1554 4 4.0683284
1554 14 4.1066914
1554 16 4.1782355
1554 37 3.8664181
1555 2 3.140067
1555 4 3.060996
1555 6 2.6685843
1555 21 3.213472
1555 31 2.4630506
1570 2 4.149618
1570 16 4.2551923
1570 17 3.3953667
1570 27 4.233822
1570 38 4.5400367
1579 1 1.7023163
1579 15 2.112978
1579 18 1.7732753
1579 22 2.9857464
1579 59 2.2145731
1587 1 1.8472775
1587 7 3.8388765
1587 8 2.2102175
1587 20 3.9447715
1587 60 1.9157534
1588 6 1.3139695
1588 11 2.1103902
1588 19 1.0
1588 30 1.7181315
1588 45 2.1961286
1590 3 3.4037392
1590 8 3.1966047
1590 9 2.8732224
1590 21 2.1768575
1590 42 3.2190902
1592 2 3.6038713
1592 9 2.9783947
1592 15 2.662331
1592 23 2.3333328
1592 41 1.0
1596 1 2.744739
1596 3 2.5817451
1596 9 2.6946242
1596 42 2.5720134
1596 74 2.4100397
1600 2 2.8447971
1600 10 2.0021298
1600 14 1.776093
1600 20 1.8570322
1600 42 1.5110191
1606 1 4.615345
1606 8 4.4258823
1606 12 4.6178956
1606 20 5.0
1606 50 3.6440134
1613 5 1.786406
1613 29 1.163786
1613 34 1.7290404
1613 47 3.3657382
1613 58 1.9564025
1622 4 2.5534236
1622 26 2.7037678
1622 34 1.8352333
1622 50 1.6020008
1622 61 1.0
1638 2 2.9566872
1638 8 4.0640903
1638 9 3.662592
1638 19 1.7530035
1638 45 3.577772
1639 2 1.0
1639 6 1.0
1639 7 1.3242354
1639 22 1.0
1639 44 1.4911914
1641 2 2.7447674
1641 9 3.8130832
1641 11 3.412273
1641 25 2.3505783
1641 48 2.2425435
1643 1 1.0
1643 9 3.531036
1643 12 2.6495059
1643 16 2.7020824
1643 31 1.3217969
1644 6 5.0
1644 13 2.286788
1644 16 1.6209635
1644 26 1.4982643
1644 42 1.49894
1646 1 2.638199
1646 4 2.1302276
1646 6 2.3360417
1646 19 2.3102973
1646 31 2.0227532
1647 2 3.5922637
1647 9 4.3768272
1647 13 3.238723
1647 18 2.655513
1647 77 3.532418
1652 1 2.1310089
1652 6 1.7976973
1652 8 5.0
1652 22 1.2770319
1652 67 1.0
1654 3 3.6891444
1654 7 4.0598664
1654 13 3.2035513
1654 15 3.7428367
1654 62 3.9139771
1660 1 4.5594664
1660 24 3.496955
1660 25 3.565948
1660 28 4.0983076
1660 51 3.8116002
1669 2 5.0
1669 5 3.8352795
1669 6 2.5519822
1669 27 3.0305958
1669 82 2.0138314
1675 1 2.3357174
1675 9 3.9531646
1675 16 2.4877603
1675 28 5.0
1675 52 5.0
1676 6 3.1968012
1676 9 3.5009725
1676 12 3.0927176
1676 25 2.195043
1676 60 2.0495458
1678 1 3.7381177
1678 10 3.6860237
1678 16 3.0925786
1678 23 3.336849
1678 35 2.5842545
1679 6 1.1273075
1679 14 1.7363813
1679 16 1.8783756
1679 22 1.4470983
1679 37 1.4857963
1680 3 4.1251473
1680 13 3.2733848
1680 15 3.4238725
1680 34 3.0717013
1680 65 3.0352204
1682 1 3.6760688
1682 11 3.910389
1682 13 3.2068937
1682 15 3.4308841
1682 49 2.2838647
1687 2 3.5636766
1687 8 2.6339447
1687 9 4.0129194
1687 29 2.8416271
1687 53 1.8609179
1690 1 1.0
1690 4 1.4596939
1690 6 1.6066302
1690 16 1.8062217
1690 78 1.0
1694 4 3.6352217
1694 11 2.360519
1694 19 1.9907867
1694 40 2.0389524
1694 73 1.3519403
1695 2 3.0864089
1695 14 3.0649676
1695 15 2.7674804
1695 23 3.25946
1695 72 2.8821
1699 1 1.3088695
1699 10 1.9161913
1699 17 1.3337939
1699 25 1.2981544
1699 35 2.1904259
1702 1 1.540492
1702 13 1.0
1702 16 4.08144
1702 37 1.0
1702 62 3.2948341
1703 1 2.333484
1703 6 5.0
1703 16 1.0036914
1703 28 1.2427695
1703 38 2.0788617
1704 3 4.0772634
1704 6 3.9257646
1704 9 4.230493
1704 15 3.9248905
1704 28 4.026702
1708 2 1.0
1708 8 1.0
1708 9 1.2608632
1708 16 1.1501659
1708 31 1.0
1711 1 2.9239044
1711 11 3.8046007
1711 14 4.1052365
1711 16 4.6073556
1711 34 3.1487525
1723 5 2.202391
1723 8 2.1092184
1723 11 2.2372909
1723 15 2.0668957
1723 40 1.5566204
1728 2 3.6031876
1728 5 3.4711943
1728 6 3.7269337
1728 18 2.7942991
1728 24 2.9091437
1731 3 2.533599
1731 8 1.93732
1731 10 2.470248
1731 22 2.5600507
1731 37 2.9067779
1740 4 1.0
1740 7 1.0
1740 17 1.0
1740 34 1.0
1740 89 1.0
1741 5 3.4906
1741 7 3.5769677
1741 13 2.6993937
1741 16 3.6660862
1741 51 3.5077596
1742 1 3.6845024
1742 14 3.9425497
1742 16 4.135954
1742 20 4.5256515
1742 76 3.1262112
1743 3 2.356577
1743 13 3.6382651
1743 17 2.1755831
1743 33 2.5372553
1743 94 2.2152622
1757 2 2.6417227
1757 4 3.4225473
1757 19 1.8792131
1757 21 3.0670137
1757 69 1.4115243
1759 2 1.5031477
1759 9 3.950773
1759 15 3.0363054
1759 18 1.3803581
1759 31 3.6944265
1765 2 3.406158
1765 4 3.6179247
1765 10 3.1417322
1765 19 2.0612764
1765 63 2.7066674
1771 2 3.7775302
1771 11 4.2504377
1771 16 4.61446
1771 58 4.540412
1771 77 1.9508699
1772 5 1.4215251
1772 9 2.4154227
1772 11 2.0456178
1772 21 2.203015
1772 53 1.0
1774 1 3.7462735
1774 16 1.4540222
1774 21 1.7516265
1774 27 2.563322
1774 61 3.5314116
1779 1 1.3639687
1779 12 2.0681934
1779 15 1.3044155
1779 24 1.44794
1779 54 5.0
1782 1 2.2795587
1782 11 1.843453
1782 14 2.032939
1782 27 2.2935991
1782 66 1.3354894
1788 4 2.8189042
1788 11 2.552185
1788 18 1.460551
1788 23 2.9372761
1788 65 1.8509634
1791 9 2.2441483
1791 13 1.8715127
1791 14 1.2633612
1791 21 2.295662
1791 55 1.0
1792 3 3.5772731
1792 12 2.6787508
1792 13 2.4067092
1792 15 2.399385
1792 36 1.4522966
1801 4 2.8268023
1801 11 3.811673
1801 12 3.5373423
1801 29 3.3091393
1801 47 1.9978004
1808 5 3.708275
1808 13 3.8393383
1808 15 4.0251794
1808 32 3.700444
1808 62 4.590431
1813 4 1.0415796
1813 14 1.0
1813 44 1.0
1813 51 1.602546
1813 72 1.0
1817 4 2.4408245
1817 13 2.690268
1817 19 2.6456914
1817 33 3.3460896
1817 51 2.9364505
1818 4 3.0445752
1818 11 3.2763855
1818 14 2.650155
1818 21 2.676929
1818 31 2.22386
1820 1 3.8015144
1820 6 3.9861073
1820 10 4.19341
1820 19 3.203808
1820 32 3.555952
1830 8 2.4332178
1830 11 3.0398018
1830 14 3.1460075
1830 18 2.1236124
1830 31 2.5859067
1833 2 2.6893487
1833 16 1.7681613
1833 24 1.29986
1833 28 2.7440765
1833 70 1.0
1834 2 3.1637893
1834 7 3.4251494
1834 8 1.9955549
1834 15 2.5620716
1834 37 2.662342
1840 1 3.061267
1840 7 3.2278311
1840 11 2.8335738
1840 30 2.9110188
1840 48 2.8669698
1859 1 4.1885133
1859 10 4.2312846
1859 12 4.284903
1859 14 4.1140385
1859 35 3.793765
1866 1 1.0
1866 9 3.1645222
1866 12 2.7767894
1866 30 2.2624032
1866 55 2.1182156
1868 1 3.1439164
1868 7 3.7027197
1868 12 3.6166258
1868 17 2.6311831
1868 22 3.4583695
1875 3 3.8846085
1875 5 1.6572812
1875 9 3.392303
1875 13 1.890204
1875 29 1.6535896
1877 5 2.6754253
1877 11 3.3823886
1877 14 3.216147
1877 28 2.8770688
1877 58 2.8298435
1878 2 2.8562484
1878 5 3.0228999
1878 9 4.0035534
1878 17 3.3890774
1878 30 3.0995507
1882 5 3.7361844
1882 12 4.2456107
1882 16 4.5342684
1882 19 2.8622055
1882 40 3.4313126
1884 3 1.0
1884 17 1.0
1884 22 1.0
1884 27 1.8999901
1884 39 1.2339258
1886 1 1.4201235
1886 13 1.0
1886 16 1.4772477
1886 26 1.0
1886 51 1.0
1887 2 3.2918894
1887 13 2.652437
1887 20 4.161142
1887 27 3.8816931
1887 49 2.0038905
1888 3 5.0
1888 15 2.8637538
1888 16 3.2078931
1888 23 3.4727068
1888 58 3.0798345
1896 1 4.0418324
1896 18 3.3558693
1896 19 4.821932
1896 35 4.3766403
1896 68 4.133379
1897 7 2.5294547
1897 13 2.041072
1897 18 1.5875504
1897 23 2.795815
1897 41 1.6788806
1899 1 5.0
1899 16 4.0946016
1899 18 2.787074
1899 49 3.4675047
1899 78 2.8822465
1911 1 2.7340264
1911 6 2.294785
1911 9 3.1407166
1911 20 3.342745
1911 42 2.765491
1917 5 1.0
1917 11 2.6825461
1917 13 2.5800607
1917 43 2.8709242
1917 52 1.351166
1924 1 3.9907923
1924 12 3.8965192
1924 18 2.7918382
1924 26 3.7119737
1924 76 2.8742127
1929 4 1.0
1929 10 1.6466779
1929 13 1.562283
1929 24 3.0080354
1929 40 1.7798668
1932 3 1.8063023
1932 21 2.2280376
1932 27 2.656071
1932 44 1.0
1932 58 2.1888704
1935 5 2.7902224
1935 8 3.1612954
1935 13 2.7460349
1935 15 2.7806525
1935 34 2.3727696
1939 1 3.1495404
1939 9 4.083674
1939 10 3.8120103
1939 17 2.7830708
1939 56 3.7877836
1940 4 4.324796
1940 17 1.4829526
1940 22 2.1380687
1940 32 2.0827706
1940 72 1.0
1947 3 2.87685
1947 7 2.6474197
1947 9 2.6736884
1947 19 2.4633644
1947 65 2.1375833
1950 5 4.127169
1950 18 1.5280175
1950 22 2.1398795
1950 35 2.8285937
1950 83 1.0638751
1951 4 2.8008926
1951 14 3.4906573
1951 26 2.9893773
1951 37 2.7869096
1951 72 4.925661
1952 1 4.4360104
1952 13 3.197148
1952 20 3.9553542
1952 41 3.20071
1952 77 5.0
1953 1 2.946955
1953 7 2.7145991
1953 8 1.7129155
1953 24 1.1916585
1953 35 2.095768
1954 10 3.7221816
1954 17 3.1642327
1954 19 2.2190194
1954 28 3.3119965
1954 56 2.5248733
1955 2 3.265869
1955 5 2.4346797
1955 6 2.9546952
1955 20 3.263709
1955 35 3.0096726
1956 3 1.0
1956 10 1.3049482
1956 13 1.0
1956 16 1.8907173
1956 45 1.8772295
1957 1 2.0182323
1957 7 2.2124665
1957 9 1.9092995
1957 23 1.4834987
1957 38 1.3870978
1962 1 4.210117
1962 4 3.6297398
1962 10 3.8542852
1962 21 3.441746
1962 71 2.134582
1967 5 2.5996866
1967 7 2.7074506
1967 8 1.0
1967 25 1.0
1967 30 1.3199385
1975 4 2.3607664
1975 14 3.101405
1975 15 2.3457937
1975 30 1.4348855
1975 61 3.639835
1980 1 3.5420463
1980 6 5.0
1980 9 2.391406
1980 14 2.838853
1980 52 1.3190956
1984 4 1.3059671
1984 16 2.7402203
1984 18 1.0
1984 25 1.0
1984 36 1.0
2000 3 3.973746
2000 9 4.102248
2000 13 2.8294616
2000 40 3.048104
2000 90 5.0
2001 3 3.107755
2001 5 1.9475179
2001 7 2.3952818
2001 14 2.267432
2001 35 1.9786505
2005 3 3.9239686
2005 15 2.3190455
2005 22 3.3759556
2005 36 1.6489952
2005 61 1.0
2007 3 3.9132102
2007 6 1.0
2007 7 3.65409
2007 15 3.881257
2007 18 2.736089
2009 2 2.147563
2009 15 3.2582424
2009 21 2.4596112
2009 35 2.443571
2009 65 1.7295591
2022 1 3.4632022
2022 7 3.5973604
2022 8 3.4741306
2022 22 3.5034604
2022 33 2.7282653
2023 1 4.229515
2023 5 3.3378217
2023 27 3.6968756
2023 33 3.132216
2023 68 2.889885
2028 2 3.2788582
2028 11 3.1658792
2028 12 3.5659842
2028 17 2.548958
2028 33 3.1012328
2030 2 3.2469332
2030 11 2.5333834
2030 12 3.037881
2030 29 2.0173604
2030 55 2.6256359
2034 3 1.0
2034 14 1.0
2034 19 1.0
2034 37 1.0429708
2034 96 2.0286865
2035 1 2.7892387
2035 7 2.4343116
2035 8 3.167719
2035 12 2.913559
2035 31 1.7728031
2036 1 1.7345841
2036 6 1.6735741
2036 8 5.0
2036 15 1.8574073
2036 41 1.8220056
2059 4 3.295238
2059 7 2.4709747
2059 14 3.093095
2059 36 3.669004
2059 63 1.0
2066 1 3.583107
2066 8 3.3972862
2066 12 3.6598015
2066 17 2.7462716
2066 34 2.4963486
2068 2 3.5634587
2068 4 3.2022297
2068 7 2.8213983
2068 12 3.4841444
2068 20 3.15125
2074 4 1.7907584
2074 9 3.4811282
2074 10 3.3746214
2074 21 2.8021607
2074 38 3.1287398
2086 1 2.6560173
2086 4 5.0
2086 7 1.0
2086 13 1.0
2086 73 1.0
2088 3 4.708612
2088 18 3.5529797
2088 21 4.6812377
2088 32 4.4181404
2088 42 4.676772
2094 1 3.5215669
2094 8 1.4848351
2094 10 3.662745
2094 28 2.9041042
2094 67 1.9767804
2102 8 2.2327788
2102 16 1.7845808
2102 19 1.6458877
2102 24 1.512906
2102 52 1.0256276
2113 6 1.1151978
2113 13 1.0
2113 15 1.0
2113 19 1.1686504
2113 50 1.0
2115 4 3.4578369
2115 10 3.7259433
2115 11 3.509708
2115 17 2.718819
2115 50 2.619321
2116 5 2.516157
2116 11 3.083505
2116 12 3.4031987
2116 26 2.8113945
2116 38 2.3127573
2117 1 3.7627668
2117 6 3.606566
2117 7 5.0
2117 16 3.3717318
2117 32 3.529731
2119 2 3.304497
2119 4 3.3760717
2119 8 4.2776427
2119 15 3.1264431
2119 30 2.2776535
2120 7 3.642641
2120 15 3.3982491
2120 18 3.2803798
2120 33 2.9331179
2120 78 1.8486428
2125 6 2.7851064
2125 11 3.7466009
2125 12 3.9433243
2125 24 2.6451297
2125 29 2.089172
2134 7 3.0338836
2134 11 3.126007
2134 14 2.4989033
2134 29 2.5065212
2134 74 4.9173527
2137 1 3.6456966
2137 7 4.451143
2137 11 3.4511976
2137 22 3.5295334
2137 48 4.6905007
2138 1 5.0
2138 26 3.5790012
2138 30 2.1771295
2138 37 5.0
2138 67 4.550641
2142 2 3.6839647
2142 8 4.2637568
2142 10 4.1851006
2142 17 3.3001015
2142 57 2.83816
2146 7 2.7572818
2146 23 4.8237596
2146 24 2.0657716
2146 42 3.0317402
2146 65 2.6398857
2149 11 3.902564
2149 17 3.4041944
2149 22 3.625628
2149 37 3.7295785
2149 70 2.9177318
2150 3 4.3350677
2150 5 2.5444326
2150 10 3.4947727
2150 17 2.181236
2150 41 2.7168431
2151 4 3.4022121
2151 11 3.5411456
2151 16 3.8627925
2151 32 3.2455626
2151 59 3.9674406
2155 6 5.0
2155 15 1.0
2155 18 1.0
2155 23 1.1321915
2155 31 1.0
2160 2 4.3362546
2160 11 4.7063136
2160 14 4.536804
2160 20 4.840081
2160 64 3.9156618
2170 4 4.686305
2170 9 4.0506773
2170 17 3.0367184
2170 20 4.0907617
2170 24 3.0076954
2171 12 2.5922017
2171 17 1.0091707
2171 18 1.0
2171 31 1.4152117
2171 41 1.1180822
2175 5 3.8053403
2175 7 3.3774378
2175 9 5.0
2175 26 3.3380456
2175 76 5.0
2180 6 4.2259808
2180 10 4.489468
2180 18 3.5146985
2180 20 4.6191382
2180 55 3.9472446
2186 1 3.2294896
2186 10 3.6983776
2186 11 3.255916
2186 13 2.6695504
2186 28 3.1398559
2188 1 3.716999
2188 7 4.436885
2188 8 3.1538079
2188 16 4.479638
2188 34 3.051972
2189 3 3.667126
2189 12 3.8898098
2189 13 3.23883
2189 25 3.2049532
2189 61 3.1750734
2196 1 3.64637
2196 3 2.9423156
2196 8 5.0
2196 26 3.7548997
2196 40 2.3031473
2200 1 3.2768369
2200 14 3.742395
2200 20 1.4961028
2200 41 2.014656
2200 95 1.0
2207 2 2.6720304
2207 10 3.1299813
2207 11 2.9121568
2207 21 3.2704296
2207 28 3.053474
2214 3 4.314694
2214 19 3.728686
2214 22 4.0613694
2214 35 4.0224886
2214 67 3.7535777
2221 6 3.2895627
2221 11 3.8782694
2221 12 2.9903903
2221 25 2.7778115
2221 47 2.5151865
2231 6 1.639133
2231 18 2.2760437
2231 24 1.855013
2231 41 1.0
2231 61 1.5794041
2239 1 3.6459634
2239 13 3.465021
2239 16 4.2075396
2239 26 3.962493
2239 60 2.9820404
2248 4 3.150069
2248 12 3.5691333
2248 18 2.6271324
2248 28 3.4966722
2248 44 5.0
2253 2 2.1239316
2253 10 3.661621
2253 11 3.3682973
2253 27 2.1312077
2253 65 1.0
2257 3 3.8389506
2257 11 1.4573587
2257 13 2.0224924
2257 17 1.0
2257 53 1.027353
2259 1 2.7655487
2259 7 3.3855057
2259 17 2.2311254
2259 21 2.7835948
2259 76 3.4526613
2261 1 2.5107527
2261 16 3.6759467
2261 22 2.5785604
2261 38 3.257678
2261 53 1.3364433
2264 1 4.261509
2264 8 4.0385866
2264 10 4.3478045
2264 26 3.915288
2264 52 3.333638
2266 1 1.791736
2266 13 1.3270314
2266 24 1.5645447
2266 27 2.2761724
2266 71 1.0
2277 4 3.118326
2277 10 2.1833625
2277 13 2.5535629
2277 21 3.0726712
2277 42 2.482473
2280 1 4.4773607
2280 7 4.6968684
2280 12 4.107591
2280 16 4.494529
2280 48 5.0
2288 8 1.0
2288 20 1.0
2288 22 1.3855542
2288 24 1.0
2288 50 3.8994038
2290 2 2.8643496
2290 8 1.7532285
2290 9 2.823167
2290 15 2.7782056
2290 39 2.0859911
2293 1 2.9484043
2293 5 2.3738365
2293 9 2.9007864
2293 13 1.7492454
2293 36 2.3202224
2295 5 2.2084846
2295 16 2.9746487
2295 19 1.6819015
2295 33 1.9681895
2295 41 1.2328656
2302 5 2.8488348
2302 9 5.0
2302 11 2.8453577
2302 28 3.3269525
2302 45 2.3165433
2316 7 3.8495681
2316 16 3.7419386
2316 18 2.8936224
2316 32 4.7982306
2316 43 3.4234376
2321 1 1.9623208
2321 3 3.1485322
2321 7 3.2538953
2321 10 2.9179034
2321 37 2.327484
2323 4 2.7042265
2323 11 2.7707858
2323 12 2.836285
2323 19 2.1549318
2323 41 3.0174477
2326 5 1.8054937
2326 11 2.1072006
2326 12 2.2549179
2326 26 2.2753706
2326 93 1.0751793
2328 3 4.180625
2328 8 3.3001919
2328 11 4.0245285
2328 18 3.0715728
2328 72 3.786613
2329 4 3.0657833
2329 7 3.178634
2329 8 2.9303246
2329 17 2.558069
2329 30 3.080567
2331 3 4.019214
2331 17 2.4571881
2331 22 3.2780824
2331 24 3.10713
2331 36 2.507782
2333 1 3.666291
2333 4 4.275709
2333 9 4.257786
2333 18 3.0737176
2333 39 3.679718
2341 5 3.001844
2341 8 3.043229
2341 12 2.762921
2341 26 1.0
2341 72 1.0
2355 2 3.229947
2355 11 3.4550936
2355 14 3.6391187
2355 24 3.1914644
2355 38 3.9954953
2363 2 3.7321014
2363 6 3.7263024
2363 11 3.876484
2363 19 3.1167493
2363 33 3.176703
2365 3 2.7078378
2365 15 2.2326243
2365 20 2.8140254
2365 27 2.835355
2365 58 2.2113862
2366 5 2.0592299
2366 7 2.1952014
2366 10 3.1946657
2366 15 2.6281888
2366 61 1.6623935
2370 2 1.0053495
2370 6 2.8144097
2370 7 1.001387
2370 19 1.0
2370 40 1.0
2371 1 3.7106073
2371 4 3.8471289
2371 5 2.0043738
2371 9 2.6404595
2371 25 1.8770678
2376 2 3.44172
2376 10 3.77029
2376 11 3.4464867
2376 26 3.2453272
2376 52 1.0
2380 2 4.735642
2380 9 5.0
2380 15 5.0
2380 41 3.4999003
2380 52 5.0
2385 7 3.4034173
2385 19 2.650936
2385 28 3.496831
2385 37 5.0
2385 40 3.2882676
2386 2 1.9819806
2386 8 1.0
2386 11 2.3911257
2386 20 1.2826188
2386 29 2.2062101
2397 4 3.1585684
2397 14 3.2693539
2397 15 2.9102907
2397 21 3.3388913
2397 38 3.6243207
2400 4 3.4429464
2400 20 3.7828438
2400 24 2.7334418
2400 31 2.812598
2400 51 2.9653385
2401 1 1.764247
2401 6 1.0567625
2401 7 2.159792
2401 10 2.7642016
2401 51 1.2972391
2402 6 3.9973907
2402 9 3.2427967
2402 11 2.6429863
2402 28 2.7626104
2402 41 5.0
2404 1 2.4970984
2404 4 2.3979928
2404 9 3.608096
2404 11 2.8910546
2404 18 2.18926
2405 1 2.784522
2405 4 2.7438607
2405 10 2.9338653
2405 27 3.3040235
2405 32 2.7568648
2426 4 2.9444513
2426 14 2.9508073
2426 17 2.3774774
2426 28 2.8075843
2426 53 2.6220493
2429 1 1.3878515
2429 17 1.6104927
2429 28 1.7923288
2429 36 1.3526361
2429 63 1.614809
2432 5 4.633549
2432 10 3.7334003
2432 12 3.659439
2432 22 3.5919065
2432 54 4.3201184
2433 8 4.504237
2433 11 4.2554994
2433 12 4.19802
2433 29 3.6384568
2433 57 2.889631
2434 2 3.6642325
2434 8 3.469831
2434 10 3.9302154
2434 16 3.9746487
2434 29 2.8031578
2436 3 3.6986248
2436 14 3.92421
2436 15 5.0
2436 22 3.4227602
2436 46 2.114911
2446 4 2.6883771
2446 20 3.2730534
2446 24 1.3219217
2446 28 2.3516355
2446 40 1.55451
2451 5 3.2772276
2451 8 1.0
2451 9 4.205146
2451 11 3.6597638
2451 65 3.5017924
2459 4 3.449241
2459 23 4.3692265
2459 28 2.71272
2459 38 3.5219994
2459 42 3.9555693
2461 1 4.1486063
2461 8 2.4081967
2461 20 3.158688
2461 23 2.3514695
2461 31 1.5201013
2469 1 4.277013
2469 6 3.7045023
2469 11 4.08006
2469 20 4.4635463
2469 42 4.1159782
2484 1 4.072646
2484 6 3.7494676
2484 19 2.2876167
2484 51 3.604507
2484 77 3.2085018
2494 2 3.5780535
2494 20 4.134421
2494 25 1.158531
2494 30 3.4777482
2494 51 2.8149228
2498 5 3.0893636
2498 7 3.5546088
2498 10 3.6551142
2498 17 2.6050234
2498 59 4.983268
2506 1 5.0
2506 8 3.6855063
2506 11 4.2003117
2506 22 3.5891452
2506 66 3.7614493
2508 6 2.3415475
2508 8 2.4864812
2508 10 3.6375215
2508 16 3.3609593
2508 24 1.9968765
2514 1 4.048306
2514 24 2.1942585
2514 26 3.1201203
2514 39 3.242611
2514 48 3.8178663
2519 1 3.867626
2519 12 2.9377925
2519 15 2.8040977
2519 30 2.3162787
2519 52 2.1664524
2521 1 1.0499821
2521 6 1.7237251
2521 7 1.0589523
2521 15 1.1437604
2521 25 1.0
2528 1 1.0
2528 10 4.547955
2528 12 4.4903955
2528 18 3.3674698
2528 63 3.7141898
2538 3 2.8565557
2538 9 2.669389
2538 11 2.1248665
2538 25 1.2312543
2538 35 1.7265217
2539 1 1.0
2539 6 3.5016806
2539 16 2.4436636
2539 21 2.5246913
2539 68 2.0295033
2541 4 3.3397171
2541 12 3.392179
2541 13 2.5779767
2541 26 3.1547868
2541 42 3.4264164
2549 3 3.2947187
2549 7 3.745863
2549 15 1.9754376
2549 26 2.621836
2549 85 2.3551564
2551 2 2.548605
2551 11 2.0585494
2551 12 1.9789003
2551 17 1.0
2551 49 1.1910329
2559 1 4.1073923
2559 6 4.3746433
2559 8 3.8235562
2559 16 3.8609085
2559 25 3.0105233
2560 2 3.5674186
2560 8 1.0
2560 11 2.6070688
2560 23 1.9131866
2560 34 1.409208
2564 1 2.8316293
2564 6 2.2768354
2564 7 4.4790993
2564 26 1.0715784
2564 55 1.059611
2574 2 2.9574053
2574 6 4.746022
2574 7 2.4326746
2574 10 2.9657829
2574 44 3.56621
2581 2 4.0020404
2581 11 3.5882921
2581 15 3.5399032
2581 20 4.251451
2581 75 3.4530938
2583 5 1.1754981
2583 23 3.066418
2583 30 4.282977
2583 51 2.5922508
2583 64 2.2191656
2585 7 4.085934
2585 12 4.1992774
2585 13 3.7195375
2585 21 4.365976
2585 46 2.5075
2588 3 2.9154813
2588 15 2.1372337
2588 23 1.6810956
2588 33 1.7823868
2588 44 1.8789785
2605 4 3.1666777
2605 17 3.134431
2605 27 2.8434918
2605 34 3.3461833
2605 76 2.4620678
2612 2 4.126581
2612 5 3.3139563
2612 12 4.11877
2612 17 3.0591822
2612 30 3.388805
2615 3 4.2838674
2615 8 3.8318725
2615 14 4.0079117
2615 39 3.5998766
2615 65 3.0929348
2621 2 4.00315
2621 8 3.7792757
2621 14 3.9317129
2621 23 4.7764673
2621 42 4.280442
2625 3 4.1832232
2625 8 4.6909018
2625 14 4.0518045
2625 24 3.2839348
2625 47 3.3043375
2633 3 2.7833643
2633 9 4.0945497
2633 10 4.0049014
2633 18 2.6830711
2633 26 3.589907
2634 8 2.7514033
2634 14 2.800971
2634 16 2.8430214
2634 26 2.5161655
2634 67 2.8160763
2641 1 2.8833747
2641 24 1.4330478
2641 25 1.7391462
2641 28 2.0755944
2641 61 3.3433828
2642 3 4.1335034
2642 16 4.287322
2642 17 3.7188864
2642 24 3.5049355
2642 32 3.9354486
2650 6 2.2757502
2650 9 3.692586
2650 11 3.2196925
2650 21 3.362446
2650 38 3.7413964
2653 2 3.096347
2653 6 2.6641765
2653 11 3.04705
2653 26 3.135599
2653 34 2.4509006
2656 2 4.2690735
2656 10 4.2351127
2656 12 4.0980425
2656 25 3.2880735
2656 52 3.205956
2662 4 2.7210903
2662 7 2.1255922
2662 10 2.6586468
2662 15 2.3533304
2662 44 1.5402516
2664 2 4.1804767
2664 12 4.264638
2664 16 4.2447505
2664 30 3.8976126
2664 49 3.5256853
2670 1 4.1626015
2670 6 3.7800155
2670 11 4.069693
2670 27 4.1896925
2670 54 4.1192894
2671 1 3.6539164
2671 9 3.685077
2671 31 2.8807876
2671 48 4.194529
2671 56 3.4940834
2674 2 2.7006507
2674 15 2.6628535
2674 18 1.0
2674 22 3.500338
2674 34 1.2065343
2678 4 2.9933717
2678 18 1.877768
2678 22 2.7747865
2678 27 2.4969263
2678 44 2.3581407
2687 5 1.0
2687 9 2.6678915
2687 24 1.5262278
2687 28 1.1892537
2687 42 5.0
2693 3 2.993537
2693 9 3.724369
2693 15 2.6156178
2693 26 3.6568813
2693 37 3.364409
2694 2 2.4049067
2694 5 2.2610288
2694 10 3.3601146
2694 16 2.1558142
2694 75 2.695971
2700 1 3.0260396
2700 6 3.0756848
2700 7 3.0363767
2700 18 2.0043302
2700 38 2.4977393
2706 1 4.597085
2706 7 1.1119026
2706 10 1.4853784
2706 28 1.6720463
2706 79 1.7781177
2715 1 3.0236158
2715 8 1.5924261
2715 9 3.0704112
2715 24 2.1034176
2715 49 2.1105676
2716 1 4.4211416
2716 6 2.3120074
2716 7 2.9713805
2716 23 3.2970464
2716 62 3.5933702
2719 1 2.9447803
2719 8 3.9163013
2719 13 2.5820487
2719 23 2.8440063
2719 56 3.0712655
2725 1 4.1827793
2725 6 4.093451
2725 12 3.6867528
2725 18 2.7924607
2725 55 5.0
2730 3 4.0202446
2730 9 4.2134604
2730 11 3.329868
2730 33 2.9931393
2730 46 5.0
2735 2 1.0
2735 8 2.41293
2735 11 2.6047707
2735 27 2.2078998
2735 36 1.0
2737 8 1.6407644
2737 14 2.7527509
2737 17 2.1771636
2737 24 2.0400355
2737 28 2.7091234
2738 2 5.0
2738 11 3.0605035
2738 16 3.2149036
2738 20 3.385586
2738 72 2.79299
2743 1 4.094065
2743 4 2.7081604
2743 13 2.091018
2743 16 3.6464987
2743 65 2.711007
2744 1 3.2919004
2744 9 3.9836757
2744 11 4.099147
2744 22 3.3322678
2744 39 3.0369067
2745 6 2.6566849
2745 17 3.0179276
2745 19 2.9549048
2745 26 3.0393813
2745 62 3.5799
2746 3 5.0
2746 9 1.0
2746 11 1.5161479
2746 23 1.3413577
2746 37 1.3474071
2753 1 4.6801233
2753 4 4.5908303
2753 8 5.0
2753 21 4.4264517
2753 59 3.353023
2756 3 4.260294
2756 10 4.1627474
2756 24 3.7124949
2756 26 4.367632
2756 49 3.8608322
2760 1 2.6566086
2760 5 2.571713
2760 6 3.354331
2760 26 2.893311
2760 85 2.6002254
2765 9 5.0
2765 21 4.8154645
2765 22 4.5863223
2765 34 4.0643754
2765 56 3.962995
2766 1 3.3636317
2766 10 3.4551303
2766 18 2.1444356
2766 25 2.4119744
2766 33 2.4040508
2768 1 2.5000622
2768 4 2.9646297
2768 6 3.8850808
2768 14 3.103171
2768 43 1.7348633
2770 3 4.208903
2770 9 4.4104714
2770 17 3.1337883
2770 28 3.6548407
2770 41 3.6855278
2773 1 3.9505298
2773 8 3.1504712
2773 9 4.152511
2773 29 3.4973543
2773 45 3.0287576
2778 2 4.2027774
2778 16 4.6322527
2778 17 3.1277392
2778 23 4.1455765
2778 40 3.6744745
2783 2 2.031629
2783 13 2.2177417
2783 30 2.2343888
2783 45 2.051909
2783 69 1.6886951
2787 2 3.2452202
2787 7 3.380598
2787 12 3.0579858
2787 24 2.680016
2787 55 2.7660398
2794 2 2.9229357
2794 11 4.4451623
2794 14 5.0
2794 18 2.7331972
2794 52 5.0
2801 12 3.8499575
2801 16 3.8737445
2801 17 2.9508612
2801 34 2.930255
2801 70 2.8253214
2805 10 3.806913
2805 15 3.2583208
2805 21 3.4207237
2805 41 1.0
2805 71 5.0
2806 1 2.8413363
2806 4 3.1145706
2806 13 2.2153118
2806 28 3.0211442
2806 75 1.8037945
2808 6 2.558483
2808 10 2.766897
2808 17 3.282867
2808 22 2.8574626
2808 35 2.459759
2813 1 3.4009316
2813 5 2.5200279
2813 14 3.3091383
2813 16 3.9279125
2813 53 2.282076
2828 8 3.6277182
2828 16 3.8954437
2828 22 3.4383314
2828 29 2.77935
2828 81 2.6693459
2830 2 1.047714
2830 14 1.0
2830 20 1.0
2830 48 5.0
2830 62 1.9084044
2832 1 3.244076
2832 14 3.7785292
2832 18 2.075325
2832 35 3.5485215
2832 55 2.799981
2834 3 2.1690423
2834 10 1.8063366
2834 12 1.807739
2834 28 1.6928527
2834 57 1.4579809
2843 2 2.9643767
2843 17 3.0941212
2843 20 4.174898
2843 28 3.1689768
2843 46 2.442918
2845 2 3.488473
2845 4 2.9706883
2845 10 3.663405
2845 26 3.1153898
2845 39 2.5027332
2849 1 2.651571
2849 8 1.0
2849 13 1.0
2849 24 1.0
2849 34 1.0
2854 2 2.6409707
2854 12 1.9506369
2854 13 1.3322508
2854 25 1.2945671
2854 31 2.1449
2857 1 3.9220033
2857 6 3.6467757
2857 9 3.916649
2857 17 2.8662777
2857 34 2.9305782
2863 2 4.0345325
2863 8 3.9815538
2863 9 5.0
2863 16 4.3829584
2863 47 3.6964402
2867 1 2.153697
2867 8 1.1322649
2867 9 1.4971882
2867 20 1.5739858
2867 60 1.0
2881 2 3.4114447
2881 10 3.0703712
2881 11 2.6137834
2881 18 1.7239923
2881 64 2.3317435
2884 1 3.7695136
2884 17 2.2865686
2884 29 2.3161714
2884 48 3.8047311
2884 83 2.7610288
2900 3 4.2464685
2900 15 3.8206065
2900 29 3.3045719
2900 36 3.3343666
2900 59 3.3313007
2902 3 4.4735723
2902 9 4.7408395
2902 16 4.5236034
2902 22 4.127835
2902 46 4.0896053
2904 7 3.5071259
2904 13 2.7408319
2904 20 4.0817885
2904 23 3.5103447
2904 29 2.464708
2909 5 3.1931958
2909 13 3.1453633
2909 17 3.3625154
2909 21 3.7146456
2909 39 3.2973776
2914 1 3.2943757
2914 9 3.9017391
2914 14 3.5016556
2914 23 3.2550228
2914 48 3.418864
2942 1 4.17041
2942 8 3.2351909
2942 18 2.2938545
2942 24 2.2072513
2942 49 3.1450126
2947 3 3.2348175
2947 20 2.9297545
2947 21 3.1940556
2947 32 2.3437824
2947 44 4.8328686
2948 4 2.4640355
2948 8 3.4610295
2948 9 4.0656295
2948 13 2.8998857
2948 52 2.805582
2949 3 3.1907282
2949 7 2.7224982
2949 15 2.178209
2949 25 1.6750205
2949 74 2.4286191
2963 2 3.3403342
2963 12 3.0464761
2963 16 2.8610473
2963 24 2.819809
2963 58 3.1873002
2969 6 2.6922648
2969 10 3.8653166
2969 12 3.4021497
2969 22 3.2187939
2969 54 4.1023307
2970 5 1.8481097
2970 12 2.1256719
2970 14 1.8112935
2970 27 2.5510128
2970 45 1.7835736
2984 3 4.7668705
2984 6 3.210234
2984 12 3.7599359
2984 22 3.3394842
2984 32 3.3200526
2987 2 3.2300935
2987 20 3.208952
2987 22 2.9174738
2987 31 2.7829626
2987 63 2.0048854
2995 1 3.5776973
2995 3 4.2265286
2995 10 3.9394922
2995 17 2.792301
2995 73 3.6772552
3000 1 3.1741214
3000 9 2.6534638
3000 11 2.446367
3000 24 1.7763953
3000 52 1.5858716
3013 6 3.2980816
3013 10 3.7481022
3013 15 3.179745
3013 21 3.973339
3013 46 5.0
3017 14 4.164557
3017 26 4.301837
3017 29 3.0242145
3017 39 3.264935
3017 68 1.0
3021 4 3.3915958
3021 6 5.0
3021 9 3.617545
3021 23 2.9208746
3021 42 3.073999
3030 6 1.5119252
3030 10 1.7293553
3030 15 1.3473936
3030 24 1.2410581
3030 59 1.0
3031 2 3.455734
3031 8 3.4978411
3031 11 3.7079544
3031 13 3.3604593
3031 42 2.622374
3033 3 3.3221092
3033 19 1.9017874
3033 21 2.7043865
3033 46 1.0
3033 57 1.9878738
3043 6 1.0
3043 19 1.0
3043 21 1.0
3043 34 1.0
3043 87 1.0
3051 6 3.8161786
3051 16 2.9801
3051 20 5.0
3051 42 3.9612544
3051 73 3.4758646
3052 1 4.3471284
3052 4 2.2129858
3052 32 3.326191
3052 40 3.3981621
3052 73 3.0815566
3053 2 1.6478556
3053 19 1.2016714
3053 20 1.858859
3053 24 1.0235701
3053 68 2.9052043
3058 2 3.5979605
3058 6 2.5715444
3058 7 2.6558251
3058 16 3.7789454
3058 65 2.7830148
3059 2 2.7497003
3059 6 3.4804795
3059 8 3.98138
3059 19 2.4690042
3059 42 3.8871386
3064 1 3.6393635
3064 8 3.2253642
3064 9 3.8620594
3064 14 3.367441
3064 39 2.6428003
3068 4 2.4736366
3068 13 2.2878046
3068 14 2.970092
3068 20 3.3459513
3068 45 2.8034465
3071 3 3.7510161
3071 7 2.8793788
3071 8 2.325914
3071 19 2.235779
3071 33 2.920117
3076 1 2.623385
3076 6 1.8094512
3076 7 2.84018
3076 20 3.4638438
3076 33 1.7867539
3078 2 3.6456904
3078 9 4.2165976
3078 11 3.1901417
3078 39 3.169687
3078 49 2.7581515
3080 2 1.5490191
3080 5 1.6965356
3080 7 2.355579
3080 10 2.1664214
3080 48 1.0
3085 3 1.0
3085 10 1.5978589
3085 12 1.1838933
3085 17 1.0
3085 51 1.0
3095 2 1.7175791
3095 8 1.3164841
3095 12 1.5237384
3095 22 1.3147227
3095 58 1.3365777
3097 1 3.12952
3097 6 2.8916423
3097 7 3.3675082
3097 21 3.5537343
3097 52 2.304157
3099 2 4.501399
3099 10 4.5840807
3099 11 4.470865
3099 19 3.843392
3099 42 4.197624
3101 1 2.5362525
3101 4 2.8564413
3101 8 3.4822648
3101 20 4.1064463
3101 27 3.4103456
3105 1 4.5451436
3105 7 3.530721
3105 11 3.9291615
3105 18 2.8127189
3105 31 3.3405628
3111 1 3.405368
3111 8 3.7948823
3111 10 3.776878
3111 24 3.5482705
3111 49 3.1665335
3113 5 1.0882387
3113 9 1.4338913
3113 14 1.0
3113 23 2.7996788
3113 33 1.0
3131 8 5.0
3131 12 3.3355958
3131 16 2.883985
3131 23 3.5226626
3131 61 5.0
3134 2 1.0
3134 12 1.0
3134 13 1.0
3134 18 1.0
3134 43 1.0
3136 2 3.9722238
3136 7 3.8040724
3136 9 3.226681
3136 12 3.207494
3136 28 2.4493573
3137 3 1.0
3137 17 1.4007826
3137 20 3.0236042
3137 35 1.712681
3137 61 2.1329584
3143 2 2.3329961
3143 11 2.1986244
3143 15 1.6723783
3143 30 2.2988439
3143 68 2.353379
3147 3 4.3765874
3147 16 3.525169
3147 21 3.6051502
3147 25 2.805177
3147 40 2.8692653
3148 2 3.784973
3148 10 2.9950361
3148 15 2.9673822
3148 29 2.4794195
3148 65 3.4252834
3153 2 3.6869268
3153 13 3.1075776
3153 15 3.043831
3153 31 2.756168
3153 45 2.8695042
3155 3 3.1782336
3155 15 2.3311663
3155 16 2.663556
3155 30 2.177978
3155 50 1.7676096
3163 2 3.8237543
3163 8 4.486553
3163 13 3.6340382
3163 38 4.5553365
3163 57 1.9723004
3168 1 2.9668725
3168 10 3.0152452
3168 20 3.5818527
3168 24 2.209099
3168 42 2.9577594
3179 1 3.8245394
3179 14 3.6481228
3179 15 3.3446813
3179 31 3.0617738
3179 53 2.9129517
3182 4 3.7066815
3182 7 4.0401163
3182 13 3.1129215
3182 15 3.346136
3182 44 4.082459
3188 2 2.7730684
3188 9 2.1559794
3188 13 2.5858111
3188 31 3.066164
3188 38 3.500732
3193 2 4.13126
3193 8 4.024341
3193 12 3.9937634
3193 29 2.9119506
3193 55 3.6737576
3208 1 3.5717316
3208 7 4.2336016
3208 14 4.194346
3208 27 4.088596
3208 53 2.9608636
3214 12 4.0586042
3214 16 3.8532937
3214 17 3.4866824
3214 30 2.7591271
3214 55 3.3765373
3216 2 3.7199814
3216 7 3.728357
3216 8 3.0448322
3216 14 3.5979373
3216 27 3.6841793
3219 5 3.5579486
3219 8 1.0
3219 11 3.504422
3219 19 2.5284555
3219 40 2.570068
3228 2 2.878332
3228 12 2.863678
3228 15 1.7992785
3228 31 1.9352688
3228 70 1.9996251
3231 3 5.0
3231 12 2.0075552
3231 16 1.6580561
3231 20 3.0271008
3231 68 3.8000343
3233 1 2.2555747
3233 6 1.6608379
3233 12 2.8449483
3233 14 2.77568
3233 20 3.4756777
3238 8 2.3241103
3238 10 2.7112007
3238 12 2.5702991
3238 22 2.3389883
3238 33 1.9527028
3248 1 2.902406
3248 5 2.9766932
3248 7 3.2346694
3248 18 2.5072443
3248 54 1.0671496
3253 3 3.7548313
3253 9 3.7575617
3253 12 3.4741886
3253 21 3.4290292
3253 26 2.4637635
3257 1 3.787085
3257 5 3.305643
3257 11 3.858783
3257 28 3.6037312
3257 61 3.3239589
3259 3 3.8446453
3259 8 3.3743942
3259 13 2.2782252
3259 19 2.5111096
3259 68 1.0
3265 3 1.0
3265 13 1.0
3265 14 1.0
3265 21 1.0
3265 48 5.0
3276 1 3.837566
3276 8 3.2920115
3276 9 4.060141
3276 18 2.3016927
3276 42 3.5292222
3284 1 3.6841724
3284 10 4.0583105
3284 14 3.653694
3284 19 3.1373553
3284 43 2.9071956
3290 10 3.9802036
3290 13 2.917264
3290 14 3.2356086
3290 20 3.16434
3290 44 1.0
3292 4 2.5253396
3292 9 4.35856
3292 12 3.9130738
3292 17 3.1619406
3292 43 2.967134
3297 12 3.2805398
3297 23 1.6973
3297 24 1.7020838
3297 26 2.2340176
3297 38 5.0
3301 1 1.7596468
3301 4 2.0622954
3301 6 4.279461
3301 13 2.6982775
3301 58 2.299484
3312 6 2.321251
3312 15 4.9083447
3312 19 1.0
3312 24 1.0
3312 35 1.2603278
3314 2 3.7581017
3314 8 3.3702204
3314 14 3.4652352
3314 25 2.7330136
3314 49 3.225787
3321 3 4.2286015
3321 8 4.0221233
3321 11 3.9320405
3321 25 2.9341702
3321 40 3.298904
3323 1 3.932649
3323 4 3.4109976
3323 9 4.060665
3323 20 4.14728
3323 31 2.943604
3325 1 4.0224752
3325 16 3.321196
3325 24 2.4478877
3325 43 2.3661654
3325 55 2.749247
3328 3 4.0299325
3328 8 2.1137292
3328 19 2.7909093
3328 23 2.8586655
3328 28 3.2721965
3331 4 1.0
3331 8 1.0
3331 9 1.0
3331 17 1.0
3331 33 1.0
3334 2 1.8150818
3334 13 1.0
3334 17 2.1250744
3334 36 1.0
3334 82 1.0
3335 1 5.0
3335 7 2.2609456
3335 10 3.5732098
3335 16 3.3310204
3335 30 4.440898
3341 7 2.9550526
3341 10 2.9521673
3341 12 3.3218524
3341 24 2.3051693
3341 46 5.0
3342 1 3.8825855
3342 10 4.025089
3342 11 3.8103137
3342 16 3.981086
3342 27 4.0505586
3346 5 2.1120265
3346 13 2.2007847
3346 18 1.8031223
3346 38 2.6731637
3346 54 2.664125
3347 4 3.3551052
3347 8 3.5741756
3347 9 4.2118163
3347 12 3.731915
3347 59 3.3456123
3348 5 2.9313989
3348 26 3.4084232
3348 31 3.4356515
3348 39 2.1187868
3348 57 2.3357346
3349 4 3.6007257
3349 18 2.8519123
3349 23 3.7897308
3349 33 3.2918415
3349 83 3.9928129
3350 1 3.3049982
3350 5 2.5182917
3350 10 2.5930352
3350 14 2.4564931
3350 23 2.9734738
3360 1 2.7181435
3360 24 2.9955392
3360 26 4.147558
3360 39 2.4252164
3360 51 3.4410195
3365 3 3.117351
3365 5 2.331379
3365 7 2.8780499
3365 13 2.044608
3365 20 2.9683788
3374 3 1.2290384
3374 29 1.0
3374 43 1.0
3374 47 1.5583491
3374 80 2.3713207
3379 4 3.2072756
3379 7 3.5317926
3379 8 3.3085508
3379 25 2.8277986
3379 77 3.7036068
3382 4 1.0
3382 20 1.2267365
3382 21 1.1952375
3382 31 1.0
3382 52 1.0
3383 2 1.0
3383 7 1.0
3383 8 1.0
3383 10 1.0
3383 39 1.0
3384 10 1.8841138
3384 13 1.0
3384 15 1.0
3384 19 1.0
3384 58 1.3099332
3385 1 3.7081478
3385 11 2.9305499
3385 16 2.6119723
3385 26 3.056097
3385 54 3.5786703
3398 1 5.0
3398 9 4.458221
3398 13 3.3838606
3398 16 4.12968
3398 29 3.1445637
3407 1 1.5962899
3407 6 1.1168784
3407 8 1.0
3407 13 1.0
3407 59 1.2823424
3409 1 2.283269
3409 29 1.1826897
3409 31 1.7277474
3409 37 3.5536094
3409 46 2.922185
3411 2 2.56222
3411 13 2.529325
3411 20 5.0
3411 25 2.0556693
3411 54 2.6105974
3416 2 1.8930697
3416 9 4.875865
3416 11 2.0899086
3416 19 1.3033092
3416 27 1.0187107
3419 1 2.4364853
3419 7 1.4700778
3419 19 1.4354849
3419 32 1.8367345
3419 51 1.665587
3420 4 4.0440226
3420 17 2.8536167
3420 22 2.9789464
3420 49 4.5406523
3420 72 3.7982798
3422 11 2.07736
3422 20 2.5679688
3422 22 1.900485
3422 34 1.5549905
3422 68 1.2683936
3423 1 4.2903824
3423 8 4.250449
3423 15 3.660558
3423 22 3.324509
3423 37 4.316439
3426 1 4.1666813
3426 10 4.0361214
3426 20 4.3295183
3426 38 3.7806158
3426 71 3.2824838
3431 1 3.6516197
3431 3 3.9207067
3431 5 3.3615937
3431 9 4.436949
3431 19 2.8028524
3434 1 3.0851011
3434 4 2.7367797
3434 7 2.3246567
3434 20 4.004282
3434 75 3.0278287
3444 16 4.5703135
3444 21 4.2729473
3444 28 4.1833587
3444 34 3.6976633
3444 57 3.0724535
3450 6 2.9708984
3450 21 2.3967872
3450 26 2.5553408
3450 37 1.8277991
3450 60 1.0
3458 1 3.5272348
3458 6 2.8938866
3458 9 3.4529135
3458 14 3.0545576
3458 31 2.6074603
3460 8 2.4550343
3460 14 3.535549
3460 21 3.5055966
3460 27 3.8031979
3460 31 2.586868
3472 4 1.0
3472 6 1.0
3472 7 1.0
3472 14 1.621834
3472 60 1.0
3474 3 2.7150059
3474 17 1.8842425
3474 22 2.5477562
3474 27 5.0
3474 64 1.9568775
3477 2 3.7479875
3477 7 3.728752
3477 15 3.2036917
3477 23 3.6379182
3477 46 3.3955865
3478 2 3.4235075
3478 10 3.904036
3478 18 2.4530482
3478 31 3.011452
3478 48 3.9651158
3488 1 3.757742
3488 5 1.3202422
3488 12 1.9086876
3488 28 1.3446765
3488 62 2.0902944
3510 2 4.27222
3510 9 4.528134
3510 11 4.4453654
3510 27 4.3504243
3510 81 3.361467
3512 2 3.8504574
3512 11 3.875479
3512 12 3.7105927
3512 33 3.4135199
3512 49 2.8352082
3521 5 3.3758378
3521 11 3.9878633
3521 15 3.6698189
3521 24 2.848896
3521 54 3.121376
3530 2 3.6608982
3530 10 2.655786
3530 11 1.0
3530 28 3.0747933
3530 42 5.0
3538 1 2.943485
3538 6 5.0
3538 8 3.9419997
3538 22 3.04273
3538 34 2.329789
3540 5 1.682162
3540 10 2.59169
3540 16 2.6576366
3540 29 1.97627
3540 50 5.0
3546 3 2.8572416
3546 8 3.116727
3546 9 1.7146242
3546 20 2.1623483
3546 64 2.3131208
3552 10 3.6848636
3552 25 3.7144678
3552 27 4.1112113
3552 52 3.7103393
3552 79 1.0
3559 3 4.4381156
3559 19 3.6041293
3559 24 3.4791508
3559 34 3.6612415
3559 41 3.4099667
3564 1 1.7831298
3564 11 1.7062278
3564 12 1.9832172
3564 22 1.5000279
3564 92 1.0
3566 10 4.7363214
3566 18 3.6255236
3566 20 4.690656
3566 25 3.7145152
3566 71 4.0613737
3579 5 3.8912377
3579 15 1.7477789
3579 17 1.0
3579 28 2.9031026
3579 48 1.0
3580 7 2.7294188
3580 13 2.3549702
3580 16 3.1214297
3580 23 3.086691
3580 38 3.0741727
3582 5 1.9323044
3582 8 2.2414923
3582 13 2.4528866
3582 20 3.0764468
3582 48 2.9095902
3595 6 3.8869092
3595 15 5.0
3595 20 4.296812
3595 34 1.2541089
3595 50 2.304532
3597 11 2.3013012
3597 19 1.4004782
3597 20 1.1598713
3597 29 1.2774847
3597 57 4.582042
3602 2 3.1705894
3602 8 3.3908508
3602 9 4.0384016
3602 14 3.7615728
3602 36 2.8270116
3604 3 1.0
3604 5 2.7116919
3604 11 1.8808455
3604 25 1.9495182
3604 51 2.3191125
3608 2 2.6384041
3608 11 3.2539709
3608 16 2.9224718
3608 25 2.4403496
3608 77 1.4828973
3619 2 3.5324266
3619 5 2.534691
3619 14 3.340598
3619 16 3.8537624
3619 42 2.998723
3626 7 2.7692857
3626 14 2.6336374
3626 20 3.1784546
3626 31 2.0110843
3626 52 2.0131912
3629 1 4.209652
3629 8 4.0888634
3629 11 4.1700335
3629 25 3.3181086
3629 49 3.681031
3630 6 3.0963006
3630 9 4.0179
3630 10 3.881348
3630 13 2.7792845
3630 47 2.8198802
3658 2 3.570032
3658 14 3.3358254
3658 15 3.3117945
3658 18 2.6230342
3658 45 3.398523
3664 2 3.0179877
3664 25 2.2340071
3664 27 3.0849981
3664 39 4.8940415
3664 53 1.9946458
3667 2 3.6885667
3667 6 1.962599
3667 7 2.7737894
3667 23 2.5670605
3667 38 3.3402424
3671 2 3.1601615
3671 8 2.5685604
3671 9 3.8997025
3671 20 2.5313184
3671 59 5.0
3672 2 3.3192437
3672 7 3.9978228
3672 8 2.8066053
3672 14 3.059388
3672 51 3.2589102
3674 4 2.0409164
3674 8 1.5447307
3674 16 1.3587397
3674 22 2.3175566
3674 31 2.2231076
3678 10 3.0299711
3678 16 3.3399289
3678 17 1.6707797
3678 27 3.3194141
3678 62 3.4269319
3679 1 2.0850177
3679 14 1.5330497
3679 16 1.6118999
3679 20 1.8612846
3679 60 5.0
3681 1 2.9118545
3681 3 3.5920606
3681 7 1.437835
3681 20 3.4189188
3681 46 1.9423399
3701 4 1.0
3701 7 1.0
3701 11 1.0
3701 21 1.3294619
3701 75 1.0
3702 2 2.6071136
3702 7 2.3770971
3702 8 2.763022
3702 25 2.021375
3702 46 1.1073269
3718 1 1.0
3718 3 3.3298893
3718 7 2.5772703
3718 11 3.444253
3718 28 3.0149143
3719 4 1.3448168
3719 10 1.7301629
3719 11 1.5319228
3719 30 1.0
3719 50 1.0
3723 1 4.604948
3723 13 1.993746
3723 16 3.2249866
3723 30 1.0
3723 52 2.2467072
3724 4 2.3668418
3724 7 2.3896823
3724 17 1.7156242
3724 32 2.2263422
3724 38 2.8144166
3727 1 5.0
3727 3 1.6066161
3727 6 1.7233734
3727 16 1.3642511
3727 31 1.0008096
3747 3 4.04901
3747 7 3.8150334
3747 8 3.2186363
3747 19 3.3919766
3747 28 3.5664663
3751 3 4.0541615
3751 24 3.2054536
3751 25 2.4077709
3751 31 2.8260925
3751 54 3.7521508
3753 1 5.0
3753 10 3.862458
3753 11 4.0425615
3753 40 3.8971033
3753 53 3.2159095
3754 7 3.2920847
3754 16 3.5330884
3754 18 2.0470767
3754 32 3.2870455
3754 53 2.392474
3755 2 3.1214094
3755 6 3.4285903
3755 10 3.0909839
3755 17 2.8194065
3755 62 3.5209868
3757 1 1.5763614
3757 9 4.0087714
3757 12 3.0925546
3757 28 3.2497609
3757 62 3.7083752
3762 1 3.1182067
3762 8 2.7095282
3762 14 2.3191233
3762 22 2.5335293
3762 60 1.3807046
3766 2 2.2494152
3766 6 2.1147356
3766 8 2.099986
3766 50 2.7683854
3766 76 1.461462
3771 2 3.0309234
3771 4 3.812784
3771 12 3.579524
3771 31 2.8827813
3771 48 2.1805444
3775 1 1.0
3775 11 3.461445
3775 14 4.168541
3775 20 4.61392
3775 26 3.7382836
3776 1 5.0
3776 6 3.5775723
3776 7 3.5229766
3776 15 3.5413842
3776 29 2.7882495
3787 1 1.1364815
3787 11 2.0849855
3787 12 1.4482094
3787 21 1.5507181
3787 57 1.0
3797 1 3.8996608
3797 7 4.0665174
3797 9 4.379727
3797 13 3.531068
3797 58 3.9655566
3802 2 3.6310499
3802 7 3.6847484
3802 9 4.0550904
3802 26 3.3430903
3802 36 2.6272607
3812 2 3.7576663
3812 11 3.7823694
3812 14 3.7745187
3812 18 2.8521514
3812 44 1.4182347
3813 6 2.6177957
3813 12 3.1613488
3813 23 5.0
3813 28 3.1816578
3813 42 4.762782
3817 2 4.205147
3817 9 5.0
3817 13 3.5614529
3817 20 4.8302507
3817 35 3.7017555
3820 3 4.00773
3820 7 3.9190974
3820 10 3.9098234
3820 14 4.1345277
3820 65 3.373995
3822 6 3.4312227
3822 8 3.8208077
3822 13 3.1141872
3822 22 3.7049074
3822 52 2.9947753
3823 2 3.6392627
3823 6 4.0762043
3823 7 3.7426705
3823 26 3.3217149
3823 59 4.3847246
3829 3 4.1027937
3829 8 4.3283415
3829 11 4.1694098
3829 18 3.3226562
3829 50 3.0849636
3832 9 3.6781878
3832 12 3.1685352
3832 13 2.5040243
3832 22 3.1780732
3832 39 2.076273
3835 1 3.485635
3835 3 3.1994169
3835 5 2.5597486
3835 13 2.2999046
3835 40 2.6672473
3837 1 3.3913505
3837 11 2.99105
3837 22 2.7437477
3837 41 2.0150385
3837 62 2.9957387
3843 3 2.9517355
3843 15 1.9919415
3843 19 2.1231039
3843 32 2.0152178
3843 48 2.4503236
3851 5 1.0
3851 19 2.0291996
3851 22 2.3962789
3851 26 2.2920969
3851 52 3.6874304
3858 3 1.6143789
3858 20 1.2156157
3858 22 1.0469414
3858 34 1.0
3858 55 1.0
3861 3 4.174522
3861 12 4.0412855
3861 14 3.913866
3861 24 3.046642
3861 43 2.8815424
3864 2 2.6551507
3864 9 3.441477
3864 12 2.705286
3864 44 2.5284102
3864 60 1.0797013
3865 9 3.7898335
3865 23 3.7973204
3865 26 2.480006
3865 34 2.7545722
3865 62 3.5670063
3872 2 4.290763
3872 11 2.8148754
3872 12 3.6452167
3872 23 2.5940995
3872 50 1.7711744
3878 2 2.3308733
3878 14 2.171166
3878 21 2.2736948
3878 27 2.4897585
3878 45 2.2433712
3898 4 3.2101383
3898 12 3.4637954
3898 13 3.2836864
3898 24 3.2185888
3898 58 3.0254323
3905 3 2.6329775
3905 17 2.5428271
3905 19 3.165328
3905 25 2.0163705
3905 59 2.4938827
3916 1 2.1540706
3916 11 1.871183
3916 12 2.4281807
3916 29 1.0
3916 81 1.3249378
3918 4 3.3978424
3918 19 3.5737493
3918 26 3.7107213
3918 30 3.805906
3918 54 3.2669685
3920 1 2.9493668
3920 6 2.5892544
3920 9 3.5522118
3920 20 3.9318295
3920 30 1.5407476
3921 1 2.4342663
3921 7 1.0
3921 8 1.0662355
3921 25 1.0
3921 64 1.0
3925 6 1.8769503
3925 17 1.2472533
3925 18 1.0
3925 28 1.9606175
3925 75 1.9399832
3926 7 1.9080379
3926 9 2.4966767
3926 11 2.0940063
3926 13 1.0
3926 53 1.4520758
3927 5 2.6339455
3927 7 3.1628137
3927 10 3.319248
3927 12 3.3383818
3927 58 3.024458
3930 2 3.9219606
3930 5 3.6323457
3930 8 2.6717381
3930 16 2.8793516
3930 38 2.6938264
3941 1 3.864605
3941 4 3.780892
3941 5 3.5825274
3941 17 3.3535953
3941 40 3.564362
3947 2 3.3154407
3947 13 3.5739737
3947 19 3.6305473
3947 25 3.4414172
3947 65 3.2107496
3950 5 3.6908424
3950 14 4.20951
3950 15 3.865725
3950 29 3.3790162
3950 73 3.818688
3951 5 3.3331347
3951 12 3.9144104
3951 13 3.33892
3951 31 3.0892794
3951 53 2.9925976
3958 2 4.9739976
3958 5 2.3366332
3958 6 1.8010006
3958 11 2.3974388
3958 64 2.5692837
3959 4 1.115975
3959 10 2.1987336
3959 12 1.9102352
3959 26 2.4676604
3959 44 1.8747189
3970 3 1.9720358
3970 8 2.453787
3970 19 1.5510416
3970 30 1.0
3970 42 3.0300243
3979 1 4.254758
3979 15 3.534441
3979 18 2.8367763
3979 33 3.0397706
3979 42 3.989365
3981 1 1.9964303
3981 5 1.9478174
3981 11 2.3693333
3981 23 2.651874
3981 39 3.1843355
3982 4 1.531718
3982 17 1.2118993
3982 21 3.2113109
3982 35 2.9064586
3982 63 4.1409354
3985 1 3.055237
3985 15 1.0
3985 16 1.0
3985 18 1.0
3985 49 1.587201
3989 3 2.8538377
3989 10 3.717329
3989 14 2.560368
3989 17 2.2527144
3989 33 2.5022006
3992 4 3.3762658
3992 12 3.4891999
3992 21 3.197171
3992 23 4.063041
3992 44 2.046481
3999 2 1.5284789
3999 5 1.0
3999 16 2.5897596
3999 19 1.3756185
3999 72 1.0
4024 4 3.0103831
4024 6 4.421613
4024 7 1.6532474
4024 15 1.9708555
4024 61 4.562969
4032 4 4.233513
4032 12 3.136118
4032 13 2.5558848
4032 30 3.274807
4032 66 2.5006297
4034 3 3.561142
4034 13 2.5695572
4034 15 2.85636
4034 33 2.5073717
4034 50 2.5095868
4042 1 2.9703448
4042 4 2.3316324
4042 10 2.9530401
4042 21 2.8753748
4042 59 2.960935
4046 7 2.8932302
4046 11 3.5005186
4046 14 2.8260963
4046 18 2.1147425
4046 44 1.0
4048 2 3.9597201
4048 10 4.1946087
4048 12 4.005682
4048 17 3.0448127
4048 43 3.2481887
4059 2 1.9469353
4059 5 1.0902311
4059 7 1.6396312
4059 9 2.234651
4059 46 1.0
4061 2 2.4532187
4061 5 5.0
4061 7 5.0
4061 26 2.7929602
4061 59 1.2713763
4062 2 1.6371393
4062 10 2.1568236
4062 15 1.6460263
4062 21 2.021821
4062 38 2.2498522
4068 1 5.0
4068 7 1.5438684
4068 10 2.6076355
4068 16 2.3554444
4068 59 1.8471264
4077 4 2.3790607
4077 14 2.3954582
4077 18 1.4291909
4077 29 1.6450729
4077 64 1.6350458
4080 4 2.3143404
4080 9 2.9471679
4080 10 2.8230565
4080 14 2.363866
4080 54 3.415435
4096 1 1.0
4096 6 2.1536443
4096 13 1.7910821
4096 42 2.3554702
4096 47 2.0358412
4099 5 4.655745
4099 9 4.550602
4099 12 3.8540053
4099 26 3.6988804
4099 50 2.7389178
4100 5 1.3718705
4100 22 2.208161
4100 23 1.715276
4100 26 1.0974836
4100 38 2.6775239
4103 4 1.0
4103 12 2.5456848
4103 21 1.0
4103 35 2.7271173
4103 52 5.0
4107 3 3.2941175
4107 6 1.0
4107 15 3.8215857
4107 20 4.3748846
4107 47 3.000889
4109 1 3.23004
4109 6 2.7634068
4109 9 3.493621
4109 23 3.1998086
4109 47 2.6297488
4116 1 3.0637825
4116 6 3.2814593
4116 8 4.638257
4116 12 3.2494004
4116 23 3.1876006
4118 1 2.8410916
4118 12 3.0272913
4118 18 1.7584333
4118 23 2.65251
4118 57 1.2798414
4125 8 1.0
4125 13 1.0
4125 19 1.0
4125 24 1.0
4125 50 1.0
4133 1 4.264674
4133 5 3.4543662
4133 20 4.3443027
4133 22 3.6659055
4133 50 2.9882407
4136 3 2.6869993
4136 7 2.3516445
4136 10 3.185438
4136 22 2.3651493
4136 36 1.5217962
4137 7 1.2485268
4137 16 3.161955
4137 17 2.5237644
4137 24 2.4987583
4137 81 4.391321
4140 2 3.228973
4140 5 2.854893
4140 10 3.7809024
4140 18 2.400201
4140 51 2.7751613
4146 4 2.4671164
4146 9 3.0110028
4146 12 3.1061199
4146 16 2.758532
4146 41 1.7695382
4147 2 2.9920783
4147 4 5.0
4147 6 3.4548914
4147 11 4.250718
4147 58 5.0
4150 3 3.3370812
4150 11 2.2189243
4150 12 2.0036387
4150 22 1.9479804
4150 46 4.4215045
4157 2 1.8650594
4157 11 2.0763166
4157 20 1.0
4157 27 3.6952057
4157 32 1.5855645
4161 1 2.0731971
4161 3 2.1048388
4161 10 2.15805
4161 13 1.1224786
4161 56 1.0
4180 2 3.126365
4180 6 1.0
4180 9 3.6513398
4180 13 2.4701908
4180 32 2.4140224
4183 1 4.9889755
4183 4 3.3640354
4183 7 3.3913047
4183 11 3.5533183
4183 40 2.5201747
4187 4 2.339175
4187 10 2.829794
4187 15 2.4016852
4187 23 1.0
4187 39 2.4032946
4194 4 3.0192494
4194 8 3.9397318
4194 11 3.7671423
4194 15 3.0629516
4194 33 3.3126833
4197 11 1.0
4197 16 1.2409672
4197 20 1.676741
4197 27 1.0
4197 35 1.0
4203 9 4.662423
4203 11 4.002833
4203 15 3.8668225
4203 32 3.995988
4203 38 3.9034142
4217 7 3.1209188
4217 17 2.769625
4217 18 2.116537
4217 21 3.2962492
4217 34 2.7520337
4218 1 3.8272686
4218 15 2.3080637
4218 21 3.0638707
4218 27 3.286173
4218 42 1.2241888
4226 3 1.1276201
4226 14 1.1290432
4226 24 1.0
4226 38 1.3874989
4226 73 1.0
4233 2 2.1170404
4233 5 1.0
4233 10 2.1520813
4233 15 1.0
4233 42 1.2783166
4238 1 1.968422
4238 4 2.2461822
4238 13 1.9192312
4238 21 2.7721374
4238 51 1.9340159
4252 2 2.3620753
4252 6 3.0990696
4252 8 3.506244
4252 16 2.5922136
4252 35 2.5274434
4262 6 3.0566397
4262 11 2.8143044
4262 14 2.3479056
4262 28 2.8417459
4262 67 2.5593295
4269 1 2.692715
4269 8 1.0
4269 12 3.045447
4269 21 2.7409132
4269 31 2.0525775
4272 4 2.462657
4272 8 2.554745
4272 14 3.3902776
4272 22 2.8115075
4272 29 1.9466563
4285 1 4.2588606
4285 4 4.5920115
4285 13 3.9197526
4285 20 4.6328783
4285 41 3.2586677
4291 1 3.7596693
4291 6 5.0
4291 7 1.2310473
4291 17 1.0
4291 31 1.2869031
4309 7 3.1645231
4309 17 2.3647125
4309 30 3.0664444
4309 46 3.178129
4309 71 2.5239913
4312 1 2.617825
4312 11 2.2348433
4312 12 2.346649
4312 18 1.2135004
4312 42 2.004826
4313 6 3.3982239
4313 22 3.8087127
4313 24 3.2613552
4313 29 2.9145708
4313 60 3.1874716
4319 5 4.0972924
4319 10 4.221889
4319 12 3.5885813
4319 23 3.7288249
4319 29 4.596932
4331 5 5.0
4331 11 3.0572176
4331 29 1.9426407
4331 41 2.4123669
4331 64 2.2798853
4338 9 3.806041
4338 12 3.2597945
4338 18 2.0556338
4338 20 3.0633101
4338 45 2.751257
4341 2 3.8918931
4341 7 3.9370103
4341 9 4.5568905
4341 13 3.1868052
4341 70 3.3154314
4343 2 1.4240386
4343 6 1.7518725
4343 7 1.1780336
4343 14 1.189657
4343 38 1.5924722
4347 2 2.8698404
4347 4 2.7240145
4347 9 3.4407334
4347 18 2.3352988
4347 38 3.018001
4355 4 3.7386608
4355 7 4.177196
4355 8 3.910873
4355 22 3.8341959
4355 58 3.4095225
4360 5 3.7626693
4360 13 3.872699
4360 22 3.7676246
4360 26 3.8071895
4360 30 2.6129653
4376 1 3.0204806
4376 8 1.0
4376 9 3.146498
4376 22 2.7087674
4376 35 2.4016745
4380 3 2.7379816
4380 5 2.1874223
4380 6 1.8972399
4380 9 3.202041
4380 46 1.5773133
4383 5 2.1552596
4383 11 2.717041
4383 12 2.881923
4383 34 2.0391219
4383 47 2.265356
4392 1 4.2864285
4392 6 3.7654905
4392 16 4.120897
4392 28 3.8232687
4392 70 2.5528314
4408 2 1.6788554
4408 13 1.8512968
4408 14 2.2638185
4408 16 2.3520832
4408 48 1.8910081
4415 1 3.9641466
4415 3 3.7934883
4415 7 3.4502864
4415 19 2.2101607
4415 45 3.4591675
4422 2 1.5201937
4422 6 1.0
4422 12 1.8372362
4422 15 1.0
4422 28 1.3992054
4425 4 2.7080312
4425 10 4.114664
4425 11 2.063627
4425 21 3.8370004
4425 38 3.7060525
4428 1 3.1809933
4428 9 3.3792193
4428 15 1.7620255
4428 21 2.2295756
4428 46 1.0
4434 1 4.115515
4434 4 3.5820088
4434 6 3.633603
4434 19 3.3068569
4434 96 1.0
4436 6 2.2942753
4436 8 2.689261
4436 9 3.9853883
4436 17 2.7983775
4436 26 2.3224783
4440 1 1.0
4440 5 2.3654342
4440 8 5.0
4440 29 2.0085123
4440 41 2.5747519
4441 4 3.285307
4441 12 3.2990475
4441 15 2.9919004
4441 25 2.5857334
4441 29 2.275666
4443 4 3.9642637
4443 9 5.0
4443 10 4.253367
4443 44 1.0
4443 79 5.0
4454 1 3.5728745
4454 6 1.7274554
4454 9 4.093539
4454 13 2.8141332
4454 35 3.3105824
4458 2 3.6658046
4458 4 3.3709776
4458 5 3.1827915
4458 15 3.2603269
4458 24 3.0749402
4465 1 1.0
4465 5 3.0561628
4465 6 3.9938254
4465 8 3.5574112
4465 33 2.9612565
4469 2 2.4396205
4469 10 2.2846909
4469 11 2.1487505
4469 28 1.7342292
4469 46 2.125461
4474 3 4.3486986
4474 5 3.1915994
4474 10 4.0078487
4474 20 4.449333
4474 46 4.525291
4480 1 4.2693224
4480 7 3.7712855
4480 9 4.2165666
4480 16 3.9185553
4480 62 3.9477518
4481 3 1.8209587
4481 12 1.657756
4481 16 1.7192707
4481 25 1.0
4481 41 1.0
4482 1 4.8305583
4482 7 3.1655474
4482 15 2.5247405
4482 18 1.7986176
4482 53 2.1329582
4493 2 3.1832275
4493 4 3.1896603
4493 9 3.5087204
4493 12 3.366968
4493 42 3.6433525
4499 1 3.8021173
4499 10 2.6371493
4499 16 3.0176046
4499 26 1.5838956
4499 54 3.0809147
4518 5 2.3798373
4518 14 2.3190455
4518 15 2.3152297
4518 19 2.0458314
4518 27 2.7059457
4519 4 3.1276498
4519 16 3.281618
4519 20 5.0
4519 27 2.551721
4519 80 3.1060803
4520 5 1.0917648
4520 10 2.1908808
4520 12 3.333434
4520 31 3.3565254
4520 62 2.9592903
4523 3 5.0
4523 9 4.4963355
4523 11 4.4195347
4523 17 3.4412065
4523 23 1.7089306
4524 5 3.1253018
4524 10 3.6963308
4524 12 4.033278
4524 19 3.2579684
4524 42 3.7810905
4528 3 1.0
4528 12 3.3135533
4528 14 1.0
4528 18 2.0246542
4528 55 1.7809184
4529 1 3.7658772
4529 8 3.2572563
4529 12 4.0413218
4529 20 4.371769
4529 31 3.1669245
4537 1 1.2327974
4537 8 2.0569649
4537 10 1.9841882
4537 28 1.9503531
4537 60 2.4380033
4539 6 2.6929672
4539 13 3.6642048
4539 22 5.0
4539 31 4.7494736
4539 60 3.6941917
4549 1 3.8877027
4549 9 4.047431
4549 10 3.36463
4549 13 3.1302528
4549 30 2.640053
4553 1 5.0
4553 11 4.074462
4553 13 3.5340905
4553 21 4.1926947
4553 45 3.6879358
4559 2 4.0970755
4559 17 2.9317017
4559 18 2.8425565
4559 39 2.730033
4559 62 2.705724
4572 2 1.8316464
4572 8 2.3561954
4572 10 2.7669206
4572 14 1.7979226
4572 48 1.38796
4575 13 3.4964378
4575 15 3.803
4575 16 4.3343353
4575 20 4.570221
4575 52 3.2600908
4588 10 3.8599434
4588 18 2.4848962
4588 19 3.1291234
4588 27 3.973761
4588 37 3.8170466
4591 1 3.5471864
4591 7 3.4331875
4591 13 3.291716
4591 18 2.739375
4591 37 4.041084
4592 1 1.0352743
4592 7 2.349576
4592 12 2.9134188
4592 21 2.7489214
4592 46 1.8214455
4593 4 2.2102103
4593 11 2.7970824
4593 18 1.5015923
4593 21 2.2712183
4593 40 1.2377789
4597 2 2.797176
4597 5 2.6151633
4597 8 2.8756993
4597 22 2.6681256
4597 28 2.7790058
4601 2 3.3181815
4601 8 2.7774422
4601 15 3.198717
4601 29 2.6270719
4601 52 2.443669
4606 1 4.475817
4606 6 4.1037254
4606 10 4.1507883
4606 24 3.1867676
4606 33 3.3158104
4610 7 1.0
4610 10 1.2769228
4610 12 1.6855654
4610 15 1.0
4610 79 1.0
4612 2 3.5890386
4612 7 3.2587848
4612 8 3.4718304
4612 16 3.7175958
4612 35 3.2246702
4616 3 2.383002
4616 12 2.19572
4616 14 2.2190852
4616 22 1.8380797
4616 65 1.0
4625 1 3.626491
4625 14 1.9111488
4625 18 1.0
4625 30 1.7895575
4625 46 2.542623
4634 1 5.0
4634 12 4.266018
4634 13 3.8189635
4634 23 5.0
4634 36 3.6666481
4636 1 4.550912
4636 8 4.3410068
4636 18 2.8764477
4636 22 3.5736418
4636 39 3.5022626
4642 4 1.0
4642 7 1.0
4642 15 1.0
4642 43 1.0
4642 60 1.0
4646 3 3.63673
4646 10 3.4940095
4646 13 2.5349371
4646 17 2.6373415
4646 42 3.379961
4655 13 2.50921
4655 15 2.5674484
4655 16 3.2054927
4655 26 2.9220104
4655 63 2.3468068
4659 8 3.484043
4659 13 3.7658696
4659 16 4.4131594
4659 20 4.642501
4659 36 3.6627483
4664 1 3.7730618
4664 4 3.5917077
4664 5 2.162862
4664 10 3.3022237
4664 21 3.1385565
4665 1 3.3639011
4665 8 3.3729088
4665 11 3.538671
4665 28 3.440219
4665 58 3.676888
4675 2 4.231297
4675 9 4.5167
4675 15 3.4863844
4675 20 4.8485155
4675 55 4.076834
4682 1 4.205002
4682 9 4.200175
4682 16 3.681028
4682 21 3.6146162
4682 38 3.8456461
4683 6 3.0115912
4683 10 2.715746
4683 11 2.5813181
4683 21 3.0472205
4683 95 1.560883
4684 1 3.8257775
4684 4 4.572356
4684 10 4.0335116
4684 23 4.085214
4684 58 3.2088215
4691 4 5.0
4691 15 1.8057493
4691 16 3.3035665
4691 32 2.68688
4691 50 5.0
4696 8 1.0
4696 16 2.0702295
4696 20 2.2297344
4696 28 1.796676
4696 52 1.8444778
4697 4 3.2943416
4697 7 4.007966
4697 9 4.733311
4697 16 3.5078363
4697 47 3.1201925
4712 2 2.6692934
4712 8 2.0666957
4712 11 2.5073383
4712 14 2.74585
4712 43 1.4257903
4717 3 3.3642342
4717 8 2.9357464
4717 9 3.4235263
4717 26 3.324684
4717 73 2.410515
4718 1 4.448564
4718 3 3.0212305
4718 5 2.256171
4718 21 2.9043322
4718 78 1.9347061
4720 1 4.55386
4720 7 3.8306432
4720 22 3.7692764
4720 31 3.5783255
4720 41 3.1920881
4729 1 4.1756353
4729 5 3.4476414
4729 8 3.8792844
4729 15 3.6203945
4729 45 3.9464626
4735 5 3.4459288
4735 15 3.5227287
4735 18 2.7182364
4735 30 2.9846702
4735 56 2.9453254
4738 7 2.992735
4738 14 1.0
4738 19 3.5407538
4738 24 3.6189985
4738 42 1.0
4741 6 2.4038854
4741 14 2.7021306
4741 16 2.8111353
4741 20 3.0710676
4741 37 2.487536
4746 5 2.0571885
4746 14 2.31262
4746 21 2.31991
4746 35 1.7463225
4746 57 1.0
4760 3 3.5951576
4760 15 3.480644
4760 22 3.3299024
4760 35 3.523115
4760 54 3.4544191
4761 2 4.0957103
4761 18 2.202385
4761 24 2.465757
4761 32 3.3157816
4761 45 2.6583045
4763 1 3.7320395
4763 4 3.501235
4763 8 3.3543673
4763 13 3.0020065
4763 25 2.9786143
4773 4 1.387027
4773 8 1.0
4773 11 2.4686668
4773 21 2.7939785
4773 40 2.6496973
4774 4 2.8029625
4774 10 1.6732074
4774 11 2.3248165
4774 23 2.1059544
4774 76 1.3809106
4775 10 4.681111
4775 22 4.193474
4775 25 3.7153633
4775 32 4.233691
4775 70 3.5919676
4786 2 3.335571
4786 7 3.8638308
4786 15 3.473203
4786 21 3.5115185
4786 56 2.368368
4790 1 1.0
4790 10 1.0
4790 20 1.0
4790 27 1.0
4790 61 1.0
4792 4 3.1083753
4792 6 5.0
4792 12 4.1156745
4792 24 2.9102209
4792 77 5.0
4795 4 2.4365253
4795 11 2.0930552
4795 12 3.0923548
4795 17 1.3350701
4795 29 2.2858312
4800 2 3.5261002
4800 4 4.0408487
4800 5 3.1885803
4800 17 2.8867238
4800 37 3.3633118
4806 1 2.1600332
4806 8 1.0
4806 16 1.0
4806 30 1.5694169
4806 42 1.0
4808 1 3.0286207
4808 6 3.0082853
4808 18 2.5555036
4808 25 2.4608207
4808 81 3.2474422
4809 1 1.8015133
4809 8 1.0
4809 16 3.1701736
4809 24 2.2650898
4809 47 2.020451
4817 4 2.4067147
4817 6 2.6481657
4817 8 1.0
4817 13 1.0
4817 45 1.5174628
4819 2 3.5004508
4819 6 2.7042031
4819 7 3.0878153
4819 16 4.046041
4819 65 2.74175
4832 4 2.461461
4832 8 3.3719714
4832 9 3.7437398
4832 22 2.5029893
4832 34 2.4350266
4833 1 5.0
4833 15 1.882727
4833 18 1.9717528
4833 29 1.5711435
4833 41 5.0
4835 13 3.2374785
4835 26 3.5203915
4835 30 2.8227625
4835 38 4.2058764
4835 46 5.0
4837 1 2.554746
4837 5 2.428814
4837 6 2.4799275
4837 21 2.94338
4837 48 2.4857323
4841 6 5.0
4841 16 3.6968994
4841 17 2.7282887
4841 29 2.620674
4841 43 2.1301854
4844 11 2.2720897
4844 16 2.5932326
4844 18 1.3944519
4844 39 1.7195126
4844 69 1.5969361
4854 1 3.4085064
4854 7 2.8568926
4854 9 1.6187527
4854 22 1.0
4854 46 4.8986864
4856 4 1.0
4856 9 2.405574
4856 10 1.0
4856 24 1.525486
4856 58 1.0
4873 5 3.6315835
4873 9 4.047292
4873 13 3.5424476
4873 25 2.8197806
4873 35 3.2251818
4882 2 4.233544
4882 22 3.4567304
4882 24 3.3428597
4882 28 3.5911527
4882 90 2.901743
4883 4 3.6728284
4883 8 4.019154
4883 9 5.0
4883 27 3.613178
4883 76 3.319297
4889 3 1.129886
4889 6 1.0
4889 7 1.0
4889 11 1.0
4889 70 1.0189079
4896 2 2.5229921
4896 19 1.3560045
4896 24 1.6776562
4896 31 1.6127496
4896 71 1.4980819
4900 3 4.046241
4900 12 3.8437548
4900 17 3.363498
4900 32 3.6473956
4900 47 3.4573944
4902 3 5.0
4902 6 1.0
4902 7 1.0
4902 11 1.0
4902 40 1.0
4904 8 3.9238925
4904 12 4.041211
4904 13 3.3218312
4904 20 4.1475334
4904 63 3.3246536
4911 2 2.596407
4911 4 2.8586006
4911 8 3.5814693
4911 10 3.435347
4911 47 1.8848928
4912 9 3.9941323
4912 13 3.0752
4912 14 3.1828778
4912 17 2.9446118
4912 61 2.974155
4915 1 4.095531
4915 16 2.9235451
4915 23 4.7409573
4915 26 2.6938932
4915 30 2.1964571
4920 2 1.5598071
4920 5 1.0
4920 12 1.967139
4920 22 1.3657773
4920 50 2.5430894
4924 1 2.0219688
4924 11 1.0
4924 16 1.0
4924 36 1.0
4924 87 1.0
4929 3 3.823133
4929 6 3.1769626
4929 9 3.859972
4929 14 2.776507
4929 61 2.5963326
4937 7 1.0
4937 11 1.0
4937 12 2.0449436
4937 22 1.0
4937 30 2.6714797
4939 3 3.4367292
4939 8 3.7919464
4939 10 4.1943417
4939 26 1.0
4939 45 3.16532
4940 2 2.9424205
4940 9 2.169283
4940 13 2.5910907
4940 19 2.1663508
4940 42 3.1277385
4942 1 2.6743567
4942 12 2.2477016
4942 19 2.2500482
4942 28 2.4161732
4942 51 1.8127928
4949 3 2.845479
4949 16 2.7364156
4949 17 2.284249
4949 21 2.7725198
4949 55 2.1698549
4950 4 2.8546207
4950 16 3.4138534
4950 21 2.7490678
4950 30 1.0
4950 74 3.6610794
4958 1 5.0
4958 13 3.5763874
4958 18 3.0786061
4958 22 3.9482183
4958 43 3.2166748
4963 2 2.8132975
4963 4 2.518313
4963 9 3.7820451
4963 35 2.4526846
4963 44 2.04616
4977 1 3.459756
4977 10 3.4722831
4977 11 3.042306
4977 14 2.8890066
4977 26 2.6786315
4980 5 1.3051534
4980 17 1.9555225
4980 19 1.0
4980 26 1.4471515
4980 42 1.0
4981 2 1.3244234
4981 10 1.0
4981 22 1.2088909
4981 25 1.0
4981 74 1.2577989
4982 6 1.0
4982 15 5.0
4982 16 3.6316864
4982 30 3.140292
4982 77 2.0704992
4993 4 3.3858855
4993 11 3.371618
4993 13 2.5628028
4993 41 3.7317219
4993 67 3.6454103
5000 3 3.9204009
5000 5 2.1936193
5000 9 3.3239748
5000 20 2.503429
5000 43 2.3345551
