6 1 2.7122223
6 7 2.849359
6 12 2.8670642
6 35 2.2736173
6 47 2.2564862
12 8 3.3618832
12 14 3.450811
12 16 3.9386964
12 20 3.8307054
12 43 2.7371867
14 5 2.2675662
14 10 3.1082778
14 15 1.606911
14 25 1.9637791
14 52 1.124577
15 7 3.4200578
15 10 3.7028358
15 16 3.4144146
15 36 2.4576778
15 61 2.753594
19 8 3.3027043
19 23 3.3465245
19 25 2.4413228
19 35 2.7307844
19 62 3.5603044
20 1 3.3291502
20 13 2.571646
20 14 2.8627138
20 25 1.976169
20 56 2.2374704
27 1 3.1834471
27 6 2.8112428
27 7 1.4959446
27 19 2.0988233
27 73 2.390472
29 4 2.6392071
29 16 2.974252
29 28 2.7898753
29 37 2.0936863
29 51 2.054908
32 2 3.3594527
32 5 2.1990123
32 12 2.9403448
32 23 2.9738605
32 49 1.0
38 7 2.8047242
38 11 2.654173
38 12 2.7693558
38 20 3.3188958
38 53 2.0978525
45 1 3.2696729
45 5 2.8897316
45 7 3.4874337
45 15 2.8156981
45 43 2.57802
49 1 3.2419236
49 8 2.6941416
49 11 3.248068
49 18 1.9570191
49 46 3.3080406
50 11 3.0211442
50 20 3.501666
50 29 2.2020783
50 35 2.670783
50 50 2.1031427
52 1 3.491927
52 10 3.2069314
52 11 2.850604
52 19 1.4055275
52 31 2.0175068
53 1 3.44572
53 19 1.9130046
53 20 2.9464266
53 25 2.012041
53 42 2.9778538
54 6 2.6961732
54 9 3.6370034
54 16 3.247021
54 29 2.0507474
54 86 1.0
73 3 3.1659653
73 17 2.1280057
73 19 2.2848988
73 28 2.4550378
73 53 1.8369563
74 2 2.4986038
74 9 1.8389428
74 10 2.7563236
74 23 2.6768284
74 80 2.0753946
75 1 3.1981916
75 8 2.7305632
75 9 3.3543518
75 14 2.674518
75 42 3.0015144
76 2 3.1178453
76 6 2.6604264
76 10 3.3641338
76 14 3.406883
76 54 3.2803974
77 2 3.08222
77 10 3.2212706
77 11 3.0351198
77 16 3.2138283
77 27 3.1141124
79 1 3.1497917
79 10 3.3020291
79 12 3.4747782
79 23 3.1205559
79 36 2.03886
80 6 2.5876832
80 17 2.0430758
80 22 2.7530334
80 28 2.720656
80 38 3.3556366
87 5 3.193945
87 14 3.3263223
87 19 2.682309
87 24 2.5820498
87 45 3.388105
93 2 3.3649564
93 11 3.3691418
93 12 3.4554691
93 18 2.326479
93 37 3.105477
108 2 2.6005638
108 5 2.1253953
108 6 2.7789433
108 18 1.9718306
108 60 1.806028
112 1 2.613078
112 6 1.0
112 9 3.0302927
112 25 1.152159
112 98 1.0
118 3 3.3619282
118 13 2.1858373
118 16 3.0682354
118 32 2.7621922
118 47 2.5595262
120 1 3.2897933
120 6 2.6205566
120 8 4.419202
120 20 3.6383379
120 47 2.6933384
123 3 3.39391
123 9 4.123349
123 13 2.8417037
123 19 2.403734
123 63 2.6150265
125 5 2.1899457
125 9 3.3058228
125 12 3.0901606
125 14 2.707657
125 48 3.229556
126 2 3.231753
126 6 2.8160057
126 9 4.2666855
126 12 3.4951966
126 42 3.2380157
132 4 3.0389404
132 11 3.1780026
132 25 2.3088763
132 33 2.5625074
132 74 3.1857424
135 7 3.6257887
135 12 3.1247962
135 21 3.5085618
135 24 2.4032958
135 74 2.8753443
138 14 3.344571
138 19 2.5185022
138 24 2.3587172
138 29 1.9494185
138 52 2.3126714
141 6 2.8947613
141 9 3.6535337
141 12 3.251484
141 21 3.2440348
141 62 4.254237
145 3 2.9650178
145 25 1.6348844
145 28 2.188915
145 40 1.6774623
145 47 2.275666
151 7 3.0201623
151 15 2.666484
151 17 2.0707037
151 21 3.5330904
151 49 2.516074
160 3 3.5592966
160 17 2.4807632
160 18 2.0608919
160 20 3.675954
160 54 2.89625
167 4 2.0523257
167 9 3.3664236
167 12 2.9310477
167 19 2.1691577
167 48 1.5179042
173 3 3.751861
173 7 3.3602173
173 8 3.233193
173 10 3.6715791
173 16 3.5718493
175 5 2.52297
175 19 2.128536
175 22 2.7035947
175 27 3.122488
175 37 2.7279558
178 2 3.0342042
178 5 2.7194054
178 9 3.5479739
178 15 2.7799027
178 27 3.4097126
179 5 2.3907945
179 9 3.3820713
179 10 3.2353344
179 24 2.241754
179 41 2.0452313
183 2 3.3173053
183 18 2.3769894
183 20 3.742839
183 26 3.0616534
183 53 3.5459433
195 1 3.3102167
195 7 3.095738
195 9 4.1514215
195 21 3.3024044
195 64 2.8473577
205 1 3.377248
205 5 2.9774597
205 8 2.7666543
205 12 3.2003148
205 43 2.1867263
212 2 2.2702727
212 17 1.9787866
212 19 2.0909958
212 30 1.9712044
212 37 2.356255
215 1 3.3359773
215 14 3.096902
215 22 2.6780534
215 36 2.272454
215 48 3.4205773
218 1 2.690443
218 25 2.2743826
218 30 1.0
218 38 3.004407
218 55 2.403541
238 1 3.1914687
238 7 2.5062609
238 9 2.5659537
238 17 2.0933743
238 41 1.987122
240 1 3.4810705
240 7 3.0876844
240 13 2.5089107
240 28 2.8820674
240 63 2.50663
242 4 2.5774999
242 6 2.6176603
242 10 2.7912693
242 16 3.2192185
242 37 2.537008
249 2 2.93933
249 8 2.577173
249 9 3.587325
249 19 2.2992191
249 65 2.0815346
250 6 2.75005
250 10 3.3303344
250 24 2.1051316
250 32 2.8172119
250 51 2.5304563
259 2 3.4687712
259 14 3.457055
259 22 3.2643688
259 36 2.718124
259 47 3.0369198
262 2 2.7421565
262 6 2.4556236
262 19 2.1127393
262 28 2.6205025
262 35 2.3505828
263 1 2.9529068
263 4 2.5289536
263 7 2.3190248
263 13 1.6708674
263 18 1.531277
267 3 3.1115515
267 11 3.0156703
267 17 2.0712698
267 21 2.7787328
267 81 2.391472
275 1 2.2530568
275 10 2.931573
275 13 1.1279224
275 20 2.950756
275 32 2.367405
279 1 3.3409708
279 5 2.5793622
279 13 2.39274
279 19 2.3912656
279 58 2.9167395
286 5 3.0695832
286 8 3.8432388
286 10 3.5736046
286 17 2.7221055
286 60 2.7250018
287 7 2.5666482
287 17 2.18235
287 18 1.7498654
287 29 1.7236733
287 61 1.9996834
289 4 3.1826825
289 14 3.717144
289 17 2.5184882
289 25 2.6614826
289 52 2.8709917
294 2 2.4879506
294 8 2.432624
294 12 2.365108
294 30 1.5940781
294 49 1.8387504
295 2 2.8314576
295 6 2.7738914
295 7 2.923377
295 15 2.6489093
295 31 2.3362343
298 1 3.17623
298 6 2.7438507
298 9 3.3617496
298 18 1.8899602
298 61 2.0292578
299 1 3.6218054
299 10 3.685522
299 24 2.735846
299 31 2.8146472
299 71 2.930942
317 2 3.1224782
317 9 3.5383415
317 10 3.3915083
317 22 2.7141626
317 47 2.6990097
322 1 3.2316227
322 13 2.1378605
322 17 2.0200937
322 20 3.2849379
322 26 2.118511
329 3 3.4897914
329 8 4.188757
329 11 3.3019578
329 22 3.045478
329 56 3.2257946
335 2 3.0780537
335 11 3.0223713
335 14 3.1920784
335 30 2.4161015
335 47 2.5610929
342 1 3.2666316
342 6 3.1212962
342 12 3.2682862
342 28 3.0147371
342 44 3.1153173
357 1 3.4639146
357 6 2.567604
357 7 2.7836835
357 24 1.2598631
357 36 2.0918553
358 3 2.7414808
358 12 2.6164157
358 17 1.9880289
358 25 1.9074616
358 44 2.584502
359 9 3.3028858
359 17 2.2804556
359 19 2.387563
359 38 3.4121292
359 90 2.1054313
361 3 3.8677645
361 12 3.3656504
361 19 2.5936794
361 24 2.8314986
361 50 2.408137
362 1 3.907223
362 9 3.7467864
362 12 3.5201273
362 14 3.3690116
362 39 2.7426085
364 2 3.8317103
364 9 3.7214649
364 16 3.666926
364 18 2.1869335
364 25 2.7985907
370 4 2.6225162
370 7 2.8491511
370 13 2.3935702
370 18 2.0658932
370 43 2.0352154
373 3 4.286041
373 9 3.8969147
373 13 2.9695964
373 15 2.9313922
373 28 3.7149737
374 4 3.4647675
374 19 2.6771452
374 25 2.6264725
374 27 3.2049088
374 32 2.9955082
383 6 3.0043588
383 15 3.3173022
383 20 3.8899004
383 35 3.1292653
383 53 2.5788238
389 2 3.1593482
389 7 3.0134056
389 10 3.6929414
389 16 3.3353097
389 36 2.4471684
391 2 1.8748889
391 8 1.1701344
391 14 2.4877553
391 25 1.7535768
391 38 2.8832905
398 2 2.4400587
398 6 2.0917003
398 7 2.166962
398 15 1.1834036
398 26 2.1456895
402 2 3.3160915
402 8 2.992507
402 10 3.3304002
402 26 3.3880274
402 50 2.171151
403 4 2.321782
403 6 2.0548372
403 8 2.384595
403 41 1.7827926
403 52 1.4760246
406 2 3.2586076
406 8 3.0907319
406 9 4.088766
406 14 3.3634822
406 25 2.8015704
410 1 3.1831577
410 6 2.5133164
410 17 1.6298752
410 27 2.6162274
410 65 1.5835452
416 1 3.2580016
416 7 2.8374271
416 8 2.8332984
416 11 2.985881
416 51 2.650631
422 5 2.413352
422 30 2.622156
422 32 2.8411765
422 36 1.9543824
422 61 2.2592835
428 1 3.3160982
428 9 3.8007023
428 19 2.5338507
428 39 2.7139244
428 64 3.3262234
431 4 3.384255
431 18 2.366116
431 19 3.089662
431 49 2.8116505
431 76 2.7493777
446 4 3.924479
446 14 3.9258685
446 18 3.0350394
446 22 3.213968
446 57 2.6374617
450 1 2.7026515
450 8 2.7212126
450 9 3.1985984
450 47 2.0209756
450 59 1.9937518
453 6 2.5289564
453 10 3.056115
453 15 2.2665699
453 24 2.2625859
453 74 2.4564323
458 3 3.9378407
458 10 4.152472
458 12 3.6246603
458 19 2.6338184
458 65 2.6569338
461 5 2.4852114
461 19 2.52147
461 32 2.741883
461 46 2.7443311
461 93 2.4418194
470 3 3.4095547
470 8 2.8486226
470 11 3.0323715
470 30 2.3241696
470 50 1.9713953
474 2 3.3441231
474 8 2.9158323
474 11 3.1691124
474 16 3.5896616
474 28 2.9971037
475 2 3.1300724
475 10 3.5215707
475 19 2.6497388
475 25 2.343227
475 32 2.848097
479 2 3.1555505
479 8 3.0276358
479 12 3.6094742
479 14 3.499033
479 45 2.9882886
484 1 3.1720915
484 5 2.602796
484 20 3.5063078
484 33 2.6017673
484 41 2.1725814
489 2 3.252698
489 6 3.4273946
489 10 3.5061874
489 14 3.2654095
489 24 2.5471263
492 5 1.5719986
492 8 2.1253686
492 21 2.6956608
492 25 1.5742072
492 47 2.280195
495 13 2.122147
495 22 2.6423411
495 24 2.079452
495 39 2.2826836
495 61 2.020287
497 6 2.839327
497 13 2.4530575
497 20 3.693909
497 34 2.4326394
497 58 3.1692853
503 1 3.1235778
503 14 3.0292907
503 15 2.5978656
503 18 1.7546802
503 58 2.8226047
504 3 3.0467167
504 7 2.0913386
504 11 2.7872765
504 17 1.5793598
504 78 1.7878546
512 4 2.0864549
512 9 3.1062784
512 11 2.5128946
512 27 2.7300487
512 43 1.0507271
518 4 3.5658343
518 14 3.6063483
518 24 2.5523593
518 55 2.8137805
518 75 3.027932
522 1 3.0441082
522 19 2.1228833
522 21 2.978229
522 30 2.4737895
522 51 2.1557517
523 6 1.9602965
523 11 2.579117
523 13 1.9857891
523 36 1.0664263
523 69 1.8147366
525 1 3.5656824
525 3 3.6355147
525 6 2.980358
525 12 3.7256036
525 24 2.5885906
527 5 2.4860775
527 26 2.6994054
527 28 2.8248882
527 34 2.1243649
527 62 3.164331
531 7 3.1857574
531 13 2.4572003
531 15 2.8474739
531 19 2.1616812
531 46 2.838221
541 3 3.380695
541 20 3.4639676
541 38 3.344819
541 56 2.1301954
541 81 2.7755542
542 2 3.3156862
542 9 3.8946056
542 11 3.4349039
542 15 2.912148
542 43 2.5575504
557 3 2.9618123
557 13 1.5287744
557 14 2.5109336
557 19 1.1712484
557 25 1.1113223
561 2 3.055222
561 12 3.778392
561 15 3.2282205
561 17 2.7899837
561 39 2.4458678
572 1 3.2157457
572 7 3.1808977
572 9 3.4766715
572 41 3.0203183
572 67 3.647725
579 2 3.1052957
579 10 3.1903894
579 11 3.1177225
579 14 3.218884
579 72 2.838359
590 5 1.0
590 11 2.5204387
590 14 2.0806632
590 25 1.4788207
590 32 2.0230613
591 6 2.8848715
591 13 2.6022935
591 17 2.3550875
591 36 2.5845978
591 79 2.2782989
594 3 4.2025576
594 24 2.6429064
594 25 2.3083327
594 37 2.8918333
594 79 2.3651464
597 1 3.000027
597 19 2.0400617
597 22 2.1918478
597 31 1.8836675
597 50 1.0
600 5 1.9407183
600 22 2.094894
600 30 2.13288
600 40 2.001622
600 59 1.9830012
604 1 3.2449532
604 4 2.8526256
604 10 3.1366956
604 19 2.4936302
604 29 2.0054786
620 1 3.1031048
620 4 2.822002
620 6 2.6084406
620 19 1.6654427
620 37 2.6485028
628 3 3.517319
628 17 3.3059616
628 23 3.4976137
628 37 3.0807083
628 72 4.749174
630 2 2.976402
630 6 3.0080945
630 8 2.7641988
630 14 2.9636316
630 37 2.7275856
650 3 3.2711978
650 9 3.375782
650 11 2.9790199
650 15 2.4771154
650 41 2.0824058
652 3 3.3021896
652 10 3.2591777
652 18 2.0098717
652 33 2.8063378
652 82 2.2343216
653 3 3.4440057
653 24 2.366507
653 26 2.783535
653 60 1.8432053
653 79 2.1727147
654 1 3.2365885
654 7 3.25971
654 22 2.9227204
654 32 2.861711
654 45 3.080028
664 3 3.3201604
664 22 3.0542688
664 28 2.8635623
664 46 2.5418205
664 62 3.3302708
666 5 1.4830148
666 15 2.69187
666 20 3.3185441
666 23 2.9472356
666 39 2.5780537
673 4 3.0347981
673 14 3.1104488
673 16 3.1607876
673 26 2.8701942
673 76 2.2195458
676 1 2.8914223
676 3 2.8052666
676 4 2.5427337
676 10 2.6711257
676 26 2.326309
680 2 2.7279406
680 9 3.9405522
680 11 3.1201904
680 16 3.1103926
680 33 2.383749
683 6 2.2650409
683 21 2.6410413
683 29 1.3114723
683 38 2.9063108
683 49 2.0936093
688 2 3.2875195
688 11 3.1818814
688 13 2.878342
688 25 2.4008446
688 48 3.511209
689 5 2.050067
689 13 1.4762044
689 15 2.0861492
689 24 1.5530801
689 55 1.6475502
692 7 3.2304628
692 18 2.026062
692 19 2.3501792
692 25 2.3876677
692 45 2.950788
704 2 3.4397418
704 7 3.371504
704 19 2.8103247
704 29 2.5269034
704 42 3.4996083
708 2 2.9051948
708 7 2.8547652
708 8 2.6918528
708 21 3.0803993
708 76 2.504227
710 4 2.830346
710 8 2.709271
710 12 2.919421
710 16 2.7098722
710 41 2.063176
718 1 2.9106526
718 4 2.9032109
718 8 2.8789365
718 15 2.544749
718 28 2.844439
719 3 3.475119
719 5 2.4650233
719 6 2.733051
719 15 2.901943
719 68 1.3516705
720 2 2.28472
720 8 2.6947775
720 9 3.4860997
720 26 2.4676752
720 54 2.7502944
727 9 3.8036015
727 15 3.6497717
727 16 3.801909
727 27 3.7256768
727 35 3.0200534
733 5 2.2341123
733 11 2.5767279
733 12 2.8969097
733 18 1.5828078
733 48 3.1191785
740 2 2.598511
740 6 1.0
740 13 1.9479756
740 20 2.9678118
740 49 1.8212209
741 2 3.6749501
741 5 2.7389362
741 12 3.5103643
741 18 2.442806
741 60 2.474736
743 2 3.05394
743 10 3.297064
743 14 3.042224
743 27 3.1632602
743 64 2.4141307
748 1 3.7447767
748 4 3.1313074
748 8 2.9320955
748 14 3.794536
748 74 3.00513
749 1 3.3253229
749 16 2.995203
749 24 2.1720808
749 35 2.6827211
749 48 3.1912925
750 1 3.162394
750 10 3.478296
750 13 2.4757526
750 22 2.8226182
750 30 2.3433082
755 2 3.4248343
755 4 2.5408437
755 5 2.5608163
755 15 2.8736506
755 42 3.1600235
768 1 3.213127
768 4 2.889844
768 10 3.2513168
768 23 3.0706208
768 35 2.5312061
769 5 1.7410132
769 7 2.3858292
769 9 3.0395887
769 23 2.819055
769 63 1.0
771 10 4.1854362
771 16 3.7867708
771 20 3.668585
771 23 4.1473618
771 37 3.1105618
782 3 3.2033129
782 19 2.0333452
782 20 2.8138032
782 24 2.1170537
782 59 1.0
786 6 2.8275206
786 9 3.4686131
786 11 3.117068
786 28 2.9478621
786 55 2.8794544
789 12 3.050551
789 15 2.712268
789 37 3.020906
789 48 3.18201
789 59 4.0578
802 1 3.03253
802 11 2.8330333
802 15 2.2691004
802 23 3.009736
802 32 2.5255914
804 16 3.0638223
804 19 2.962228
804 22 3.3151202
804 26 2.8303926
804 39 2.3942533
811 3 3.0954971
811 9 3.26606
811 15 2.3922653
811 22 2.2183294
811 48 3.0010493
812 3 3.541369
812 14 3.4415412
812 16 3.0988996
812 20 3.414673
812 85 3.2326531
815 1 2.959117
815 6 2.6568892
815 10 3.1636746
815 18 1.5794923
815 43 1.8442669
817 3 3.9317806
817 6 3.0477993
817 9 3.5973887
817 18 2.2502046
817 42 3.4154453
826 1 3.0878358
826 9 3.4125385
826 17 2.3805614
826 30 2.3347728
826 65 1.5604908
841 2 2.5928679
841 8 2.8161151
841 13 2.3532166
841 18 1.7049705
841 31 2.2636685
850 2 3.1844647
850 6 2.552455
850 9 3.340449
850 22 2.4387388
850 37 2.717893
857 5 3.4741912
857 9 3.7956824
857 10 3.4947884
857 16 3.3890805
857 63 3.475418
858 2 3.084519
858 8 2.8570707
858 9 3.3292136
858 16 3.224837
858 74 2.9576735
864 1 3.203641
864 5 3.0205965
864 7 2.8170583
864 12 2.9737725
864 48 3.0654972
871 2 3.03797
871 12 3.3224418
871 14 3.207176
871 25 2.502909
871 53 2.3906796
890 2 2.7512333
890 8 2.4501555
890 15 2.4984963
890 24 2.0097594
890 48 2.7815194
894 5 3.0196648
894 8 3.615002
894 14 3.417979
894 24 3.239184
894 41 2.4731293
896 6 2.2544854
896 11 2.5143857
896 18 1.698013
896 34 2.1137617
896 47 2.3054984
905 12 2.9542727
905 18 1.8677411
905 19 2.0465603
905 32 2.5174544
905 40 2.2723851
906 13 2.7847223
906 21 3.3006196
906 25 2.5451498
906 29 2.417356
906 42 3.659293
909 6 3.0634518
909 14 2.786757
909 22 2.7372775
909 28 2.776799
909 55 1.7777216
911 1 3.3597777
911 5 2.8165426
911 11 3.4416914
911 25 2.3465943
911 51 3.011564
914 1 3.570667
914 9 3.9240963
914 11 3.2280445
914 23 3.335311
914 32 2.9368787
921 3 3.0405214
921 11 2.9636366
921 13 2.4147763
921 20 2.9661117
921 45 2.6423712
929 5 2.818338
929 9 3.6696193
929 14 3.0574503
929 18 2.030841
929 47 2.545055
930 13 2.8884578
930 28 3.2472749
930 29 2.664224
930 34 2.352479
930 70 4.5029316
933 6 2.6689038
933 13 2.3790333
933 15 2.7368236
933 28 3.0618627
933 77 2.836858
956 2 3.8213441
956 7 3.781383
956 17 2.245426
956 28 2.9698522
956 44 3.1228137
959 2 2.5066733
959 8 2.5696075
959 17 1.8942798
959 22 2.8448195
959 43 2.1752794
962 2 3.3871589
962 8 3.2820659
962 14 3.3206446
962 17 3.0353417
962 40 2.70411
989 1 2.7961588
989 20 3.333306
989 22 2.6820772
989 24 2.0914974
989 47 2.2347436
995 1 3.538789
995 4 2.8731165
995 18 2.5791645
995 42 3.019116
995 65 2.1795661
997 2 3.0656278
997 8 2.6554065
997 10 3.2352598
997 14 3.0041654
997 43 2.1678307
1013 1 3.359269
1013 10 3.6335351
1013 13 3.120653
1013 56 3.0278585
1013 79 2.4545407
1015 3 3.2283988
1015 8 2.625027
1015 21 2.3835268
1015 25 2.0447237
1015 80 3.4344754
1021 1 3.4942403
1021 4 3.4104319
1021 6 3.0506983
1021 8 3.3526907
1021 26 3.2179267
1025 1 2.9830275
1025 9 3.1352327
1025 11 2.6388261
1025 21 2.7372532
1025 47 2.2444532
1034 1 3.5535784
1034 13 2.4887226
1034 18 2.111989
1034 36 2.4543087
1034 50 2.1565437
1040 1 3.2758486
1040 5 2.6608593
1040 6 2.7962976
1040 16 3.2845767
1040 39 2.5208392
1043 2 3.7553644
1043 5 2.875706
1043 8 3.8414812
1043 10 3.5422525
1043 25 2.5492208
1048 4 2.6135404
1048 11 2.768888
1048 19 2.166057
1048 26 2.731522
1048 45 2.6024477
1054 5 1.0
1054 10 2.1524086
1054 11 2.289035
1054 15 1.884852
1054 46 1.9181757
1067 2 3.3755498
1067 4 3.2826664
1067 6 3.089017
1067 27 3.48487
1067 38 3.7187068
1072 6 2.6181927
1072 19 2.382045
1072 21 3.9607368
1072 46 4.7820873
1072 76 2.5078092
1075 8 2.4764538
1075 13 2.298676
1075 15 2.6661994
1075 26 3.003298
1075 43 1.8894854
1076 5 2.0592122
1076 20 3.2960725
1076 21 2.6673126
1076 30 2.2720237
1076 50 1.9722899
1078 7 2.9757037
1078 9 3.8337119
1078 10 3.4310498
1078 23 3.1652396
1078 52 2.2667642
1079 1 3.745619
1079 9 2.8559117
1079 11 3.1366124
1079 30 2.7581348
1079 82 2.6483097
1082 2 3.0657542
1082 16 3.2214088
1082 29 2.3488643
1082 33 2.4157147
1082 43 2.2363987
1086 1 3.278212
1086 4 3.3075259
1086 6 2.9156172
1086 17 2.330841
1086 31 2.421331
1107 2 1.8295703
1107 12 2.6147118
1107 13 1.1661363
1107 19 1.9762284
1107 34 1.7719886
1110 6 2.7802944
1110 9 3.1272812
1110 20 3.4893446
1110 43 2.237139
1110 65 1.0
1117 1 2.0768814
1117 9 2.6791387
1117 13 1.0
1117 18 1.0
1117 49 1.8864665
1121 6 2.757301
1121 11 3.2357576
1121 12 3.3169622
1121 34 2.4203734
1121 66 2.7648435
1124 14 3.4168458
1124 20 3.7986548
1124 23 3.262561
1124 30 2.5544803
1124 66 2.8627534
1130 7 2.7816694
1130 24 2.2912643
1130 26 2.9664679
1130 37 2.758333
1130 79 2.0166883
1132 2 3.2936077
1132 4 3.165381
1132 6 3.0852044
1132 19 2.8981965
1132 73 2.9969604
1133 1 3.2454128
1133 12 3.3034623
1133 13 2.824572
1133 25 2.656792
1133 31 2.6562948
1141 2 2.8306878
1141 8 2.7359197
1141 23 3.116457
1141 43 1.8868648
1141 78 2.0349863
1147 1 2.598666
1147 8 1.0
1147 11 1.2945619
1147 15 1.9430157
1147 31 1.7618728
1167 1 3.908126
1167 12 3.4203403
1167 13 2.5115771
1167 22 2.9594963
1167 33 2.6534488
1173 4 3.4006567
1173 13 2.6340933
1173 19 3.0569124
1173 25 2.6654694
1173 45 3.3321025
1175 3 3.6960452
1175 9 3.480432
1175 10 3.4104981
1175 22 3.2082338
1175 47 2.949489
1176 2 4.071229
1176 6 3.552535
1176 10 3.8200192
1176 13 2.8816786
1176 23 3.7514236
1195 2 3.3274455
1195 11 3.4157495
1195 14 3.6529262
1195 25 2.901446
1195 36 2.6410074
1198 2 3.3546026
1198 10 3.9730926
1198 15 3.2162793
1198 24 2.6969357
1198 49 2.85214
1200 1 3.1268153
1200 5 2.6656346
1200 9 3.37948
1200 14 3.119356
1200 34 2.4998872
1204 1 3.6447098
1204 7 3.616618
1204 9 3.7832623
1204 12 3.9350724
1204 20 4.001862
1207 4 2.6834958
1207 23 3.196181
1207 28 3.2728071
1207 32 2.8741546
1207 61 1.8999922
1218 5 2.5859046
1218 8 3.2112122
1218 11 3.2742653
1218 16 3.429443
1218 32 3.2089891
1242 4 3.8406477
1242 8 3.2359686
1242 27 3.4807599
1242 37 3.4751158
1242 67 2.9649768
1251 3 3.5138402
1251 8 3.3730664
1251 10 3.4006526
1251 24 2.0428655
1251 56 1.8821151
1254 1 3.6855345
1254 7 2.9885528
1254 9 3.527294
1254 39 2.6238024
1254 47 2.6708033
1256 1 2.2714372
1256 8 1.8967676
1256 11 2.0962152
1256 14 2.0803137
1256 21 2.1665235
1269 10 3.161083
1269 18 1.956935
1269 20 3.2846727
1269 23 3.121977
1269 54 3.8047688
1279 5 2.5584438
1279 10 3.4549136
1279 16 3.3903713
1279 29 2.2228403
1279 73 2.6948066
1280 5 2.825792
1280 12 3.0398853
1280 15 2.5884304
1280 21 3.047766
1280 60 1.7430149
1284 1 3.5369303
1284 7 3.2892852
1284 8 3.1622608
1284 15 3.0082679
1284 33 2.7457488
1290 3 3.543904
1290 15 3.0263097
1290 16 3.542957
1290 24 2.377881
1290 52 5.0
1291 1 3.26009
1291 6 2.7688894
1291 12 3.1075578
1291 22 3.2036886
1291 31 2.603725
1293 8 2.730244
1293 12 2.8126342
1293 14 2.941008
1293 29 1.9767237
1293 60 1.6885599
1297 8 2.4711967
1297 16 2.6064885
1297 18 1.2664554
1297 21 2.5606167
1297 90 1.0
1298 1 3.8336687
1298 4 3.1662302
1298 8 2.7517304
1298 14 3.1921792
1298 25 2.4672217
1299 1 2.646831
1299 7 2.8481476
1299 9 2.958803
1299 17 2.082114
1299 30 2.2512476
1302 1 3.3485093
1302 4 2.9180996
1302 6 2.7951403
1302 14 3.1387913
1302 77 3.2014818
1305 1 3.5474591
1305 11 3.5989318
1305 17 2.592318
1305 37 3.3724294
1305 46 3.1525438
1316 3 3.8445263
1316 13 3.1664834
1316 15 2.9196625
1316 24 2.8282557
1316 39 2.70862
1317 1 3.6989458
1317 3 3.8429444
1317 4 3.426655
1317 21 3.594032
1317 45 3.192083
1324 2 3.1787114
1324 5 2.8821933
1324 7 3.036947
1324 15 2.729827
1324 34 2.3685431
1325 2 3.223086
1325 5 2.9632838
1325 8 3.1182716
1325 15 3.0407553
1325 34 2.7591586
1342 2 2.8173642
1342 14 2.7427948
1342 15 2.553904
1342 27 2.8851795
1342 57 1.3969245
1345 3 3.8081481
1345 20 3.9230018
1345 22 3.2803397
1345 36 2.7340949
1345 86 2.743331
1349 5 2.914607
1349 11 3.7773438
1349 19 3.0418954
1349 28 3.2802362
1349 65 2.7848084
1350 3 3.546649
1350 8 2.8038888
1350 9 3.3741653
1350 15 2.6455991
1350 61 1.579257
1352 2 2.7893674
1352 11 2.8610342
1352 14 2.9042857
1352 20 3.010243
1352 42 2.738756
1354 12 3.194556
1354 15 2.9527516
1354 23 3.3567982
1354 25 2.6033173
1354 37 2.9740098
1356 4 3.3717031
1356 9 3.8351264
1356 16 3.9630406
1356 22 3.2833197
1356 31 3.255042
1359 2 3.361186
1359 8 3.1520832
1359 13 2.7386284
1359 23 3.7152295
1359 46 2.9656076
1362 1 3.8970997
1362 11 3.0568511
1362 12 3.3317194
1362 18 2.2192075
1362 29 2.234521
1367 2 2.7547293
1367 14 2.9636667
1367 15 2.419723
1367 23 2.8115695
1367 54 2.9701743
1368 2 2.7478077
1368 9 3.193044
1368 10 2.6818013
1368 31 2.0346756
1368 60 1.2530874
1370 1 3.0293043
1370 6 2.470505
1370 8 2.7989285
1370 13 1.5712881
1370 45 2.4178896
1372 4 2.6274931
1372 15 1.6180544
1372 24 1.6626358
1372 40 1.8062079
1372 65 1.3493737
1375 2 3.201444
1375 7 3.2874887
1375 15 2.878565
1375 30 2.5611978
1375 44 3.0729916
1378 1 3.0371888
1378 9 3.1994922
1378 29 1.7429968
1378 43 1.8625706
1378 73 2.0683877
1383 8 2.9097157
1383 13 2.5357664
1383 23 3.2055857
1383 31 2.463522
1383 50 2.343626
1384 4 3.2684107
1384 9 3.957497
1384 17 2.799892
1384 22 3.034346
1384 45 3.2102582
1386 3 3.5024166
1386 23 2.8602142
1386 28 1.9834585
1386 32 2.5396802
1386 73 2.3543124
1387 1 3.117685
1387 10 3.262997
1387 20 3.1575186
1387 24 2.2758198
1387 34 2.064183
1388 2 2.9790225
1388 5 2.600686
1388 6 3.2734919
1388 14 3.1547928
1388 43 2.206639
1412 3 3.222041
1412 7 2.8307366
1412 10 3.247712
1412 12 2.8710852
1412 29 1.9525032
1414 1 3.3728924
1414 11 3.1729665
1414 16 3.455265
1414 21 3.425976
1414 39 2.6112764
1415 5 2.5966234
1415 16 3.231417
1415 26 2.827284
1415 42 3.3021665
1415 53 2.2065637
1420 6 2.591333
1420 11 3.2550774
1420 14 2.9951708
1420 24 2.3294244
1420 31 2.432714
1422 1 3.2533393
1422 9 3.6068373
1422 15 2.9425638
1422 22 2.8057122
1422 39 2.1964068
1425 1 3.4060826
1425 10 3.7628326
1425 14 3.1447096
1425 33 2.4251142
1425 45 3.3660007
1427 1 2.8605134
1427 6 2.2641606
1427 8 2.646019
1427 12 2.853229
1427 38 3.198243
1428 2 3.1825318
1428 5 2.6891222
1428 7 2.9492545
1428 11 3.0568702
1428 50 1.9722764
1431 8 2.537099
1431 22 2.6516745
1431 26 1.9030561
1431 55 2.2025366
1431 77 2.7491503
1435 1 3.3166552
1435 9 3.8666031
1435 11 3.2687123
1435 14 3.036929
1435 26 2.929032
1445 5 1.9443359
1445 12 2.6589878
1445 15 2.491887
1445 24 2.127611
1445 63 2.2431104
1448 7 3.4603372
1448 15 3.1793199
1448 19 2.8991575
1448 25 2.711289
1448 48 3.7786322
1459 3 3.7306154
1459 5 2.6050484
1459 12 3.198776
1459 24 2.3119347
1459 50 2.2387886
1463 11 2.806413
1463 19 2.3142018
1463 27 2.8279655
1463 31 2.2388723
1463 66 3.0289457
1466 1 4.1302886
1466 6 3.218206
1466 7 3.277801
1466 17 2.5439894
1466 62 3.972632
1472 1 2.6296198
1472 7 3.7617495
1472 11 3.0511007
1472 17 2.1642838
1472 57 2.0849786
1484 4 3.856101
1484 14 3.4865172
1484 26 3.400696
1484 29 2.9216404
1484 44 3.5186477
1493 7 3.2375603
1493 9 3.820115
1493 18 2.3998966
1493 31 2.6455991
1493 72 2.9308865
1495 4 3.3155463
1495 18 2.3699522
1495 22 3.2040272
1495 25 2.5911436
1495 53 2.559205
1497 3 3.3745372
1497 13 2.327462
1497 18 1.9190768
1497 24 2.4939723
1497 82 4.2378874
1511 6 2.4501078
1511 14 2.8190484
1511 15 1.9203511
1511 20 3.1568758
1511 75 2.1174014
1513 3 3.2509587
1513 9 3.3040314
1513 11 2.5175607
1513 21 2.5589
1513 49 2.3751988
1517 7 3.1479692
1517 20 4.2447114
1517 22 3.7720861
1517 28 3.2000008
1517 52 2.6856627
1523 8 3.2252443
1523 15 2.9176562
1523 20 3.964355
1523 22 3.2970767
1523 42 3.6449192
1530 4 1.9797906
1530 16 2.2160683
1530 17 1.3175958
1530 19 1.4432567
1530 54 2.1637268
1531 2 2.7415218
1531 5 2.2491817
1531 6 2.5608926
1531 12 2.9959095
1531 35 2.1412468
1533 1 3.179446
1533 4 2.948732
1533 6 2.4902549
1533 27 3.4458773
1533 39 2.429085
1534 2 3.0547514
1534 14 3.917011
1534 18 2.5832953
1534 39 2.698128
1534 58 3.0530035
1538 1 2.840425
1538 6 2.2960796
1538 12 2.3336878
1538 14 2.6527936
1538 55 1.4941902
1542 2 2.5082648
1542 12 2.9878972
1542 14 2.8965423
1542 24 1.7688053
1542 39 2.0407796
1543 2 2.9648955
1543 13 2.0373092
1543 16 2.8255932
1543 20 2.9890401
1543 54 2.8715894
1544 3 3.305921
1544 8 2.7571857
1544 11 2.962054
1544 15 2.5682487
1544 46 1.505993
1547 1 3.3111773
1547 13 2.5199857
1547 17 2.7254155
1547 39 2.704667
1547 52 2.504421
1549 2 3.0667167
1549 4 3.1153018
1549 7 3.0567951
1549 29 2.1597943
1549 42 3.1488948
1552 1 3.5011864
1552 7 3.2410915
1552 10 3.8352022
1552 21 3.5024261
1552 63 4.039345
1554 1 3.5674005
1554 4 3.3272898
1554 14 3.4616785
1554 16 4.029009
1554 37 3.0985694
1555 2 3.1418257
1555 4 3.0664387
1555 6 2.705509
1555 21 3.2028167
1555 31 2.47196
1570 2 3.3602695
1570 16 3.7828047
1570 17 3.2006397
1570 27 3.399433
1570 38 4.015558
1579 1 3.1250916
1579 15 2.2531502
1579 18 1.8051566
1579 22 2.740107
1579 59 2.2969966
1587 1 3.3857765
1587 7 3.9122655
1587 8 2.98093
1587 20 3.9468434
1587 60 1.9421115
1588 6 2.1746202
1588 11 2.1706533
1588 19 2.0152602
1588 30 2.0509653
1588 45 2.3369412
1590 3 3.2686458
1590 8 2.9167159
1590 9 2.9297328
1590 21 2.7233677
1590 42 2.6864524
1592 2 3.339842
1592 9 3.2228277
1592 15 2.6607828
1592 23 2.8535411
1592 41 1.0
1596 1 2.9106572
1596 3 2.6641467
1596 9 2.8126743
1596 42 2.953435
1596 74 2.5597305
1600 2 2.7866116
1600 10 2.9732919
1600 14 2.8706248
1600 20 3.3138375
1600 42 2.3340912
1606 1 3.7341514
1606 8 3.3594818
1606 12 3.6452568
1606 20 3.9930036
1606 50 2.6014667
1613 5 2.4625673
1613 29 1.6116844
1613 34 1.9739693
1613 47 2.617798
1613 58 2.790423
1622 4 2.6238272
1622 26 2.6510499
1622 34 2.1864493
1622 50 1.7119192
1622 61 3.4111812
1638 2 2.9986439
1638 8 2.9509904
1638 9 3.707222
1638 19 1.7657763
1638 45 2.5907497
1639 2 2.0892444
1639 6 1.0
1639 7 1.4348348
1639 22 2.0854928
1639 44 2.226453
1641 2 2.900712
1641 9 3.5798707
1641 11 3.3616078
1641 25 2.344466
1641 48 3.3740904
1643 1 2.6681216
1643 9 3.4542596
1643 12 2.6462479
1643 16 2.6927874
1643 31 1.9192445
1644 6 2.8053246
1644 13 2.274619
1644 16 3.022702
1644 26 2.6284332
1644 42 3.0108337
1646 1 3.1558816
1646 4 2.6241877
1646 6 2.6876063
1646 19 2.3091927
1646 31 2.250432
1647 2 3.6400294
1647 9 3.6598644
1647 13 2.4167645
1647 18 2.098348
1647 77 3.1653216
1652 1 2.4064558
1652 6 2.5448446
1652 8 2.299067
1652 22 2.3102026
1652 67 1.2816496
1654 3 3.7060325
1654 7 3.8295262
1654 13 2.5814667
1654 15 3.3717923
1654 62 3.7766647
1660 1 3.8001525
1660 24 2.7612607
1660 25 2.5296345
1660 28 3.342038
1660 51 2.9903228
1669 2 3.2827475
1669 5 3.3258843
1669 6 2.552948
1669 27 3.0003796
1669 82 2.0761611
1675 1 3.114487
1675 9 3.583484
1675 16 3.108302
1675 28 2.786661
1675 52 1.5358129
1676 6 3.1557682
1676 9 3.4954536
1676 12 3.0931025
1676 25 2.1926532
1676 60 2.0283225
1678 1 3.3720632
1678 10 3.619208
1678 16 3.2988992
1678 23 3.332077
1678 35 2.6071734
1679 6 1.288202
1679 14 2.0856104
1679 16 2.6543
1679 22 2.2715087
1679 37 2.1154895
1680 3 3.4855382
1680 13 3.2192364
1680 15 3.3975143
1680 34 2.964859
1680 65 2.4676278
1682 1 3.7014656
1682 11 3.6283193
1682 13 2.974348
1682 15 2.899424
1682 49 2.5534074
1687 2 3.4559748
1687 8 2.9862683
1687 9 3.558351
1687 29 2.0597186
1687 53 2.1850924
1690 1 2.3264198
1690 4 2.0309143
1690 6 2.2265599
1690 16 2.664248
1690 78 1.5523815
1694 4 3.0740404
1694 11 2.9734159
1694 19 2.2599556
1694 40 2.1587634
1694 73 1.0
1695 2 3.0885596
1695 14 3.0634687
1695 15 2.769713
1695 23 3.2591093
1695 72 2.8812535
1699 1 2.174782
1699 10 3.1394181
1699 17 2.2335596
1699 25 1.9114422
1699 35 2.5325463
1702 1 3.1037898
1702 13 2.350939
1702 16 3.1804192
1702 37 2.9693155
1702 62 3.2939558
1703 1 2.3045924
1703 6 2.743195
1703 16 2.9919324
1703 28 2.6825078
1703 38 3.153704
1704 3 3.653336
1704 6 3.0433972
1704 9 3.7547405
1704 15 2.980675
1704 28 3.208276
1708 2 1.5864159
1708 8 2.2299578
1708 9 2.7219248
1708 16 2.5368273
1708 31 1.7085363
1711 1 3.4219055
1711 11 3.6226473
1711 14 4.0452337
1711 16 3.6597795
1711 34 3.031651
1723 5 2.3700013
1723 8 2.3209705
1723 11 2.8479323
1723 15 2.294412
1723 40 2.2269492
1728 2 3.339563
1728 5 2.9739761
1728 6 3.2017546
1728 18 2.57147
1728 24 2.8161924
1731 3 2.9801095
1731 8 2.5491827
1731 10 2.9513063
1731 22 2.5212758
1731 37 3.0242105
1740 4 2.7141767
1740 7 2.4426475
1740 17 1.9543204
1740 34 1.1516675
1740 89 1.8591251
1741 5 2.72541
1741 7 2.7617302
1741 13 2.582838
1741 16 3.4716485
1741 51 2.4643102
1742 1 3.6911929
1742 14 3.5453744
1742 16 3.6933885
1742 20 4.1829987
1742 76 2.7917912
1743 3 3.272841
1743 13 2.386986
1743 17 2.17638
1743 33 2.4774415
1743 94 1.9508575
1757 2 2.6743014
1757 4 2.7873862
1757 19 1.9218525
1757 21 3.0471988
1757 69 1.7020465
1759 2 2.749542
1759 9 3.854903
1759 15 2.6536357
1759 18 1.663633
1759 31 2.238565
1765 2 3.4034047
1765 4 3.340946
1765 10 3.377573
1765 19 2.4621575
1765 63 2.6759033
1771 2 3.4894643
1771 11 2.931276
1771 16 3.035615
1771 58 3.4804847
1771 77 2.769262
1772 5 2.4594402
1772 9 3.4200444
1772 11 2.8821247
1772 21 3.0115235
1772 53 2.0066557
1774 1 3.3856294
1774 16 2.555037
1774 21 1.8888496
1774 27 2.5897212
1774 61 1.6937364
1779 1 2.6236458
1779 12 2.7614274
1779 15 2.3461292
1779 24 1.8210157
1779 54 3.1764636
1782 1 2.8804052
1782 11 2.1207023
1782 14 2.5711646
1782 27 2.4864678
1782 66 2.250901
1788 4 2.709269
1788 11 2.677027
1788 18 1.5878328
1788 23 2.9403028
1788 65 1.9080985
1791 9 3.206531
1791 13 1.9400868
1791 14 2.0585473
1791 21 2.8476996
1791 55 1.1046689
1792 3 3.4443414
1792 12 3.0510795
1792 13 2.397568
1792 15 2.4096136
1792 36 1.5381113
1801 4 2.9190524
1801 11 2.9721649
1801 12 3.377376
1801 29 2.2015505
1801 47 2.5580406
1808 5 3.3605063
1808 13 3.3712573
1808 15 3.0501735
1808 32 3.1569347
1808 62 4.3061614
1813 4 2.560761
1813 14 2.5301
1813 44 1.0
1813 51 1.7998489
1813 72 1.6318681
1817 4 2.4733443
1817 13 2.60603
1817 19 2.4079497
1817 33 2.4800286
1817 51 2.8982863
1818 4 2.7716644
1818 11 2.79641
1818 14 2.662593
1818 21 2.7427542
1818 31 2.2193136
1820 1 3.392859
1820 6 2.9338622
1820 10 3.7759967
1820 19 3.099792
1820 32 3.1201127
1830 8 2.8896384
1830 11 3.0471241
1830 14 3.1475992
1830 18 2.116976
1830 31 2.5833995
1833 2 3.0300841
1833 16 2.8603733
1833 24 2.3502994
1833 28 2.826132
1833 70 1.0
1834 2 3.1237822
1834 7 2.8073528
1834 8 2.6893902
1834 15 2.563361
1834 37 2.6661003
1840 1 3.073094
1840 7 3.247917
1840 11 2.8534203
1840 30 2.3400233
1840 48 3.0422547
1859 1 3.5609882
1859 10 3.874788
1859 12 3.4047031
1859 14 3.4698188
1859 35 3.4870038
1866 1 3.1614628
1866 9 3.3534288
1866 12 2.8933663
1866 30 2.259255
1866 55 2.3674576
1868 1 3.337915
1868 7 3.1833665
1868 12 3.5653794
1868 17 2.594029
1868 22 2.9894938
1875 3 3.7883396
1875 5 2.535041
1875 9 3.3812566
1875 13 2.085482
1875 29 2.067608
1877 5 2.6334543
1877 11 3.1005516
1877 14 2.9231093
1877 28 2.875948
1877 58 2.79939
1878 2 3.012558
1878 5 2.7330592
1878 9 3.4403937
1878 17 2.2633488
1878 30 2.5248735
1882 5 2.7670786
1882 12 3.3906474
1882 16 4.048348
1882 19 2.8120055
1882 40 2.5596714
1884 3 2.498902
1884 17 1.910295
1884 22 2.3093278
1884 27 2.6550293
1884 39 1.548507
1886 1 2.6625555
1886 13 1.8209765
1886 16 2.5448227
1886 26 2.0364637
1886 51 1.8414521
1887 2 3.3043709
1887 13 2.6493187
1887 20 3.6512492
1887 27 3.3636317
1887 49 2.5173213
1888 3 3.6513128
1888 15 2.8729491
1888 16 3.4427063
1888 23 3.455518
1888 58 3.0445025
1896 1 3.567807
1896 18 2.706185
1896 19 2.6482906
1896 35 2.9626887
1896 68 1.0
1897 7 2.8820636
1897 13 2.036934
1897 18 1.868776
1897 23 2.9071147
1897 41 1.7892256
1899 1 3.2316413
1899 16 3.8562062
1899 18 2.1526768
1899 49 2.71373
1899 78 2.7226071
1911 1 2.8133392
1911 6 2.3046985
1911 9 3.1578126
1911 20 3.3124983
1911 42 2.9785726
1917 5 2.4657078
1917 11 2.7775552
1917 13 2.589303
1917 43 2.2334485
1917 52 1.8271562
1924 1 3.8727698
1924 12 3.3200824
1924 18 2.284801
1924 26 3.0636241
1924 76 2.820094
1929 4 2.2249064
1929 10 3.04179
1929 13 1.6321375
1929 24 2.2924478
1929 40 2.0428898
1932 3 3.0601115
1932 21 2.9016154
1932 27 2.7304265
1932 44 2.9384735
1932 58 2.70533
1935 5 2.7473402
1935 8 3.13551
1935 13 2.6712675
1935 15 2.7649124
1935 34 2.1715534
1939 1 3.216798
1939 9 3.6015544
1939 10 3.724167
1939 17 2.4428759
1939 56 2.5100782
1940 4 2.724026
1940 17 1.5626035
1940 22 2.2967777
1940 32 2.265785
1940 72 2.618473
1947 3 3.3557873
1947 7 2.956714
1947 9 3.1769035
1947 19 2.4540348
1947 65 2.1677966
1950 5 3.5092483
1950 18 1.6039902
1950 22 2.7613776
1950 35 2.6660357
1950 83 2.5053952
1951 4 2.8167143
1951 14 3.3471935
1951 26 2.5650663
1951 37 2.5584457
1951 72 5.0
1952 1 3.2456944
1952 13 2.4608247
1952 20 3.4771957
1952 41 1.9664812
1952 77 3.0809696
1953 1 2.9485695
1953 7 2.6674607
1953 8 2.5859056
1953 24 2.0276005
1953 35 2.1843643
1954 10 3.2112734
1954 17 2.772974
1954 19 2.2259138
1954 28 3.2379785
1954 56 2.1618793
1955 2 3.2658014
1955 5 2.6671739
1955 6 2.9561377
1955 20 3.4113708
1955 35 2.9526775
1956 3 3.1929939
1956 10 2.3330498
1956 13 1.7952106
1956 16 2.959664
1956 45 2.390884
1957 1 3.0434482
1957 7 2.9238873
1957 9 3.179099
1957 23 2.5780578
1957 38 3.0948756
1962 1 3.1590345
1962 4 2.8951335
1962 10 3.5158954
1962 21 3.357743
1962 71 2.4596393
1967 5 2.25323
1967 7 2.6763628
1967 8 2.5531816
1967 25 1.6882358
1967 30 1.924321
1975 4 2.5287633
1975 14 3.1060638
1975 15 2.8553607
1975 30 2.445948
1975 61 2.4094908
1980 1 3.426857
1980 6 2.902547
1980 9 3.2534587
1980 14 2.820771
1980 52 2.2876298
1984 4 2.2111235
1984 16 2.7625654
1984 18 1.0
1984 25 1.3250463
1984 36 1.0
2000 3 3.454085
2000 9 3.8706844
2000 13 2.4801366
2000 40 2.4346678
2000 90 2.3670394
2001 3 3.1150794
2001 5 2.5197275
2001 7 2.969262
2001 14 2.6443584
2001 35 2.166891
2005 3 3.2133882
2005 15 2.5419157
2005 22 2.689631
2005 36 1.958613
2005 61 1.4277172
2007 3 4.022613
2007 6 2.4382327
2007 7 3.514161
2007 15 2.735482
2007 18 1.9490879
2009 2 2.8878186
2009 15 2.8400345
2009 21 2.7924297
2009 35 2.4497778
2009 65 1.9994199
2022 1 3.4832969
2022 7 3.007503
2022 8 2.8432927
2022 22 2.9788382
2022 33 2.6680274
2023 1 3.4988484
2023 5 3.2770333
2023 27 3.6538444
2023 33 3.396929
2023 68 3.0174649
2028 2 3.249196
2028 11 3.1700845
2028 12 3.4359398
2028 17 2.3197894
2028 33 2.445265
2030 2 2.866632
2030 11 2.7220905
2030 12 3.0410209
2030 29 1.992933
2030 55 2.3722408
2034 3 2.9118214
2034 14 1.7119873
2034 19 1.9561989
2034 37 2.6081183
2034 96 1.9868884
2035 1 3.102597
2035 7 2.8961935
2035 8 3.2419767
2035 12 2.9127529
2035 31 2.2762754
2036 1 2.9588177
2036 6 2.4608681
2036 8 2.7332516
2036 15 1.9923962
2036 41 1.9276602
2059 4 3.2915187
2059 7 2.6463432
2059 14 3.0624063
2059 36 3.5480318
2059 63 1.0
2066 1 3.5438232
2066 8 2.7927613
2066 12 3.5076692
2066 17 2.2778895
2066 34 2.5202367
2068 2 3.201919
2068 4 3.1955776
2068 7 2.8656602
2068 12 3.4541287
2068 20 3.6053958
2074 4 3.0997798
2074 9 3.6603088
2074 10 3.418115
2074 21 3.276565
2074 38 3.5928545
2086 1 2.6752987
2086 4 2.5381098
2086 7 1.7701355
2086 13 1.8461181
2086 73 2.2210329
2088 3 4.345123
2088 18 2.45689
2088 21 3.7232747
2088 32 3.3089654
2088 42 3.6222808
2094 1 3.1414804
2094 8 2.5251348
2094 10 3.414911
2094 28 2.980734
2094 67 1.9949777
2102 8 2.5219193
2102 16 2.1664553
2102 19 2.0345323
2102 24 2.0491679
2102 52 1.0354242
2113 6 2.3860621
2113 13 1.642354
2113 15 1.7422221
2113 19 2.087976
2113 50 1.599845
2115 4 3.326145
2115 10 3.4390607
2115 11 3.3456662
2115 17 2.6480956
2115 50 2.1479695
2116 5 2.5260158
2116 11 3.0871134
2116 12 3.1919198
2116 26 2.824745
2116 38 3.6113155
2117 1 3.4126606
2117 6 3.0181978
2117 7 2.942775
2117 16 3.435296
2117 32 2.877047
2119 2 3.2302425
2119 4 2.8992162
2119 8 2.7453
2119 15 2.6155868
2119 30 2.293802
2120 7 3.5785854
2120 15 2.7894468
2120 18 1.9977144
2120 33 2.4114196
2120 78 3.4232664
2125 6 2.8201897
2125 11 3.1299238
2125 12 3.2529576
2125 24 2.603353
2125 29 2.093326
2134 7 3.084408
2134 11 3.1568177
2134 14 2.811642
2134 29 2.2090492
2134 74 2.0902784
2137 1 3.6496239
2137 7 3.3344772
2137 11 3.4504907
2137 22 3.4115393
2137 48 3.7686498
2138 1 3.5600717
2138 26 3.3443484
2138 30 2.723863
2138 37 3.148648
2138 67 3.6686137
2142 2 3.6879854
2142 8 2.8265042
2142 10 4.089481
2142 17 2.582043
2142 57 2.3737457
2146 7 3.0368214
2146 23 3.3087418
2146 24 2.2307942
2146 42 3.1042275
2146 65 2.2566144
2149 11 3.2062168
2149 17 2.5737004
2149 22 2.9016464
2149 37 2.885923
2149 70 2.4910693
2150 3 3.4468696
2150 5 2.5539222
2150 10 3.340129
2150 17 2.2505484
2150 41 2.190496
2151 4 3.401503
2151 11 3.5411196
2151 16 3.8740168
2151 32 3.2351754
2151 59 2.772508
2155 6 2.3447547
2155 15 1.988957
2155 18 1.0
2155 23 2.629059
2155 31 1.7421044
2160 2 4.072411
2160 11 3.49389
2160 14 3.25943
2160 20 4.2395897
2160 64 3.4593341
2170 4 3.2195122
2170 9 3.8837903
2170 17 2.48554
2170 20 3.9538887
2170 24 2.4477196
2171 12 2.5954208
2171 17 1.2940416
2171 18 1.0
2171 31 2.1228392
2171 41 1.6532427
2175 5 3.375352
2175 7 3.4124622
2175 9 4.561892
2175 26 2.9111643
2175 76 4.8545957
2180 6 3.409115
2180 10 3.6144571
2180 18 2.2955627
2180 20 3.7801323
2180 55 2.8571765
2186 1 3.277431
2186 10 3.5634599
2186 11 3.089198
2186 13 2.5906715
2186 28 3.1008897
2188 1 3.5282028
2188 7 4.189061
2188 8 3.1499836
2188 16 3.3283856
2188 34 2.585686
2189 3 3.3322384
2189 12 3.0894918
2189 13 2.3693998
2189 25 2.20229
2189 61 4.341339
2196 1 3.6075034
2196 3 3.3762548
2196 8 3.0972385
2196 26 3.6411667
2196 40 2.345769
2200 1 3.2808642
2200 14 2.2531838
2200 20 3.359267
2200 41 2.0200207
2200 95 1.0
2207 2 3.0353277
2207 10 3.1569262
2207 11 2.9171596
2207 21 3.227464
2207 28 3.0184157
2214 3 3.6835866
2214 19 3.4172835
2214 22 3.6768694
2214 35 2.8082924
2214 67 3.43234
2221 6 2.7135367
2221 11 3.5074515
2221 12 2.9727538
2221 25 2.4935837
2221 47 2.5047982
2231 6 2.7643044
2231 18 2.1323745
2231 24 1.942538
2231 41 2.110144
2231 61 2.2438238
2239 1 3.4946902
2239 13 2.6000345
2239 16 3.357723
2239 26 3.0922456
2239 60 2.170345
2248 4 3.118215
2248 12 3.0142643
2248 18 2.1279423
2248 28 3.2010767
2248 44 1.0
2253 2 2.846366
2253 10 3.0568905
2253 11 2.7988596
2253 27 2.6863923
2253 65 3.9488554
2257 3 3.8026013
2257 11 2.8189285
2257 13 2.038479
2257 17 2.2358897
2257 53 1.6950672
2259 1 3.251527
2259 7 3.2469587
2259 17 2.2483613
2259 21 3.1492372
2259 76 2.9041069
2261 1 3.217801
2261 16 3.4350805
2261 22 2.4485204
2261 38 3.1168776
2261 53 2.101923
2264 1 3.582396
2264 8 3.2077265
2264 10 3.6461127
2264 26 3.1832614
2264 52 2.6425657
2266 1 2.9669752
2266 13 1.6143188
2266 24 1.5549273
2266 27 2.286991
2266 71 1.0
2277 4 2.7128282
2277 10 2.8664193
2277 13 2.3160276
2277 21 2.9767094
2277 42 2.7005825
2280 1 3.6047075
2280 7 3.2082226
2280 12 3.9136841
2280 16 3.7914891
2280 48 3.975869
2288 8 2.6452942
2288 20 3.2387352
2288 22 2.523914
2288 24 1.0096939
2288 50 1.9073986
2290 2 2.8305645
2290 8 2.7632203
2290 9 3.5308838
2290 15 2.839012
2290 39 2.2569127
2293 1 2.9570258
2293 5 2.3773491
2293 9 3.0341122
2293 13 2.1897585
2293 36 2.054602
2295 5 2.200684
2295 16 2.9471602
2295 19 1.8905544
2295 33 2.2019248
2295 41 1.7494038
2302 5 2.4994607
2302 9 3.4979167
2302 11 2.851246
2302 28 3.094404
2302 45 2.5304635
2316 7 3.09059
2316 16 3.6266646
2316 18 2.0953627
2316 32 3.3391783
2316 43 2.1747663
2321 1 2.9350157
2321 3 3.1398127
2321 7 2.9068801
2321 10 2.9335377
2321 37 2.3467782
2323 4 2.70342
2323 11 2.801399
2323 12 2.8891947
2323 19 2.370321
2323 41 1.0
2326 5 2.0756955
2326 11 2.9326499
2326 12 3.0275013
2326 26 2.8077166
2326 93 1.1144152
2328 3 4.242796
2328 8 3.132645
2328 11 3.4197586
2328 18 2.8190088
2328 72 3.063742
2329 4 3.070751
2329 7 3.1802096
2329 8 2.940838
2329 17 2.5562751
2329 30 2.4143877
2331 3 3.9865613
2331 17 2.417152
2331 22 3.114431
2331 24 2.3293347
2331 36 2.4442735
2333 1 3.8243175
2333 4 3.1999462
2333 9 3.598665
2333 18 2.0481272
2333 39 2.4753067
2341 5 2.2763095
2341 8 2.7450042
2341 12 2.7244596
2341 26 2.205557
2341 72 2.4043546
2355 2 3.2343326
2355 11 3.419969
2355 14 3.5233788
2355 24 2.4443984
2355 38 3.4717565
2363 2 3.2596984
2363 6 3.524838
2363 11 3.1458545
2363 19 2.907128
2363 33 2.9028087
2365 3 3.1668072
2365 15 2.3093426
2365 20 3.2962792
2365 27 2.828429
2365 58 2.6201422
2366 5 2.251506
2366 7 2.821238
2366 10 3.1700382
2366 15 2.5995638
2366 61 1.8712255
2370 2 2.4114392
2370 6 2.7281694
2370 7 2.0295005
2370 19 1.5820137
2370 40 1.8489377
2371 1 3.4751863
2371 4 3.4636102
2371 5 2.0707412
2371 9 3.248927
2371 25 1.8761345
2376 2 3.4248583
2376 10 3.6256917
2376 11 3.437865
2376 26 3.2274778
2376 52 4.139501
2380 2 3.494057
2380 9 3.9188673
2380 15 3.1448019
2380 41 2.5744393
2380 52 2.733634
2385 7 3.4211335
2385 19 2.68805
2385 28 3.1256742
2385 37 3.0036688
2385 40 2.5591152
2386 2 2.2685127
2386 8 2.6322358
2386 11 2.3926158
2386 20 3.3490202
2386 29 2.146785
2397 4 3.1677177
2397 14 2.9974813
2397 15 2.8837018
2397 21 3.2410843
2397 38 3.3765092
2400 4 3.366627
2400 20 3.4380217
2400 24 2.687865
2400 31 2.7566643
2400 51 2.6514285
2401 1 2.8081317
2401 6 2.3423796
2401 7 2.562727
2401 10 2.7724283
2401 51 2.2407312
2402 6 3.7536175
2402 9 3.2296534
2402 11 2.638269
2402 28 2.7572224
2402 41 2.2657478
2404 1 3.2562776
2404 4 2.6607177
2404 9 3.5827887
2404 11 2.9219837
2404 18 2.0329237
2405 1 3.1206708
2405 4 2.7555485
2405 10 2.987314
2405 27 3.0505948
2405 32 2.7461991
2426 4 2.9242644
2426 14 2.9445353
2426 17 2.3354795
2426 28 2.8100483
2426 53 2.2519388
2429 1 2.088274
2429 17 1.6905288
2429 28 2.8303273
2429 36 2.102608
2429 63 2.0793986
2432 5 2.9614046
2432 10 3.703776
2432 12 3.547423
2432 22 3.0022464
2432 54 3.452418
2433 8 3.08119
2433 11 4.1317143
2433 12 3.5916283
2433 29 2.7713559
2433 57 2.14123
2434 2 3.5640857
2434 8 3.005048
2434 10 3.5804756
2434 16 3.8830729
2434 29 2.332294
2436 3 3.4054518
2436 14 3.5201275
2436 15 2.9985783
2436 22 3.1450553
2436 46 2.817047
2446 4 2.6523886
2446 20 3.2838135
2446 24 1.8229985
2446 28 2.3412437
2446 40 1.9859905
2451 5 3.1363504
2451 8 2.5891862
2451 9 3.437109
2451 11 3.6187153
2451 65 5.0
2459 4 2.8138952
2459 23 3.579532
2459 28 2.7710874
2459 38 3.3188136
2459 42 3.1609259
2461 1 3.1043072
2461 8 2.7255719
2461 20 3.1519659
2461 23 2.8762653
2461 31 1.9067788
2469 1 3.5966752
2469 6 3.130735
2469 11 3.4214532
2469 20 3.8555274
2469 42 3.4771342
2484 1 3.1477938
2484 6 3.4653273
2484 19 2.3201075
2484 51 2.9225657
2484 77 3.0040894
2494 2 3.5850375
2494 20 4.154909
2494 25 2.251258
2494 30 2.523021
2494 51 2.8325133
2498 5 2.6972184
2498 7 3.257936
2498 10 3.5717669
2498 17 2.53385
2498 59 2.893456
2506 1 2.9450076
2506 8 2.9072034
2506 11 3.1079607
2506 22 2.9697528
2506 66 3.7584586
2508 6 2.8789577
2508 8 2.5451715
2508 10 3.5486186
2508 16 3.2363403
2508 24 2.361807
2514 1 3.2495887
2514 24 2.216164
2514 26 2.7871974
2514 39 2.5423937
2514 48 3.5331545
2519 1 3.406869
2519 12 2.9381032
2519 15 2.8065107
2519 30 2.3379195
2519 52 2.2673311
2521 1 2.750551
2521 6 1.9998804
2521 7 1.3789259
2521 15 2.2091446
2521 25 1.6042159
2528 1 3.5996559
2528 10 3.6633725
2528 12 3.5107613
2528 18 2.381771
2528 63 2.8689134
2538 3 3.1537461
2538 9 3.308981
2538 11 2.8267777
2538 25 1.9937743
2538 35 2.1116135
2539 1 3.01718
2539 6 2.5819342
2539 16 2.5620751
2539 21 2.6085186
2539 68 2.168805
2541 4 3.033138
2541 12 3.3545923
2541 13 2.580367
2541 26 3.1215868
2541 42 3.3360772
2549 3 3.229309
2549 7 2.7039897
2549 15 2.2278242
2549 26 2.6475942
2549 85 4.946539
2551 2 2.4639316
2551 11 2.3127956
2551 12 3.127521
2551 17 1.9011629
2551 49 2.3597746
2559 1 3.7553828
2559 6 2.9557145
2559 8 3.103191
2559 16 3.8757079
2559 25 2.81922
2560 2 3.1184554
2560 8 3.0185273
2560 11 2.755438
2560 23 2.791569
2560 34 2.3594203
2564 1 2.8586984
2564 6 2.6127808
2564 7 3.9798331
2564 26 2.3275118
2564 55 2.407957
2574 2 2.9630592
2574 6 2.70943
2574 7 2.456779
2574 10 2.9866226
2574 44 3.0114784
2581 2 3.3784802
2581 11 3.3041515
2581 15 3.2093875
2581 20 4.1538615
2581 75 3.0832934
2583 5 2.4558184
2583 23 2.920093
2583 30 2.5306904
2583 51 2.6244164
2583 64 2.364828
2585 7 3.0967271
2585 12 3.4542918
2585 13 3.1993651
2585 21 3.8300972
2585 46 3.0590272
2588 3 3.0767088
2588 15 2.181456
2588 23 2.9247272
2588 33 1.8944032
2588 44 2.5782173
2605 4 2.8201725
2605 17 2.2643275
2605 27 2.9415305
2605 34 2.083199
2605 76 2.4127004
2612 2 3.245098
2612 5 3.1338837
2612 12 3.863247
2612 17 2.4556274
2612 30 2.6364384
2615 3 4.009343
2615 8 3.6041653
2615 14 3.410011
2615 39 2.645422
2615 65 2.4908135
2621 2 3.692396
2621 8 3.5687916
2621 14 3.4146893
2621 23 3.5733297
2621 42 3.4788828
2625 3 3.526983
2625 8 3.391789
2625 14 3.1733298
2625 24 2.9842775
2625 47 2.8031726
2633 3 3.2134314
2633 9 3.5995626
2633 10 3.412653
2633 18 2.0894525
2633 26 3.1433449
2634 8 2.817207
2634 14 2.821937
2634 16 2.8984516
2634 26 2.8232455
2634 67 2.797108
2641 1 2.8440464
2641 24 2.1568677
2641 25 2.0753543
2641 28 2.7276495
2641 61 2.1073232
2642 3 3.6742182
2642 16 3.495245
2642 17 2.7019203
2642 24 3.2055745
2642 32 3.1904624
2650 6 2.5526612
2650 9 3.7034736
2650 11 3.0179968
2650 21 3.2403731
2650 38 3.491361
2653 2 3.0922008
2653 6 2.6685994
2653 11 3.0406377
2653 26 3.1264782
2653 34 2.4531045
2656 2 3.3542166
2656 10 4.181589
2656 12 3.8281188
2656 25 3.0192025
2656 52 2.5282469
2662 4 2.7478397
2662 7 2.9799597
2662 10 3.3176072
2662 15 2.4411151
2662 44 3.1217601
2664 2 3.3099718
2664 12 3.3517408
2664 16 3.7202594
2664 30 2.9991066
2664 49 2.7394774
2670 1 3.8819582
2670 6 3.4842343
2670 11 3.322267
2670 27 3.9417455
2670 54 3.4895575
2671 1 3.5432003
2671 9 3.7097738
2671 31 2.8282747
2671 48 3.6726983
2671 56 3.1851609
2674 2 2.8289218
2674 15 2.7035613
2674 18 1.61626
2674 22 2.9008617
2674 34 2.4030766
2678 4 3.011445
2678 18 1.9188805
2678 22 2.890137
2678 27 3.0088518
2678 44 3.0763466
2687 5 2.3689203
2687 9 3.1124506
2687 24 2.2431653
2687 28 2.8093505
2687 42 2.9290566
2693 3 2.9780798
2693 9 3.7273595
2693 15 2.7194643
2693 26 2.817375
2693 37 2.7037091
2694 2 2.493658
2694 5 2.2798352
2694 10 3.048106
2694 16 2.9259644
2694 75 2.585189
2700 1 3.0074098
2700 6 2.610744
2700 7 2.9991367
2700 18 1.9599972
2700 38 3.2143989
2706 1 2.9333184
2706 7 2.7296646
2706 10 3.2282937
2706 28 2.7841861
2706 79 1.9106166
2715 1 3.2524955
2715 8 3.3338327
2715 9 3.5756621
2715 24 2.1180649
2715 49 2.0878325
2716 1 3.4425979
2716 6 3.0798118
2716 7 2.9754174
2716 23 3.5145524
2716 62 3.5933955
2719 1 3.12597
2719 8 3.5594866
2719 13 2.566534
2719 23 3.1823466
2719 56 2.316926
2725 1 3.603875
2725 6 2.6409605
2725 12 3.1288433
2725 18 2.1297672
2725 55 2.4604855
2730 3 3.4828334
2730 9 4.011316
2730 11 3.333448
2730 33 2.5920157
2730 46 2.959052
2735 2 2.4940963
2735 8 2.6150498
2735 11 2.576631
2735 27 2.5058439
2735 36 1.0
2737 8 2.991688
2737 14 3.055896
2737 17 2.1735601
2737 24 2.1166322
2737 28 2.8213227
2738 2 3.074555
2738 11 3.0590348
2738 16 3.2088366
2738 20 3.3730555
2738 72 2.7930436
2743 1 3.3065155
2743 4 2.7778485
2743 13 2.1082788
2743 16 3.197833
2743 65 2.6381316
2744 1 3.2901208
2744 9 3.5278575
2744 11 3.0700893
2744 22 3.1251118
2744 39 2.5248933
2745 6 2.8638563
2745 17 2.2870562
2745 19 2.8537302
2745 26 2.9908996
2745 62 3.4850426
2746 3 3.6613677
2746 9 3.4682922
2746 11 2.8557885
2746 23 3.157891
2746 37 2.6418004
2753 1 3.5213346
2753 4 3.3492873
2753 8 4.3757787
2753 21 3.647682
2753 59 2.9603379
2756 3 4.008301
2756 10 3.6055493
2756 24 2.7554038
2756 26 3.430304
2756 49 3.3677192
2760 1 3.3739605
2760 5 2.577218
2760 6 2.8504515
2760 26 2.888931
2760 85 2.493575
2765 9 3.9861655
2765 21 3.6358488
2765 22 3.3569527
2765 34 2.8199453
2765 56 2.78747
2766 1 3.3979626
2766 10 3.4540954
2766 18 2.147254
2766 25 2.4085376
2766 33 2.4060085
2768 1 2.9833634
2768 4 2.9600496
2768 6 2.778297
2768 14 3.1041648
2768 43 1.9581012
2770 3 4.026192
2770 9 4.173695
2770 17 2.4913168
2770 28 3.1029418
2770 41 2.2708597
2773 1 3.3097458
2773 8 3.0600963
2773 9 3.7405047
2773 29 2.089314
2773 45 2.9930818
2778 2 3.3655388
2778 16 3.41835
2778 17 2.9153228
2778 23 3.4835851
2778 40 2.7259738
2783 2 2.3633783
2783 13 2.2189622
2783 30 2.2356367
2783 45 2.545004
2783 69 1.8353028
2787 2 3.0326116
2787 7 2.789746
2787 12 3.0049767
2787 24 2.1708848
2787 55 2.3205094
2794 2 3.0116081
2794 11 2.9753673
2794 14 3.4168296
2794 18 2.2350767
2794 52 2.2841694
2801 12 3.774578
2801 16 3.5203505
2801 17 2.4810243
2801 34 2.845311
2801 70 2.7090485
2805 10 3.5602574
2805 15 2.4050453
2805 21 2.8382607
2805 41 3.745117
2805 71 1.0
2806 1 3.179335
2806 4 2.8562703
2806 13 2.2756667
2806 28 2.9943595
2806 75 2.1376636
2808 6 2.4936094
2808 10 2.9583979
2808 17 2.0475385
2808 22 2.7954316
2808 35 2.4531012
2813 1 3.1981745
2813 5 2.5371757
2813 14 3.1403618
2813 16 3.4106467
2813 53 2.2811553
2828 8 2.9366024
2828 16 3.6109552
2828 22 2.93475
2828 29 2.7974877
2828 81 2.6454148
2830 2 3.0324984
2830 14 2.680714
2830 20 3.081091
2830 48 1.0
2830 62 2.2463944
2832 1 3.2316675
2832 14 2.8573225
2832 18 2.0192475
2832 35 2.4448202
2832 55 2.5044045
2834 3 2.8495078
2834 10 2.6995988
2834 12 2.231594
2834 28 1.9224923
2834 57 1.4405613
2843 2 2.9775538
2843 17 2.2110558
2843 20 4.107535
2843 28 3.1513314
2843 46 2.5372467
2845 2 2.915841
2845 4 2.9893458
2845 10 3.2193046
2845 26 2.8147678
2845 39 2.6731946
2849 1 2.6372395
2849 8 2.5453277
2849 13 1.0
2849 24 1.4590513
2849 34 1.7739848
2854 2 2.6258938
2854 12 2.7688322
2854 13 1.4856747
2854 25 1.9043372
2854 31 1.9909023
2857 1 3.406995
2857 6 3.1465247
2857 9 3.9223328
2857 17 2.8055556
2857 34 2.5586262
2863 2 3.324901
2863 8 2.9843695
2863 9 4.3149033
2863 16 3.5553005
2863 47 2.9739966
2867 1 2.8857152
2867 8 2.591657
2867 9 2.9270306
2867 20 2.3769202
2867 60 1.0
2881 2 3.0000057
2881 10 3.144144
2881 11 2.9813998
2881 18 1.8727537
2881 64 2.3445027
2884 1 3.2003553
2884 17 2.3107765
2884 29 2.2416222
2884 48 3.4401793
2884 83 4.6815243
2900 3 3.5747733
2900 15 2.8443718
2900 29 2.318283
2900 36 2.5169656
2900 59 2.721796
2902 3 4.2521024
2902 9 3.9515555
2902 16 4.144213
2902 22 3.2274592
2902 46 3.1914806
2904 7 3.2030752
2904 13 2.7163668
2904 20 4.024901
2904 23 3.5154302
2904 29 2.4332047
2909 5 2.6800869
2909 13 2.8250468
2909 17 2.4292305
2909 21 3.1915605
2909 39 2.8840966
2914 1 3.2654777
2914 9 3.8133183
2914 14 3.2016644
2914 23 3.2825067
2914 48 3.436894
2942 1 3.2324347
2942 8 2.8344064
2942 18 2.1881273
2942 24 2.2347317
2942 49 2.60163
2947 3 3.264774
2947 20 3.294633
2947 21 3.0749614
2947 32 2.57247
2947 44 2.979673
2948 4 2.8213902
2948 8 2.9892604
2948 9 3.9576142
2948 13 2.4703004
2948 52 2.3271227
2949 3 3.1640952
2949 7 2.7634993
2949 15 2.5242934
2949 25 2.021254
2949 74 2.4919152
2963 2 2.8401299
2963 12 3.0431406
2963 16 2.9111557
2963 24 2.2186172
2963 58 2.814998
2969 6 2.7206066
2969 10 3.4876294
2969 12 3.3995652
2969 22 3.2268765
2969 54 3.4025397
2970 5 1.8636235
2970 12 2.7441344
2970 14 2.1016903
2970 27 2.540308
2970 45 2.1960568
2984 3 3.981913
2984 6 3.2246785
2984 12 3.3235445
2984 22 3.2887602
2984 32 3.0751257
2987 2 3.1328652
2987 20 3.4453897
2987 22 2.86498
2987 31 2.3396556
2987 63 2.2502959
2995 1 3.212201
2995 3 3.540396
2995 10 3.6248987
2995 17 2.281198
2995 73 2.6368823
3000 1 3.165788
3000 9 3.1493797
3000 11 2.458448
3000 24 1.8772979
3000 52 1.9123493
3013 6 2.9633145
3013 10 3.6717823
3013 15 3.087174
3013 21 3.3629928
3013 46 1.0
3017 14 2.966468
3017 26 3.456867
3017 29 2.2079072
3017 39 2.3978722
3017 68 1.0
3021 4 3.295433
3021 6 2.9965153
3021 9 3.6279867
3021 23 3.4349248
3021 42 3.3235948
3030 6 2.010172
3030 10 3.0251973
3030 15 2.4811354
3030 24 1.6951766
3030 59 1.0
3031 2 3.429832
3031 8 3.108616
3031 11 3.3221514
3031 13 2.736815
3031 42 3.1541765
3033 3 3.3204122
3033 19 2.4672
3033 21 2.710869
3033 46 2.6837702
3033 57 1.9756904
3043 6 1.0377656
3043 19 1.0
3043 21 2.330559
3043 34 1.420716
3043 87 1.0
3051 6 2.978671
3051 16 3.0111916
3051 20 3.3273513
3051 42 3.9225795
3051 73 3.0665932
3052 1 3.0704932
3052 4 2.8300984
3052 32 2.690804
3052 40 2.352945
3052 73 2.465232
3053 2 2.5137992
3053 19 2.0136793
3053 20 2.976153
3053 24 1.9895877
3053 68 2.0927622
3058 2 3.126337
3058 6 2.657459
3058 7 3.0641475
3058 16 3.2869747
3058 65 2.5313559
3059 2 2.9878473
3059 6 3.0589454
3059 8 2.9383397
3059 19 2.4937098
3059 42 3.425796
3064 1 3.5558355
3064 8 2.9527552
3064 9 3.8445008
3064 14 3.39484
3064 39 2.6519735
3068 4 2.4870236
3068 13 2.2836044
3068 14 2.9696522
3068 20 3.3140178
3068 45 2.8319275
3071 3 3.885248
3071 7 2.8686385
3071 8 2.6880555
3071 19 2.2227836
3071 33 2.6043196
3076 1 2.9714892
3076 6 2.160051
3076 7 2.859657
3076 20 3.4345672
3076 33 2.177702
3078 2 3.0717254
3078 9 3.976388
3078 11 3.2150078
3078 39 2.431713
3078 49 2.6393423
3080 2 1.5818477
3080 5 1.8367602
3080 7 2.5061605
3080 10 2.833867
3080 48 2.8059716
3085 3 2.9143708
3085 10 3.001855
3085 12 2.8146522
3085 17 1.7757381
3085 51 1.8059778
3095 2 1.9859865
3095 8 2.6428225
3095 12 2.1911929
3095 22 2.5049744
3095 58 2.4889035
3097 1 3.2540944
3097 6 2.711183
3097 7 3.3121476
3097 21 3.5048664
3097 52 2.2881052
3099 2 3.556903
3099 10 3.800027
3099 11 3.561088
3099 19 2.9274855
3099 42 3.6167693
3101 1 3.1197207
3101 4 2.868233
3101 8 2.7249553
3101 20 4.0732546
3101 27 3.3299985
3105 1 3.2516403
3105 7 3.4715517
3105 11 3.1196833
3105 18 2.0240536
3105 31 2.9849699
3111 1 3.4131584
3111 8 3.1594825
3111 10 3.5923061
3111 24 2.7772903
3111 49 2.803308
3113 5 1.5355107
3113 9 2.9035957
3113 14 2.0443096
3113 23 2.7146447
3113 33 1.6081014
3131 8 2.5986762
3131 12 3.3040974
3131 16 2.945598
3131 23 3.1166177
3131 61 1.4327099
3134 2 2.6182024
3134 12 2.2224863
3134 13 1.0
3134 18 1.0
3134 43 1.0
3136 2 3.148004
3136 7 3.2808435
3136 9 3.2409277
3136 12 3.1343505
3136 28 2.7960927
3137 3 2.504307
3137 17 1.6461293
3137 20 3.380579
3137 35 2.4677653
3137 61 2.0683875
3143 2 2.337204
3143 11 2.2359514
3143 15 2.3126433
3143 30 2.1799011
3143 68 2.1161656
3147 3 3.9375572
3147 16 3.5367494
3147 21 3.280635
3147 25 2.749342
3147 40 2.8541296
3148 2 2.9419832
3148 10 3.0097919
3148 15 2.7379866
3148 29 2.2204652
3148 65 2.7222795
3153 2 3.342312
3153 13 2.999656
3153 15 3.0504973
3153 31 2.7624888
3153 45 2.868894
3155 3 3.1756907
3155 15 2.3575296
3155 16 3.1426902
3155 30 2.3863418
3155 50 2.0418184
3163 2 2.9706547
3163 8 2.5986667
3163 13 2.3186297
3163 38 3.3591068
3163 57 1.9891766
3168 1 3.0205367
3168 10 3.1432788
3168 20 3.365551
3168 24 2.186827
3168 42 2.9617195
3179 1 3.1399992
3179 14 3.186122
3179 15 3.2105143
3179 31 2.8966186
3179 53 2.6211176
3182 4 3.3243132
3182 7 3.6714687
3182 13 2.4659336
3182 15 2.6813183
3182 44 3.0724921
3188 2 3.0622277
3188 9 3.4193165
3188 13 2.5679932
3188 31 2.4984307
3188 38 3.5013902
3193 2 3.8675275
3193 8 3.0450683
3193 12 3.3087199
3193 29 2.256868
3193 55 3.20088
3208 1 3.2835677
3208 7 3.1855564
3208 14 3.2699323
3208 27 3.6867266
3208 53 2.3025022
3214 12 3.3535914
3214 16 3.395284
3214 17 2.4375777
3214 30 2.7506437
3214 55 3.1377215
3216 2 3.2735748
3216 7 3.135289
3216 8 3.0287569
3216 14 3.4424436
3216 27 3.5009341
3219 5 2.6342874
3219 8 2.33202
3219 11 2.9736547
3219 19 2.5235121
3219 40 2.5430987
3228 2 2.95183
3228 12 2.9518645
3228 15 2.380587
3228 31 2.2960472
3228 70 1.995936
3231 3 2.6123133
3231 12 2.8315597
3231 16 2.9210353
3231 20 3.1200027
3231 68 5.0
3233 1 3.0962436
3233 6 1.983607
3233 12 3.1925735
3233 14 3.0796492
3233 20 3.4495683
3238 8 2.6409485
3238 10 2.8644252
3238 12 2.8820703
3238 22 2.6854107
3238 33 2.1297612
3248 1 2.9846506
3248 5 2.5254436
3248 7 3.0910285
3248 18 1.7564106
3248 54 2.900089
3253 3 3.647771
3253 9 3.685259
3253 12 3.1083784
3253 21 3.3011124
3253 26 2.5810971
3257 1 3.483072
3257 5 3.1636794
3257 11 3.5739956
3257 28 3.1487296
3257 61 2.4031727
3259 3 3.2275167
3259 8 3.0607853
3259 13 2.2788584
3259 19 2.3746552
3259 68 1.0
3265 3 2.4289393
3265 13 1.6284429
3265 14 1.3474264
3265 21 2.3431308
3265 48 3.7223206
3276 1 3.661098
3276 8 3.022328
3276 9 4.044205
3276 18 2.3066282
3276 42 3.465323
3284 1 3.5227926
3284 10 3.4339173
3284 14 3.153866
3284 19 2.914094
3284 43 2.3299894
3290 10 3.8118799
3290 13 2.4304693
3290 14 3.149509
3290 20 3.3310924
3290 44 4.848508
3292 4 2.9790878
3292 9 4.290619
3292 12 3.74812
3292 17 2.4783137
3292 43 2.3873162
3297 12 3.021026
3297 23 2.449561
3297 24 1.9560724
3297 26 2.3068516
3297 38 3.17892
3301 1 3.1537685
3301 4 2.9100835
3301 6 2.8648818
3301 13 2.5326371
3301 58 2.7432153
3312 6 2.3158786
3312 15 2.1700075
3312 19 1.9654344
3312 24 1.5521086
3312 35 1.9697616
3314 2 3.5860565
3314 8 3.0218017
3314 14 3.4432573
3314 25 2.4470577
3314 49 2.8074691
3321 3 4.3053217
3321 8 2.9983025
3321 11 3.3457363
3321 25 2.363692
3321 40 2.6156495
3323 1 3.357336
3323 4 3.241777
3323 9 3.6281817
3323 20 3.631848
3323 31 2.7562354
3325 1 3.3408115
3325 16 3.3047984
3325 24 2.454852
3325 43 2.256531
3325 55 2.637034
3328 3 4.013005
3328 8 2.7926533
3328 19 2.718162
3328 23 3.0591502
3328 28 2.9523764
3331 4 2.282733
3331 8 1.0
3331 9 2.7092888
3331 17 1.7665793
3331 33 1.0
3334 2 2.4933367
3334 13 1.1409386
3334 17 2.1066532
3334 36 1.7512952
3334 82 1.0
3335 1 3.5644963
3335 7 2.930592
3335 10 3.4173083
3335 16 3.34769
3335 30 2.3877308
3341 7 2.915755
3341 10 2.9670947
3341 12 2.8105536
3341 24 1.9727415
3341 46 2.2402422
3342 1 3.5763137
3342 10 3.8098283
3342 11 3.7025902
3342 16 3.934775
3342 27 3.5507224
3346 5 2.4924312
3346 13 2.2036028
3346 18 1.7950047
3346 38 2.947744
3346 54 3.047218
3347 4 3.2568898
3347 8 2.9235747
3347 9 3.5195968
3347 12 3.2206495
3347 59 3.140838
3348 5 2.9268909
3348 26 3.1638522
3348 31 2.7294571
3348 39 2.8089743
3348 57 2.322986
3349 4 3.5172129
3349 18 2.2339833
3349 23 3.4802203
3349 33 3.10257
3349 83 3.0375686
3350 1 3.2762232
3350 5 2.5195034
3350 10 2.6658368
3350 14 2.494
3350 23 3.0132968
3360 1 3.3349667
3360 24 2.4787142
3360 26 2.9597106
3360 39 2.6562173
3360 51 3.0673418
3365 3 3.153087
3365 5 2.456354
3365 7 2.8690944
3365 13 2.3158846
3365 20 3.2494974
3374 3 3.0276687
3374 29 1.7249837
3374 43 1.7487252
3374 47 2.3540454
3374 80 2.2967627
3379 4 3.2393863
3379 7 3.0369449
3379 8 3.1730886
3379 25 2.3143828
3379 77 3.1500428
3382 4 2.5063155
3382 20 2.9742544
3382 21 2.6212606
3382 31 1.8922238
3382 52 1.6532221
3383 2 2.0770955
3383 7 2.0088577
3383 8 1.8818333
3383 10 2.3202195
3383 39 1.5193858
3384 10 2.0428205
3384 13 1.7563696
3384 15 1.5870708
3384 19 1.7933596
3384 58 2.1344903
3385 1 3.6247375
3385 11 2.9272244
3385 16 3.0158114
3385 26 2.9777226
3385 54 3.0457628
3398 1 4.40661
3398 9 3.6818852
3398 13 3.2456393
3398 16 3.8769374
3398 29 2.0771263
3407 1 2.684014
3407 6 2.1426642
3407 8 2.3329244
3407 13 1.1775184
3407 59 1.746003
3409 1 2.9536963
3409 29 1.3883593
3409 31 1.914874
3409 37 2.66435
3409 46 2.5660574
3411 2 2.5423007
3411 13 2.5312214
3411 20 3.382524
3411 25 2.0542417
3411 54 3.0346467
3416 2 2.808555
3416 9 3.282045
3416 11 2.239443
3416 19 2.1746957
3416 27 2.8635223
3419 1 3.1714036
3419 7 1.6286507
3419 19 2.1904376
3419 32 2.3064504
3419 51 2.1107082
3420 4 3.9186304
3420 17 2.4325635
3420 22 2.985711
3420 49 2.591966
3420 72 2.9306583
3422 11 2.894263
3422 20 3.381546
3422 22 2.1946888
3422 34 1.817465
3422 68 2.192201
3423 1 3.3016279
3423 8 2.5769758
3423 15 3.4881756
3423 22 3.3650665
3423 37 2.8810706
3426 1 3.158541
3426 10 3.619064
3426 20 3.4688504
3426 38 3.459809
3426 71 2.5197556
3431 1 3.6351974
3431 3 3.6268468
3431 5 3.169235
3431 9 4.098061
3431 19 2.6356838
3434 1 3.3004298
3434 4 2.8619633
3434 7 3.1141522
3434 20 3.8309488
3434 75 2.68642
3444 16 3.525576
3444 21 3.5575073
3444 28 3.7684205
3444 34 2.6822915
3444 57 2.8071172
3450 6 2.5028434
3450 21 2.5620928
3450 26 2.565166
3450 37 2.645575
3450 60 1.7084662
3458 1 3.1232097
3458 6 2.8213823
3458 9 3.4848535
3458 14 3.0807588
3458 31 2.3311024
3460 8 2.7487717
3460 14 3.4134645
3460 21 3.1376595
3460 27 3.1196356
3460 31 2.5878441
3472 4 2.6471956
3472 6 2.677171
3472 7 2.2306871
3472 14 2.7645237
3472 60 1.0
3474 3 3.3508742
3474 17 1.9873501
3474 22 2.7361138
3474 27 3.201842
3474 64 2.0445585
3477 2 3.2021723
3477 7 3.4422731
3477 15 2.797479
3477 23 3.5168126
3477 46 3.0061557
3478 2 3.4214773
3478 10 3.5857577
3478 18 2.4232335
3478 31 2.909052
3478 48 3.5999527
3488 1 2.7779713
3488 5 1.6451561
3488 12 2.6715243
3488 28 1.7861612
3488 62 2.2323294
3510 2 3.8217838
3510 9 3.7155378
3510 11 3.4888008
3510 27 3.8689919
3510 81 2.8421788
3512 2 3.635268
3512 11 3.2104514
3512 12 3.6022959
3512 33 2.6168811
3512 49 2.765009
3521 5 2.634
3521 11 3.0820756
3521 15 3.1178622
3521 24 2.699314
3521 54 3.185942
3530 2 2.9108427
3530 10 2.9074898
3530 11 2.7733064
3530 28 2.9965754
3530 42 2.837781
3538 1 3.0838814
3538 6 2.7277725
3538 8 2.7460265
3538 22 3.0075827
3538 34 2.33048
3540 5 2.2023563
3540 10 3.2224588
3540 16 2.6708586
3540 29 1.9951086
3540 50 1.0
3546 3 3.44465
3546 8 2.877803
3546 9 3.1550853
3546 20 3.3619213
3546 64 2.4529772
3552 10 3.7023213
3552 25 2.2413452
3552 27 3.1804228
3552 52 2.1929383
3552 79 2.0343747
3559 3 4.3629055
3559 19 2.7316608
3559 24 2.7212236
3559 34 2.6496382
3559 41 1.0
3564 1 3.0283005
3564 11 2.9672203
3564 12 3.0710168
3564 22 2.1450279
3564 92 4.115555
3566 10 3.7850096
3566 18 2.5034082
3566 20 3.9801452
3566 25 2.7245996
3566 71 3.0304296
3579 5 2.893757
3579 15 2.7159317
3579 17 1.9835632
3579 28 2.8597975
3579 48 3.1285892
3580 7 2.7207997
3580 13 2.3549852
3580 16 3.1099453
3580 23 3.08286
3580 38 3.3392756
3582 5 2.2968698
3582 8 2.7424946
3582 13 2.45228
3582 20 3.1185691
3582 48 3.1825323
3595 6 2.6099107
3595 15 2.3241005
3595 20 3.3654664
3595 34 1.8163779
3595 50 2.318663
3597 11 3.0370865
3597 19 1.6003867
3597 20 3.4793344
3597 29 1.7532773
3597 57 1.9098125
3602 2 3.168446
3602 8 2.845381
3602 9 3.9985354
3602 14 3.3268642
3602 36 2.2493849
3604 3 2.998427
3604 5 2.5810456
3604 11 2.9630814
3604 25 1.9443929
3604 51 2.4397507
3608 2 2.7020895
3608 11 2.8709
3608 16 2.9243462
3608 25 2.322611
3608 77 2.1065283
3619 2 3.137631
3619 5 2.638051
3619 14 3.2186923
3619 16 3.4187016
3619 42 3.1986456
3626 7 2.7673037
3626 14 2.6388316
3626 20 3.1825876
3626 31 2.0183227
3626 52 2.0123675
3629 1 3.4648695
3629 8 3.1499348
3629 11 3.8985734
3629 25 3.247403
3629 49 2.8560927
3630 6 2.8104985
3630 9 3.5780225
3630 10 3.7570953
3630 13 2.6870675
3630 47 2.628922
3658 2 3.4383798
3658 14 3.3414755
3658 15 2.9388359
3658 18 2.436541
3658 45 3.000473
3664 2 3.0195038
3664 25 2.228519
3664 27 3.0939133
3664 39 2.1220238
3664 53 2.1218417
3667 2 3.0598943
3667 6 2.071017
3667 7 2.840473
3667 23 2.702657
3667 38 3.3083189
3671 2 3.1424525
3671 8 2.6373973
3671 9 3.6021686
3671 20 3.5117083
3671 59 2.5980573
3672 2 3.0971215
3672 7 3.9939077
3672 8 2.9428327
3672 14 3.0605838
3672 51 2.7219563
3674 4 2.8142636
3674 8 2.8108118
3674 16 3.0922794
3674 22 2.431829
3674 31 2.2156692
3678 10 3.0355103
3678 16 2.9198062
3678 17 1.9298819
3678 27 2.886835
3678 62 3.0126333
3679 1 2.7744007
3679 14 2.8265917
3679 16 2.4183133
3679 20 3.2393014
3679 60 1.0
3681 1 2.9740903
3681 3 3.219644
3681 7 2.80476
3681 20 3.3814254
3681 46 2.574408
3701 4 2.4487267
3701 7 2.45985
3701 11 2.5136528
3701 21 2.6350582
3701 75 1.2570667
3702 2 2.9309297
3702 7 3.0192611
3702 8 2.7657337
3702 25 2.0311162
3702 46 2.6627223
3718 1 3.1065638
3718 3 3.3387802
3718 7 2.696805
3718 11 2.9792008
3718 28 2.9884677
3719 4 2.5037882
3719 10 2.7747896
3719 11 2.4600868
3719 30 1.3791716
3719 50 1.578283
3723 1 3.10971
3723 13 2.3042393
3723 16 3.0790737
3723 30 2.3332841
3723 52 2.2361698
3724 4 2.7297857
3724 7 2.7544312
3724 17 2.067591
3724 32 2.6039195
3724 38 3.165826
3727 1 2.8587806
3727 3 2.9145217
3727 6 2.3872042
3727 16 2.6918087
3727 31 1.6021967
3747 3 3.9669373
3747 7 3.2233531
3747 8 3.128722
3747 19 3.1137283
3747 28 3.1526551
3751 3 4.02515
3751 24 2.49368
3751 25 2.403542
3751 31 2.794032
3751 54 3.6181848
3753 1 3.3303294
3753 10 3.4534504
3753 11 3.5683608
3753 40 2.717671
3753 53 2.9745739
3754 7 3.2637837
3754 16 3.5006897
3754 18 2.0190547
3754 32 3.0388267
3754 53 2.3560421
3755 2 3.1357286
3755 6 3.0553982
3755 10 3.1865506
3755 17 2.3244243
3755 62 3.5029373
3757 1 3.023108
3757 9 3.923421
3757 12 3.1184428
3757 28 2.7579315
3757 62 3.1344178
3762 1 3.1161172
3762 8 2.6949193
3762 14 2.7502034
3762 22 2.517049
3762 60 1.5075474
3766 2 3.1025555
3766 6 2.4390922
3766 8 2.8468761
3766 50 2.1885383
3766 76 1.6919131
3771 2 3.0634387
3771 4 3.0490415
3771 12 3.496065
3771 31 2.6475186
3771 48 3.286261
3775 1 3.2349823
3775 11 3.4684334
3775 14 3.9769135
3775 20 3.7284591
3775 26 3.6003802
3776 1 3.9248364
3776 6 2.9654896
3776 7 3.122192
3776 15 3.1763248
3776 29 2.5943694
3787 1 2.8651505
3787 11 2.90277
3787 12 2.202097
3787 21 2.735876
3787 57 1.0
3797 1 3.3787827
3797 7 3.9255543
3797 9 4.3597336
3797 13 2.6165779
3797 58 3.0257645
3802 2 3.4360905
3802 7 3.1245534
3802 9 3.8161144
3802 26 2.9327474
3802 36 2.5032685
3812 2 3.5839949
3812 11 3.3417354
3812 14 3.7220218
3812 18 2.2669723
3812 44 3.3613203
3813 6 2.7227142
3813 12 3.166562
3813 23 3.3111355
3813 28 2.8974876
3813 42 3.0884728
3817 2 3.4344132
3817 9 3.7870789
3817 13 3.355759
3817 20 3.78646
3817 35 3.3104167
3820 3 4.038994
3820 7 3.794293
3820 10 3.9225967
3820 14 3.311275
3820 65 3.2603827
3822 6 3.415684
3822 8 3.6595576
3822 13 3.0429924
3822 22 3.1399882
3822 52 2.5277734
3823 2 3.0657442
3823 6 2.8625722
3823 7 3.1326659
3823 26 2.9074543
3823 59 2.9325223
3829 3 4.006144
3829 8 2.8804817
3829 11 3.243215
3829 18 2.9707224
3829 50 2.3896184
3832 9 3.5890462
3832 12 3.1765075
3832 13 2.495135
3832 22 2.8825068
3832 39 2.175904
3835 1 3.0064147
3835 3 3.2032084
3835 5 2.5534935
3835 13 2.3023298
3835 40 2.65475
3837 1 3.1889076
3837 11 2.9915957
3837 22 2.7454917
3837 41 2.035083
3837 62 3.0274184
3843 3 2.9448225
3843 15 2.4253664
3843 19 2.08014
3843 32 2.643335
3843 48 3.1343226
3851 5 2.2288992
3851 19 2.0527127
3851 22 2.664484
3851 26 2.337097
3851 52 2.1654093
3858 3 3.0271544
3858 20 2.5424082
3858 22 2.3921797
3858 34 1.0390708
3858 55 1.626853
3861 3 3.9731593
3861 12 3.313534
3861 14 3.3026776
3861 24 2.808014
3861 43 2.3971646
3864 2 2.826983
3864 9 3.413803
3864 12 2.779698
3864 44 2.8073494
3864 60 1.6766388
3865 9 3.6937892
3865 23 3.0300052
3865 26 2.5298135
3865 34 2.093337
3865 62 3.5335915
3872 2 4.1277294
3872 11 2.8286467
3872 12 3.5839803
3872 23 3.2013395
3872 50 1.8036999
3878 2 2.6672761
3878 14 2.9628065
3878 21 3.033231
3878 27 3.118252
3878 45 2.3390596
3898 4 3.2224545
3898 12 3.4833536
3898 13 2.65231
3898 24 2.8868723
3898 58 3.1027079
3905 3 3.268682
3905 17 2.4260428
3905 19 2.9515455
3905 25 2.013844
3905 59 2.402432
3916 1 2.939553
3916 11 2.3211129
3916 12 2.8866527
3916 29 1.06527
3916 81 1.7440299
3918 4 3.375235
3918 19 3.40367
3918 26 3.7715294
3918 30 2.7154558
3918 54 3.2669623
3920 1 2.979707
3920 6 2.5896006
3920 9 3.5497985
3920 20 3.6209824
3920 30 2.288886
3921 1 2.4579208
3921 7 2.387424
3921 8 2.2734025
3921 25 1.5597489
3921 64 1.16872
3925 6 2.5062227
3925 17 2.0376775
3925 18 1.7542782
3925 28 2.6711016
3925 75 2.1949518
3926 7 2.9337487
3926 9 3.401599
3926 11 2.9896915
3926 13 1.7422224
3926 53 1.7708201
3927 5 2.6418562
3927 7 3.1562612
3927 10 3.3246484
3927 12 3.339258
3927 58 3.0191357
3930 2 3.1917806
3930 5 2.664347
3930 8 2.9475422
3930 16 3.0514643
3930 38 2.9450483
3941 1 3.782138
3941 4 3.6956546
3941 5 2.986418
3941 17 2.5000377
3941 40 2.8297482
3947 2 3.2969286
3947 13 2.7327213
3947 19 2.698852
3947 25 2.8642716
3947 65 2.3930848
3950 5 3.0809405
3950 14 3.4214315
3950 15 3.0043008
3950 29 2.4044886
3950 73 3.6977544
3951 5 2.7359064
3951 12 3.709178
3951 13 3.0003824
3951 31 2.6210735
3951 53 2.7373445
3958 2 2.81052
3958 5 2.3323398
3958 6 1.9983748
3958 11 2.7842164
3958 64 2.2420115
3959 4 2.71052
3959 10 3.0196376
3959 12 2.3874047
3959 26 2.4185333
3959 44 2.5747476
3970 3 3.308283
3970 8 2.6577132
3970 19 2.2709508
3970 30 1.9240829
3970 42 3.024385
3979 1 3.402159
3979 15 2.7256846
3979 18 2.445705
3979 33 2.544657
3979 42 3.5416348
3981 1 3.041969
3981 5 2.4299018
3981 11 2.6742306
3981 23 2.951425
3981 39 2.548192
3982 4 2.4638002
3982 17 1.88289
3982 21 3.2535298
3982 35 2.712778
3982 63 2.341161
3985 1 2.7942598
3985 15 2.5502481
3985 16 3.1184294
3985 18 1.7837806
3985 49 2.338369
3989 3 3.7420628
3989 10 3.682918
3989 14 2.968134
3989 17 2.3012304
3989 33 2.4916224
3992 4 3.2665157
3992 12 3.3718581
3992 21 3.101521
3992 23 3.2442656
3992 44 2.996683
3999 2 2.4641483
3999 5 1.341389
3999 16 2.587807
3999 19 1.8236537
3999 72 2.2267551
4024 4 2.9714286
4024 6 3.592854
4024 7 1.9318323
4024 15 2.807388
4024 61 2.2709072
4032 4 3.1196663
4032 12 3.1432729
4032 13 2.5821247
4032 30 2.4760578
4032 66 2.5901968
4034 3 3.5710232
4034 13 2.5168486
4034 15 2.6846733
4034 33 2.4876075
4034 50 2.031048
4042 1 2.9554284
4042 4 2.703356
4042 10 2.971457
4042 21 2.850666
4042 59 3.3898149
4046 7 2.901205
4046 11 3.1946597
4046 14 2.8534992
4046 18 2.1087687
4046 44 3.121811
4048 2 3.332481
4048 10 3.575605
4048 12 3.4229937
4048 17 2.5774026
4048 43 2.4276075
4059 2 2.7078853
4059 5 2.2321339
4059 7 2.6396475
4059 9 3.1326957
4059 46 2.409843
4061 2 2.8399568
4061 5 2.9585924
4061 7 2.9989731
4061 26 2.7414827
4061 59 1.4925528
4062 2 2.880344
4062 10 3.3025904
4062 15 2.0478146
4062 21 2.979648
4062 38 3.3619006
4068 1 3.2760766
4068 7 2.6675014
4068 10 2.9626195
4068 16 2.8484042
4068 59 1.7550088
4077 4 2.6161354
4077 14 2.4407556
4077 18 1.4817343
4077 29 1.6731962
4077 64 1.9494427
4080 4 2.687356
4080 9 3.0476308
4080 10 2.8803086
4080 14 2.4137802
4080 54 4.7618175
4096 1 2.94689
4096 6 2.7375686
4096 13 1.9884105
4096 42 3.051738
4096 47 2.3569307
4099 5 3.203463
4099 9 3.7412145
4099 12 3.6957579
4099 26 3.0098164
4099 50 2.309035
4100 5 1.6808844
4100 22 2.487649
4100 23 2.7324362
4100 26 2.3654418
4100 38 2.8056433
4103 4 3.7502942
4103 12 2.9249005
4103 21 3.044926
4103 35 2.610042
4103 52 2.1621277
4107 3 3.3225415
4107 6 2.3499608
4107 15 2.8099225
4107 20 3.5642638
4107 47 2.86821
4109 1 3.2278173
4109 6 2.7611244
4109 9 3.4892356
4109 23 3.1996014
4109 47 2.6305103
4116 1 3.1631713
4116 6 3.3033986
4116 8 2.907889
4116 12 3.2541301
4116 23 3.2448776
4118 1 2.888751
4118 12 3.189733
4118 18 1.8394598
4118 23 2.8311014
4118 57 1.4988539
4125 8 2.407616
4125 13 1.0
4125 19 1.463251
4125 24 1.8610897
4125 50 1.5887825
4133 1 3.3600721
4133 5 3.274163
4133 20 3.8080814
4133 22 3.580398
4133 50 2.3220954
4136 3 3.194296
4136 7 2.4793725
4136 10 3.171385
4136 22 2.457588
4136 36 1.9085523
4137 7 2.6469076
4137 16 3.348501
4137 17 2.5228589
4137 24 2.5056136
4137 81 2.9484422
4140 2 3.2302322
4140 5 2.8543513
4140 10 3.3396323
4140 18 1.9206196
4140 51 2.7285333
4146 4 2.720665
4146 9 3.5157058
4146 12 3.0975935
4146 16 3.190582
4146 41 1.8795301
4147 2 2.935808
4147 4 2.904854
4147 6 2.7878695
4147 11 3.2591705
4147 58 4.3908362
4150 3 3.3103957
4150 11 2.7561872
4150 12 2.4475362
4150 22 2.556843
4150 46 2.5004752
4157 2 2.6824412
4157 11 2.2823164
4157 20 3.2391286
4157 27 3.132211
4157 32 2.3038013
4161 1 2.2248201
4161 3 2.9358718
4161 10 2.2884283
4161 13 1.9081204
4161 56 1.1674845
4180 2 3.1146874
4180 6 2.4590034
4180 9 3.609447
4180 13 2.444671
4180 32 2.7112443
4183 1 3.3661618
4183 4 3.032402
4183 7 3.1291337
4183 11 3.2877865
4183 40 2.5198374
4187 4 2.4574363
4187 10 2.9659305
4187 15 2.6587481
4187 23 3.222553
4187 39 2.4121609
4194 4 3.0616014
4194 8 3.0067613
4194 11 3.70161
4194 15 3.1038558
4194 33 2.5187845
4197 11 2.5283353
4197 16 2.0051723
4197 20 3.0152302
4197 27 2.0309796
4197 35 1.902169
4203 9 3.7230637
4203 11 3.3254366
4203 15 2.9548655
4203 32 3.4627302
4203 38 3.6280577
4217 7 3.1184049
4217 17 2.6499364
4217 18 2.1097138
4217 21 3.1992238
4217 34 2.42482
4218 1 3.097773
4218 15 2.662526
4218 21 3.0658934
4218 27 3.2307432
4218 42 2.6867075
4226 3 2.7612777
4226 14 1.9542129
4226 24 1.0
4226 38 2.0602465
4226 73 1.9549177
4233 2 2.3346236
4233 5 2.1530209
4233 10 2.5266798
4233 15 1.6474863
4233 42 2.650984
4238 1 2.9450452
4238 4 2.686377
4238 13 1.9992644
4238 21 2.7745695
4238 51 2.332674
4252 2 2.9633021
4252 6 3.1193423
4252 8 2.8041387
4252 16 2.7802165
4252 35 2.544749
4262 6 2.5654097
4262 11 2.8132184
4262 14 2.5798647
4262 28 2.8007007
4262 67 2.2377892
4269 1 2.8485255
4269 8 2.4444652
4269 12 3.0356426
4269 21 3.0799022
4269 31 2.3296962
4272 4 2.9713318
4272 8 2.8904192
4272 14 3.392331
4272 22 2.7915523
4272 29 1.934304
4285 1 3.8178973
4285 4 3.2365687
4285 13 2.8576436
4285 20 3.759956
4285 41 2.4632294
4291 1 3.007794
4291 6 2.544948
4291 7 2.70631
4291 17 1.6548588
4291 31 1.8340471
4309 7 3.1683753
4309 17 2.3662925
4309 30 2.9497714
4309 46 3.1450634
4309 71 2.5470738
4312 1 3.0037663
4312 11 2.560672
4312 12 2.8631067
4312 18 1.4515415
4312 42 2.9200697
4313 6 3.169864
4313 22 2.942957
4313 24 2.3604035
4313 29 2.1561005
4313 60 1.9429345
4319 5 2.893392
4319 10 3.8254454
4319 12 3.5308564
4319 23 3.3674488
4319 29 3.5988107
4331 5 2.262466
4331 11 3.0678742
4331 29 1.9576561
4331 41 2.2350206
4331 64 2.2874327
4338 9 3.4700596
4338 12 3.238155
4338 18 2.0690477
4338 20 3.4741035
4338 45 2.7537622
4341 2 3.899079
4341 7 3.2328296
4341 9 4.3017254
4341 13 3.0721498
4341 70 2.4627292
4343 2 2.563065
4343 6 1.876456
4343 7 2.2852457
4343 14 1.7579849
4343 38 2.9559765
4347 2 2.9536855
4347 4 3.012965
4347 9 3.441282
4347 18 2.0519967
4347 38 3.444164
4355 4 3.018202
4355 7 4.1324816
4355 8 2.780514
4355 22 3.0405407
4355 58 3.0143876
4360 5 2.7411592
4360 13 3.278151
4360 22 3.0376375
4360 26 3.2754793
4360 30 2.6011634
4376 1 3.0500422
4376 8 2.9511027
4376 9 3.5598063
4376 22 2.7303782
4376 35 2.5328095
4380 3 3.3782036
4380 5 2.50867
4380 6 2.4893627
4380 9 3.2021797
4380 46 2.656327
4383 5 2.275375
4383 11 2.9960635
4383 12 2.9278145
4383 34 2.1172407
4383 47 2.3501072
4392 1 3.4752512
4392 6 3.3482716
4392 16 3.426758
4392 28 3.3832233
4392 70 2.3567336
4408 2 1.9270742
4408 13 1.8898367
4408 14 2.389775
4408 16 2.9472268
4408 48 3.01363
4415 1 3.9310315
4415 3 3.704512
4415 7 3.0991778
4415 19 2.3340766
4415 45 3.0842564
4422 2 2.5358603
4422 6 2.221688
4422 12 2.140679
4422 15 1.4405152
4422 28 2.372115
4425 4 2.6682546
4425 10 3.1994474
4425 11 2.747038
4425 21 3.0027673
4425 38 3.5248911
4428 1 3.0524776
4428 9 3.3303673
4428 15 2.3317924
4428 21 2.8409662
4428 46 2.6065753
4434 1 3.614561
4434 4 3.3422704
4434 6 3.1486208
4434 19 2.8057365
4434 96 3.0340564
4436 6 2.4018366
4436 8 2.6893852
4436 9 3.9805305
4436 17 2.7943048
4436 26 2.4127343
4440 1 3.329271
4440 5 2.3826058
4440 8 2.8990848
4440 29 2.026182
4440 41 2.091265
4441 4 3.28283
4441 12 3.298479
4441 15 2.9913843
4441 25 2.5910807
4441 29 2.277094
4443 4 3.5413716
4443 9 3.3033423
4443 10 3.1281335
4443 44 2.8885999
4443 79 2.0545669
4454 1 3.2373085
4454 6 2.194971
4454 9 3.563398
4454 13 2.730394
4454 35 2.5954804
4458 2 3.5283704
4458 4 3.388983
4458 5 2.9940953
4458 15 2.8508148
4458 24 2.4461899
4465 1 3.4186783
4465 5 3.0895896
4465 6 3.5811727
4465 8 2.9847546
4465 33 2.9944165
4469 2 2.5854685
4469 10 3.0500848
4469 11 2.8668504
4469 28 2.2305553
4469 46 2.5743184
4474 3 3.5219676
4474 5 3.0392385
4474 10 3.30064
4474 20 3.8484452
4474 46 2.8260713
4480 1 3.401373
4480 7 3.6542506
4480 9 4.08023
4480 16 3.3540516
4480 62 3.5373518
4481 3 3.1156797
4481 12 2.8737223
4481 16 2.8993263
4481 25 1.5284722
4481 41 1.5828358
4482 1 3.1015315
4482 7 3.1017573
4482 15 2.7013872
4482 18 1.8950616
4482 53 2.1588087
4493 2 3.1840553
4493 4 3.191726
4493 9 3.521679
4493 12 3.3661575
4493 42 3.3317096
4499 1 3.3750477
4499 10 3.2581732
4499 16 3.0319564
4499 26 2.6830938
4499 54 3.0942447
4518 5 2.3258026
4518 14 2.7611918
4518 15 2.3949904
4518 19 2.0471
4518 27 2.7931643
4519 4 2.994931
4519 16 3.2826092
4519 20 3.5710835
4519 27 3.2101212
4519 80 3.1651878
4520 5 1.4660983
4520 10 3.262621
4520 12 3.293972
4520 31 2.4670212
4520 62 3.3421364
4523 3 3.532119
4523 9 4.0956745
4523 11 3.141617
4523 17 2.7596622
4523 23 2.8464167
4524 5 2.906983
4524 10 3.7113202
4524 12 3.887588
4524 19 3.1296248
4524 42 3.4841416
4528 3 3.5051975
4528 12 3.331841
4528 14 3.137467
4528 18 2.061516
4528 55 2.3761072
4529 1 3.863496
4529 8 3.1179059
4529 12 3.5632727
4529 20 4.2638836
4529 31 2.795958
4537 1 2.9933648
4537 8 2.905408
4537 10 2.1194825
4537 28 2.9619117
4537 60 1.9923043
4539 6 2.6134467
4539 13 2.8895402
4539 22 2.5305355
4539 31 2.4013526
4539 60 1.6062392
4549 1 3.7453282
4549 9 3.7681298
4549 10 3.399158
4549 13 2.7140028
4549 30 2.6528099
4553 1 3.9751313
4553 11 3.4035366
4553 13 2.740234
4553 21 3.5024118
4553 45 2.9137208
4559 2 2.9672256
4559 17 2.123578
4559 18 2.3245368
4559 39 2.7345977
4559 62 3.2647114
4572 2 2.3804264
4572 8 2.4306
4572 10 2.7834861
4572 14 2.3542137
4572 48 2.9608567
4575 13 3.2306552
4575 15 3.0476177
4575 16 3.5397766
4575 20 3.9110081
4575 52 2.9225981
4588 10 3.3407125
4588 18 2.3762202
4588 19 3.0380404
4588 27 3.2235081
4588 37 3.467953
4591 1 3.569026
4591 7 3.4439569
4591 13 3.2529166
4591 18 2.7146137
4591 37 3.1878037
4592 1 3.0486028
4592 7 2.8733168
4592 12 2.921205
4592 21 2.940526
4592 46 1.0
4593 4 2.3010018
4593 11 2.5100737
4593 18 1.4930661
4593 21 2.393183
4593 40 1.4258213
4597 2 2.8034117
4597 5 2.6146626
4597 8 2.8661833
4597 22 2.6810699
4597 28 2.7667305
4601 2 3.320474
4601 8 2.8479838
4601 15 2.872709
4601 29 2.3548853
4601 52 2.4557664
4606 1 3.8778918
4606 6 3.767726
4606 10 3.5788
4606 24 3.0238645
4606 33 2.7336483
4610 7 2.5734875
4610 10 3.1243427
4610 12 2.7487116
4610 15 1.2797211
4610 79 1.169761
4612 2 3.2257826
4612 7 3.2689576
4612 8 3.0330899
4612 16 3.611522
4612 35 3.0842836
4616 3 3.297178
4616 12 2.724477
4616 14 2.9344206
4616 22 2.4092433
4616 65 1.1540017
4625 1 3.1012995
4625 14 2.5182085
4625 18 1.5114545
4625 30 1.7986197
4625 46 2.2905679
4634 1 3.4307675
4634 12 3.4363894
4634 13 3.5161228
4634 23 3.4297347
4634 36 2.4901874
4636 1 3.4782424
4636 8 2.9940474
4636 18 2.6501462
4636 22 2.9719205
4636 39 2.7924292
4642 4 2.0746548
4642 7 2.0993004
4642 15 1.8182831
4642 43 1.262665
4642 60 1.0484498
4646 3 3.6182127
4646 10 3.3784883
4646 13 2.5369616
4646 17 2.3767
4646 42 3.2833512
4655 13 2.5066419
4655 15 2.5739145
4655 16 3.2054162
4655 26 2.919038
4655 63 2.5269108
4659 8 2.5779123
4659 13 2.819311
4659 16 3.5070155
4659 20 3.7946723
4659 36 3.1920507
4664 1 3.171886
4664 4 2.7823076
4664 5 2.2351005
4664 10 3.2193305
4664 21 3.1011205
4665 1 3.4631336
4665 8 3.331049
4665 11 3.5049548
4665 28 3.1063676
4665 58 3.6359549
4675 2 3.3600414
4675 9 3.9380155
4675 15 3.3422632
4675 20 4.105041
4675 55 3.213757
4682 1 3.341377
4682 9 3.547563
4682 16 3.510867
4682 21 3.4908473
4682 38 3.5117075
4683 6 2.9527748
4683 10 2.9536648
4683 11 2.9479914
4683 21 3.0516655
4683 95 1.6224303
4684 1 3.556564
4684 4 3.6764636
4684 10 3.4909878
4684 23 3.4037635
4684 58 3.165873
4691 4 3.1139526
4691 15 2.5312133
4691 16 3.2919788
4691 32 2.6922135
4691 50 1.282284
4696 8 2.5762613
4696 16 2.951861
4696 20 3.3665986
4696 28 2.6448176
4696 52 1.833308
4697 4 3.308801
4697 7 3.1589205
4697 9 3.912653
4697 16 3.5107732
4697 47 2.7127175
4712 2 2.7117884
4712 8 2.6729026
4712 11 2.7891335
4712 14 2.7038474
4712 43 1.5501862
4717 3 3.363386
4717 8 3.0016932
4717 9 3.420134
4717 26 2.5397825
4717 73 2.4245176
4718 1 3.1241922
4718 3 3.054785
4718 5 2.271935
4718 21 2.9213254
4718 78 1.9191576
4720 1 3.3940341
4720 7 3.1597037
4720 22 3.5901284
4720 31 2.7113144
4720 41 2.578699
4729 1 3.5146399
4729 5 2.859481
4729 8 3.1399703
4729 15 2.9859774
4729 45 3.007777
4735 5 2.8711548
4735 15 3.3048863
4735 18 2.5137374
4735 30 2.331105
4735 56 2.857287
4738 7 2.9665158
4738 14 2.855233
4738 19 2.235142
4738 24 2.2552922
4738 42 2.9550178
4741 6 2.4178746
4741 14 2.7292395
4741 16 3.0048094
4741 20 3.132058
4741 37 2.57788
4746 5 2.049711
4746 14 2.8827372
4746 21 2.606463
4746 35 2.0562665
4746 57 1.0
4760 3 3.6003115
4760 15 3.3826437
4760 22 3.345285
4760 35 2.923081
4760 54 3.3671172
4761 2 3.0187938
4761 18 2.1632953
4761 24 2.434612
4761 32 2.9193995
4761 45 2.8248644
4763 1 3.4962358
4763 4 3.0882475
4763 8 2.9559932
4763 13 2.4913254
4763 25 2.3993285
4773 4 2.4771678
4773 8 2.3985784
4773 11 2.480319
4773 21 2.7889605
4773 40 2.53106
4774 4 2.7395291
4774 10 2.7626457
4774 11 2.6504254
4774 23 2.7894614
4774 76 1.6703203
4775 10 3.453788
4775 22 3.3318717
4775 25 2.8477864
4775 32 3.3084717
4775 70 2.7681413
4786 2 3.2884738
4786 7 3.0280163
4786 15 3.1240892
4786 21 3.1452947
4786 56 2.3353083
4790 1 2.3072205
4790 10 2.370937
4790 20 2.5660727
4790 27 2.2371333
4790 61 1.3183606
4792 4 2.8388898
4792 6 2.3110228
4792 12 2.9298031
4792 24 2.6283336
4792 77 1.0
4795 4 2.9187796
4795 11 2.9420223
4795 12 3.0944533
4795 17 2.1443102
4795 29 2.1828616
4800 2 3.5349462
4800 4 3.8553934
4800 5 3.0819118
4800 17 2.4853165
4800 37 2.9799008
4806 1 2.154707
4806 8 2.4276996
4806 16 2.4577444
4806 30 1.8954899
4806 42 5.0
4808 1 3.2218797
4808 6 2.966005
4808 18 2.0346875
4808 25 2.4076238
4808 81 3.099488
4809 1 2.8532195
4809 8 2.5665238
4809 16 2.9024968
4809 24 2.2605891
4809 47 2.0667593
4817 4 2.4777822
4817 6 2.3956807
4817 8 1.1304499
4817 13 2.1002061
4817 45 2.3832672
4819 2 3.5007274
4819 6 2.7212343
4819 7 3.1044323
4819 16 3.4522457
4819 65 2.707393
4832 4 2.5076237
4832 8 3.3835888
4832 9 3.7150936
4832 22 2.525781
4832 34 2.1360693
4833 1 3.0854168
4833 15 2.0653706
4833 18 1.8149664
4833 29 1.7338619
4833 41 5.0
4835 13 2.6007524
4835 26 3.3548248
4835 30 2.565834
4835 38 3.5368967
4835 46 1.9319928
4837 1 3.0820816
4837 5 2.4263256
4837 6 2.5329428
4837 21 2.9221752
4837 48 3.0059206
4841 6 2.910338
4841 16 3.6879864
4841 17 2.5975678
4841 29 2.2705424
4841 43 2.2586815
4844 11 2.7366781
4844 16 2.932355
4844 18 1.5056298
4844 39 2.202663
4844 69 2.0787852
4854 1 3.486835
4854 7 2.8342414
4854 9 3.2307196
4854 22 2.579853
4854 46 2.4906552
4856 4 2.7896066
4856 9 3.4969826
4856 10 3.1301656
4856 24 1.914246
4856 58 2.7747242
4873 5 2.7243123
4873 9 3.8888042
4873 13 2.6119747
4873 25 2.6518295
4873 35 3.071627
4882 2 2.9208739
4882 22 2.8623028
4882 24 2.6007948
4882 28 3.2494886
4882 90 2.4933088
4883 4 3.6147578
4883 8 3.1128395
4883 9 3.7649796
4883 27 3.5259216
4883 76 2.7818322
4889 3 3.130516
4889 6 2.489578
4889 7 2.4714823
4889 11 1.585352
4889 70 1.1537645
4896 2 2.602335
4896 19 2.1182017
4896 24 1.8862587
4896 31 1.7940887
4896 71 1.9150327
4900 3 3.6514294
4900 12 3.4185362
4900 17 2.5729454
4900 32 3.109274
4900 47 2.896172
4902 3 2.8292964
4902 6 2.1012275
4902 7 1.0
4902 11 2.3082347
4902 40 1.6593208
4904 8 2.8868904
4904 12 3.274186
4904 13 2.51792
4904 20 4.059568
4904 63 2.6303804
4911 2 2.5859802
4911 4 2.8289587
4911 8 2.4538536
4911 10 3.3847556
4911 47 2.223129
4912 9 3.989098
4912 13 3.0760734
4912 14 3.236212
4912 17 2.555734
4912 61 2.6961873
4915 1 3.6481164
4915 16 2.9211085
4915 23 3.2158136
4915 26 2.6950917
4915 30 2.356703
4920 2 2.4597104
4920 5 1.9488258
4920 12 2.1496956
4920 22 1.6385084
4920 50 1.8347571
4924 1 3.196959
4924 11 1.9650159
4924 16 3.0664766
4924 36 2.278914
4924 87 3.9305158
4929 3 3.5519972
4929 6 2.731839
4929 9 3.2741163
4929 14 2.7835872
4929 61 1.9558426
4937 7 1.7550099
4937 11 2.563233
4937 12 2.4243608
4937 22 2.3509183
4937 30 2.014164
4939 3 3.4586864
4939 8 2.343047
4939 10 3.6003098
4939 26 2.4795384
4939 45 2.7164705
4940 2 2.9842515
4940 9 3.4825802
4940 13 2.5919402
4940 19 2.2253847
4940 42 3.1584134
4942 1 3.0599816
4942 12 2.8654656
4942 19 2.2436175
4942 28 2.5012698
4942 51 2.3181975
4949 3 2.9990346
4949 16 3.1898243
4949 17 2.25936
4949 21 3.066571
4949 55 2.4306698
4950 4 2.819532
4950 16 3.3348665
4950 21 3.1059375
4950 30 2.4982634
4950 74 3.3406496
4958 1 3.3703876
4958 13 3.1717753
4958 18 2.2763662
4958 22 3.2499914
4958 43 2.411892
4963 2 3.1500866
4963 4 2.5729055
4963 9 3.7336206
4963 35 2.5617602
4963 44 3.1423345
4977 1 3.2446406
4977 10 3.3783994
4977 11 3.0380633
4977 14 2.884833
4977 26 2.6765158
4980 5 2.431152
4980 17 1.8099556
4980 19 1.3446449
4980 26 2.3789263
4980 42 2.808464
4981 2 2.6798222
4981 10 2.7216773
4981 22 1.7655189
4981 25 1.3253158
4981 74 2.2538052
4982 6 2.5777154
4982 15 2.5041246
4982 16 3.007041
4982 30 2.677675
4982 77 2.7586396
4993 4 3.2171214
4993 11 3.3773239
4993 13 2.5770357
4993 41 2.3707755
4993 67 3.1832337
5000 3 3.631069
5000 5 2.3344967
5000 9 3.3673887
5000 20 3.457758
5000 43 2.1469183
