6 1 2.7055306
6 7 2.8478172
6 12 2.83901
6 35 2.3035138
6 47 2.256664
12 8 3.375835
12 14 3.4431732
12 16 3.9286776
12 20 3.8075366
12 43 3.0555658
14 5 2.2517385
14 10 3.1176908
14 15 1.5935676
14 25 1.9663011
14 52 1.8143718
15 7 3.452413
15 10 3.7042532
15 16 3.6140585
15 36 2.4688537
15 61 2.335029
19 8 3.382602
19 23 3.2990701
19 25 2.5017972
19 35 2.8682148
19 62 3.3645787
20 1 3.5853786
20 13 2.5653121
20 14 3.29413
20 25 1.981656
20 56 2.2375712
27 1 3.191573
27 6 4.344592
27 7 1.499819
27 19 2.1183589
27 73 2.5200288
29 4 1.9111991
29 16 2.9810686
29 28 2.8280182
29 37 2.0415955
29 51 2.025682
32 2 3.4104288
32 5 2.2913413
32 12 2.976665
32 23 2.8929615
32 49 2.1210117
38 7 2.809899
38 11 2.6543794
38 12 2.7696285
38 20 3.3189995
38 53 1.7324114
45 1 3.2476459
45 5 2.8958168
45 7 3.4760942
45 15 2.7906494
45 43 2.113392
49 1 3.2537522
49 8 2.685483
49 11 3.243187
49 18 1.9521396
49 46 2.8454812
50 11 3.0128753
50 20 3.4975214
50 29 2.210412
50 35 2.6180704
50 50 2.1034336
52 1 3.5161786
52 10 3.2120864
52 11 2.8635216
52 19 1.5699908
52 31 2.3484688
53 1 3.033487
53 19 2.2018573
53 20 2.9537134
53 25 1.892435
53 42 2.746007
54 6 2.715317
54 9 3.6074152
54 16 3.285601
54 29 2.1096432
54 86 3.0053992
73 3 3.1808903
73 17 2.1677785
73 19 2.2550743
73 28 2.4533296
73 53 1.8443601
74 2 2.5134447
74 9 2.8196065
74 10 2.7769985
74 23 2.2851486
74 80 2.2492857
75 1 3.196214
75 8 2.7073388
75 9 3.3580396
75 14 2.6780958
75 42 2.9943092
76 2 3.123504
76 6 2.6543894
76 10 3.3704803
76 14 3.400754
76 54 3.2225814
77 2 3.0963569
77 10 3.2311838
77 11 3.0251026
77 16 3.2087877
77 27 3.014054
79 1 3.160027
79 10 3.3030775
79 12 3.4761639
79 23 3.1083455
79 36 2.039755
80 6 2.402333
80 17 2.2014034
80 22 2.6279607
80 28 2.704712
80 38 3.1116064
87 5 3.1953475
87 14 3.3263063
87 19 2.6689444
87 24 2.8716094
87 45 3.4477568
93 2 3.364974
93 11 3.3692243
93 12 3.4555893
93 18 2.3266413
93 37 3.1055377
108 2 2.5804965
108 5 1.7311924
108 6 2.771607
108 18 1.9764082
108 60 1.8056929
112 1 2.6243627
112 6 1.8521016
112 9 3.0081568
112 25 1.1593051
112 98 1.0
118 3 2.211555
118 13 2.2080712
118 16 3.0765386
118 32 2.7431777
118 47 1.9303808
120 1 3.2886736
120 6 2.6446621
120 8 4.469897
120 20 3.6389077
120 47 2.6770482
123 3 3.4197714
123 9 4.1287446
123 13 2.8372128
123 19 2.406707
123 63 2.6260834
125 5 2.1912942
125 9 3.3059418
125 12 3.1000695
125 14 2.7092736
125 48 3.2308981
126 2 3.2793088
126 6 2.8145537
126 9 4.2726545
126 12 3.5307267
126 42 3.2379918
132 4 3.0331333
132 11 3.2339354
132 25 2.395259
132 33 2.566822
132 74 2.743202
135 7 3.6285763
135 12 3.125243
135 21 3.5091784
135 24 2.4033782
135 74 2.8827045
138 14 3.0720325
138 19 2.5345335
138 24 2.3810995
138 29 2.024988
138 52 2.2865894
141 6 2.884533
141 9 3.7574923
141 12 3.056486
141 21 3.41596
141 62 3.548201
145 3 2.9735694
145 25 1.7405956
145 28 2.1941707
145 40 1.731016
145 47 1.6054196
151 7 3.0075104
151 15 2.6452315
151 17 2.051613
151 21 3.5413506
151 49 2.5309248
160 3 3.5589418
160 17 2.479588
160 18 2.0673084
160 20 3.6619816
160 54 2.8871102
167 4 2.0580652
167 9 3.36718
167 12 2.9182627
167 19 2.137848
167 48 3.2150664
173 3 3.7518888
173 7 3.360286
173 8 3.2333217
173 10 3.6715715
173 16 3.572081
175 5 2.4825754
175 19 2.1016057
175 22 2.6905818
175 27 3.1934955
175 37 2.6766868
178 2 3.0033302
178 5 2.7194638
178 9 3.547982
178 15 2.881923
178 27 3.2376492
179 5 2.394073
179 9 3.3933392
179 10 3.229241
179 24 2.2432594
179 41 2.0391567
183 2 3.3187876
183 18 2.854156
183 20 3.7722383
183 26 3.0987196
183 53 2.7647924
195 1 3.260482
195 7 3.0858932
195 9 4.1504855
195 21 3.2646363
195 64 2.834114
205 1 3.2343965
205 5 3.0096483
205 8 2.702249
205 12 3.4259865
205 43 2.1787255
212 2 2.2808924
212 17 1.9825017
212 19 2.080072
212 30 2.0575745
212 37 2.464637
215 1 3.336355
215 14 3.103279
215 22 2.671688
215 36 2.2724898
215 48 3.5547595
218 1 2.6994627
218 25 2.5892148
218 30 1.9812807
218 38 3.9099174
218 55 2.3781862
238 1 3.1921992
238 7 2.510036
238 9 2.5783777
238 17 2.1024113
238 41 1.9959526
240 1 3.4481106
240 7 3.0870597
240 13 2.5507755
240 28 3.0123665
240 63 2.554398
242 4 2.5449212
242 6 2.4409564
242 10 2.6934738
242 16 3.2222998
242 37 2.5309763
249 2 2.9627645
249 8 2.5791628
249 9 3.6245008
249 19 2.283843
249 65 2.0906336
250 6 2.450522
250 10 3.215356
250 24 1.9962525
250 32 2.3371072
250 51 2.6040628
259 2 3.4687705
259 14 3.4569962
259 22 3.2643542
259 36 2.7181551
259 47 3.0369449
262 2 2.7248414
262 6 2.4476829
262 19 1.7031194
262 28 2.519466
262 35 2.0006595
263 1 2.9705963
263 4 2.5286262
263 7 2.3145037
263 13 2.0700178
263 18 1.5351212
267 3 3.1174617
267 11 3.0221357
267 17 2.0946345
267 21 2.7987232
267 81 1.7170653
275 1 2.2213862
275 10 2.9408245
275 13 1.0822852
275 20 2.9657376
275 32 1.9688787
279 1 3.324472
279 5 2.5803356
279 13 2.3928022
279 19 2.4815288
279 58 2.8384533
286 5 3.007427
286 8 3.8182704
286 10 3.5688303
286 17 2.7221112
286 60 2.7020118
287 7 2.5725021
287 17 2.182972
287 18 1.456284
287 29 1.6843721
287 61 2.017607
289 4 3.1984859
289 14 3.7221155
289 17 2.5244038
289 25 2.7221265
289 52 2.46675
294 2 2.4823587
294 8 2.4325132
294 12 2.361053
294 30 1.5822132
294 49 1.7707392
295 2 2.837609
295 6 2.7756765
295 7 2.924009
295 15 2.6459494
295 31 2.3347154
298 1 3.176415
298 6 2.745303
298 9 3.3585246
298 18 1.8829947
298 61 2.203322
299 1 3.621566
299 10 3.6855109
299 24 2.735901
299 31 2.8147156
299 71 2.931119
317 2 3.1329002
317 9 3.537265
317 10 3.3732414
317 22 2.7121851
317 47 2.7396593
322 1 3.209152
322 13 2.1265135
322 17 1.791387
322 20 2.7981963
322 26 2.5425775
329 3 3.3959534
329 8 4.138586
329 11 3.3064182
329 22 2.9551744
329 56 2.2408528
335 2 3.069134
335 11 3.0094695
335 14 3.1941798
335 30 2.4161854
335 47 2.5583467
342 1 3.2595372
342 6 3.1185582
342 12 3.26613
342 28 3.0155554
342 44 3.1156042
357 1 3.4808824
357 6 2.5673997
357 7 2.7745166
357 24 1.2757461
357 36 2.0706272
358 3 2.716122
358 12 2.6053507
358 17 1.9425766
358 25 1.8176031
358 44 2.4859653
359 9 3.2424934
359 17 2.2793436
359 19 2.2673783
359 38 3.4301224
359 90 2.021798
361 3 3.863666
361 12 3.3598957
361 19 2.6109698
361 24 2.8305247
361 50 2.4110944
362 1 3.578298
362 9 3.7470534
362 12 3.520043
362 14 3.3704243
362 39 2.8070645
364 2 3.264587
364 9 3.9210124
364 16 3.6393514
364 18 2.2414105
364 25 2.7600346
370 4 2.9994426
370 7 2.663451
370 13 2.3896353
370 18 1.7636698
370 43 2.0237982
373 3 4.288667
373 9 3.8928516
373 13 2.9657834
373 15 2.9294236
373 28 3.5266314
374 4 3.468044
374 19 2.609351
374 25 2.605152
374 27 3.212345
374 32 2.9945295
383 6 3.0949173
383 15 3.32154
383 20 3.8351963
383 35 3.2810137
383 53 2.5765944
389 2 3.1272259
389 7 3.0077767
389 10 3.6867487
389 16 3.3088205
389 36 2.4442668
391 2 1.8730804
391 8 1.154287
391 14 2.5041459
391 25 1.7211969
391 38 2.8933468
398 2 2.4434576
398 6 2.091098
398 7 2.151966
398 15 1.1841772
398 26 2.1276886
402 2 3.3578243
402 8 3.1922987
402 10 3.334219
402 26 3.4120417
402 50 2.1922903
403 4 2.3189228
403 6 2.0591428
403 8 2.3845437
403 41 1.7506917
403 52 1.4998106
406 2 3.2586432
406 8 3.1144245
406 9 4.0907063
406 14 3.3490672
406 25 2.799824
410 1 3.1858835
410 6 2.5094533
410 17 1.611647
410 27 2.609189
410 65 1.7237297
416 1 3.2388723
416 7 2.8595192
416 8 2.8331537
416 11 2.979306
416 51 2.6589737
422 5 2.3733966
422 30 2.5848942
422 32 2.838725
422 36 2.2135117
422 61 2.2587852
428 1 3.3516905
428 9 3.8019793
428 19 2.557187
428 39 2.806326
428 64 2.52169
431 4 3.4469872
431 18 2.3460824
431 19 2.7266703
431 49 2.6909022
431 76 2.971115
446 4 3.2376583
446 14 3.8692875
446 18 2.921743
446 22 3.2082324
446 57 2.0795236
450 1 2.7078464
450 8 2.6215658
450 9 3.2029018
450 47 1.8592854
450 59 1.9920391
453 6 2.5291615
453 10 3.056367
453 15 2.2624776
453 24 2.2438662
453 74 2.4413884
458 3 3.9334104
458 10 4.152063
458 12 3.6149938
458 19 2.6190572
458 65 2.6573956
461 5 2.4889302
461 19 2.5237744
461 32 2.730558
461 46 2.5929797
461 93 1.439895
470 3 3.402121
470 8 2.842813
470 11 3.0243676
470 30 2.3206406
470 50 1.696703
474 2 3.3516915
474 8 2.9145982
474 11 3.1587925
474 16 3.589207
474 28 2.9719696
475 2 3.1303475
475 10 3.5224783
475 19 2.6489115
475 25 2.5164723
475 32 2.9378386
479 2 3.165535
479 8 3.0316365
479 12 3.6124365
479 14 3.5014744
479 45 3.27532
484 1 3.1516912
484 5 2.8049138
484 20 3.5071292
484 33 2.6671565
484 41 2.1457868
489 2 3.2527268
489 6 3.4249609
489 10 3.5090544
489 14 3.2423182
489 24 2.54725
492 5 1.0
492 8 2.1261337
492 21 2.7106106
492 25 1.6195917
492 47 2.2865458
495 13 2.1229365
495 22 2.642337
495 24 1.751242
495 39 2.2741728
495 61 1.7765903
497 6 2.838877
497 13 2.8015313
497 20 3.744589
497 34 2.4168115
497 58 2.962974
503 1 3.148236
503 14 3.0502386
503 15 2.4845886
503 18 1.7296602
503 58 2.8140657
504 3 3.0716794
504 7 2.089319
504 11 2.7872229
504 17 1.5845593
504 78 1.7942364
512 4 2.0969703
512 9 3.1070096
512 11 2.5281432
512 27 2.7354226
512 43 1.0442137
518 4 3.5694342
518 14 3.6038404
518 24 2.5373185
518 55 2.9894116
518 75 2.559346
522 1 3.0454185
522 19 2.0873044
522 21 2.9849377
522 30 2.493156
522 51 2.1679647
523 6 1.9503893
523 11 2.5788765
523 13 1.978535
523 36 1.0245203
523 69 1.6698163
525 1 3.5602896
525 3 3.6355336
525 6 3.5892735
525 12 3.777997
525 24 2.5892694
527 5 2.238134
527 26 2.6359253
527 28 2.8527825
527 34 2.0747051
527 62 3.1689055
531 7 3.1845298
531 13 2.451515
531 15 2.840793
531 19 2.1600928
531 46 2.837062
541 3 3.3793287
541 20 3.4638946
541 38 3.3394501
541 56 2.1294987
541 81 2.1037378
542 2 3.3156946
542 9 3.8884451
542 11 3.4344268
542 15 2.910657
542 43 2.5646122
557 3 2.9255424
557 13 1.5207391
557 14 2.5107558
557 19 1.1718332
557 25 1.1038584
561 2 3.0405726
561 12 3.7761593
561 15 3.221385
561 17 2.792745
561 39 2.4355054
572 1 3.3129568
572 7 2.962559
572 9 3.4748416
572 41 2.0076702
572 67 2.0760932
579 2 3.1001694
579 10 3.3148425
579 11 3.3091092
579 14 3.0837736
579 72 2.7706614
590 5 1.6743774
590 11 2.5110335
590 14 1.0
590 25 1.4923829
590 32 1.0
591 6 2.5083067
591 13 2.6446946
591 17 2.3538337
591 36 2.5745924
591 79 2.2804604
594 3 4.009858
594 24 2.4971468
594 25 2.5387998
594 37 2.9642062
594 79 2.3552887
597 1 3.2282999
597 19 1.831095
597 22 1.957932
597 31 2.1562047
597 50 1.6432645
600 5 1.9421544
600 22 2.0824308
600 30 2.1348326
600 40 1.6026444
600 59 1.9581151
604 1 3.2464337
604 4 2.8503945
604 10 3.1310973
604 19 2.492206
604 29 2.0032067
620 1 3.1032064
620 4 2.8104873
620 6 2.6085563
620 19 1.653075
620 37 2.6290472
628 3 3.4576485
628 17 3.3037999
628 23 3.4974916
628 37 3.091349
628 72 3.4025998
630 2 2.5935874
630 6 3.082815
630 8 2.7682452
630 14 2.943352
630 37 2.705332
650 3 3.2715125
650 9 3.3760023
650 11 2.9834974
650 15 2.4774487
650 41 2.0827587
652 3 3.288843
652 10 3.3286514
652 18 2.0083435
652 33 2.888439
652 82 2.2735727
653 3 3.112673
653 24 2.242816
653 26 2.7251441
653 60 1.753414
653 79 2.1926632
654 1 3.2362552
654 7 3.2482693
654 22 2.9030645
654 32 2.85309
654 45 3.0681438
664 3 3.3297226
664 22 3.0615067
664 28 2.8638237
664 46 2.5243025
664 62 3.3318913
666 5 1.4785459
666 15 2.6974893
666 20 3.3265362
666 23 2.9781687
666 39 2.5597591
673 4 3.0333645
673 14 3.1082869
673 16 3.1533327
673 26 2.8635087
673 76 2.2360735
676 1 2.8132105
676 3 2.7990818
676 4 2.5591657
676 10 2.6303504
676 26 2.2920995
680 2 2.6705847
680 9 3.9450521
680 11 3.133139
680 16 3.1307838
680 33 2.377285
683 6 2.2650726
683 21 2.6419528
683 29 1.3530556
683 38 2.8328977
683 49 2.0588577
688 2 3.1947072
688 11 3.1767342
688 13 2.8766408
688 25 2.4092343
688 48 3.5109153
689 5 2.0501797
689 13 1.5529399
689 15 2.0818021
689 24 1.8045118
689 55 1.7434969
692 7 2.918502
692 18 1.9953108
692 19 2.6517642
692 25 2.4021618
692 45 2.6997464
704 2 3.4397545
704 7 3.3715768
704 19 2.810412
704 29 2.5269046
704 42 3.4996982
708 2 2.8962693
708 7 2.8518636
708 8 2.6776888
708 21 3.0799277
708 76 2.4487202
710 4 2.8346546
710 8 2.7093723
710 12 2.9194431
710 16 2.7259412
710 41 1.972309
718 1 2.5678635
718 4 3.3360348
718 8 2.8363543
718 15 2.617666
718 28 2.7639358
719 3 3.474789
719 5 2.4776232
719 6 2.7293735
719 15 2.9053483
719 68 2.016299
720 2 2.7739677
720 8 2.6939304
720 9 3.5158439
720 26 2.1396334
720 54 2.7923539
727 9 3.7721975
727 15 3.6519551
727 16 3.7898502
727 27 3.721874
727 35 2.999261
733 5 2.2323496
733 11 2.5595357
733 12 2.8950586
733 18 1.5693916
733 48 3.0963018
740 2 2.3486247
740 6 1.0
740 13 1.9557542
740 20 3.0004518
740 49 1.9905611
741 2 3.6813242
741 5 2.7340577
741 12 3.519138
741 18 2.441339
741 60 2.478562
743 2 3.1801887
743 10 3.5577974
743 14 2.9896114
743 27 3.1379027
743 64 2.464859
748 1 3.7432585
748 4 3.1205487
748 8 2.917668
748 14 3.7939873
748 74 3.006389
749 1 3.3918512
749 16 3.0183377
749 24 2.175856
749 35 2.682626
749 48 2.972761
750 1 3.1522138
750 10 3.4795187
750 13 2.6909714
750 22 2.8226562
750 30 2.3695636
755 2 3.4325058
755 4 2.534277
755 5 2.552733
755 15 2.8663473
755 42 3.1629326
768 1 3.2678578
768 4 2.9717293
768 10 3.2736545
768 23 2.9649708
768 35 2.5365083
769 5 1.7531333
769 7 2.4070663
769 9 3.0751414
769 23 2.8475711
769 63 1.8044243
771 10 4.190379
771 16 3.7887964
771 20 3.6663558
771 23 3.7051787
771 37 2.968667
782 3 3.1959202
782 19 1.6466081
782 20 2.8051443
782 24 1.617183
782 59 2.024596
786 6 2.8044095
786 9 3.5099146
786 11 3.4031172
786 28 2.948422
786 55 2.8965552
789 12 3.5181885
789 15 2.812638
789 37 2.8060694
789 48 3.179434
789 59 2.0825672
802 1 2.881599
802 11 2.8155122
802 15 2.5720415
802 23 3.0022836
802 32 2.481465
804 16 3.5950456
804 19 2.9040732
804 22 2.9292758
804 26 2.842137
804 39 2.5239882
811 3 3.0955513
811 9 3.266039
811 15 2.3994198
811 22 2.2233071
811 48 3.0352967
812 3 3.5544872
812 14 3.447475
812 16 3.112139
812 20 3.417079
812 85 1.0
815 1 2.9104311
815 6 2.3270545
815 10 3.172931
815 18 1.5128392
815 43 1.9737614
817 3 3.9330308
817 6 3.0358994
817 9 3.5973988
817 18 2.249876
817 42 3.4077806
826 1 3.0732934
826 9 3.4063904
826 17 2.427657
826 30 2.3626308
826 65 2.258513
841 2 2.5921943
841 8 2.8163176
841 13 2.3320289
841 18 1.6945175
841 31 2.2501621
850 2 3.178857
850 6 3.2552724
850 9 3.3406456
850 22 2.3972113
850 37 2.6857579
857 5 3.478706
857 9 3.8086784
857 10 3.4781594
857 16 3.40163
857 63 2.5714695
858 2 3.0913966
858 8 2.8551254
858 9 3.3276951
858 16 3.1924303
858 74 2.9528217
864 1 3.1568217
864 5 3.023899
864 7 2.8090432
864 12 2.9933891
864 48 3.0685601
871 2 2.9916809
871 12 3.3025558
871 14 3.2049465
871 25 2.496352
871 53 2.2783082
890 2 2.751548
890 8 2.450656
890 15 2.4773116
890 24 2.0096045
890 48 2.759302
894 5 3.0194986
894 8 3.6189592
894 14 3.4163272
894 24 3.2166486
894 41 2.5521648
896 6 2.2177615
896 11 2.518558
896 18 1.7165153
896 34 2.10669
896 47 2.2845383
905 12 2.9532835
905 18 1.8682663
905 19 2.1027155
905 32 2.5244148
905 40 2.2558403
906 13 2.7841766
906 21 3.3032565
906 25 2.555736
906 29 2.4199462
906 42 3.3346598
909 6 3.0577781
909 14 2.7699978
909 22 2.7352333
909 28 2.7788522
909 55 2.2356272
911 1 3.3619783
911 5 3.1792574
911 11 3.440802
911 25 2.3723319
911 51 3.0356603
914 1 3.533423
914 9 3.924586
914 11 3.2337973
914 23 3.3453567
914 32 2.9301243
921 3 3.2806623
921 11 2.7998466
921 13 2.4750385
921 20 3.2901824
921 45 2.8079042
929 5 2.8145633
929 9 3.669924
929 14 3.0559356
929 18 2.042859
929 47 2.1580768
930 13 2.8884444
930 28 3.2527676
930 29 2.664145
930 34 2.3515267
930 70 1.8694162
933 6 2.602172
933 13 2.4196432
933 15 2.705282
933 28 3.0622609
933 77 2.813886
956 2 3.7674873
956 7 3.7652712
956 17 2.1866713
956 28 2.9748795
956 44 2.9744303
959 2 2.4934106
959 8 2.5225623
959 17 1.9644572
959 22 2.8958416
959 43 2.1684575
962 2 3.3797154
962 8 3.360607
962 14 3.3841314
962 17 3.078135
962 40 3.0885155
989 1 2.8079758
989 20 3.3783379
989 22 2.7373948
989 24 2.1551254
989 47 2.3578286
995 1 3.6722243
995 4 2.882882
995 18 2.119015
995 42 3.1451976
995 65 2.3072312
997 2 3.3798523
997 8 2.7732618
997 10 3.2512968
997 14 2.9983284
997 43 2.151673
1013 1 3.3590455
1013 10 3.6248112
1013 13 3.130414
1013 56 2.3122787
1013 79 2.4456937
1015 3 3.2223887
1015 8 2.625227
1015 21 2.3765204
1015 25 2.050071
1015 80 3.1304877
1021 1 3.7433333
1021 4 3.4053435
1021 6 3.0397139
1021 8 3.0776615
1021 26 3.1334274
1025 1 2.9816918
1025 9 3.1352055
1025 11 2.6402836
1025 21 2.7305899
1025 47 1.9445498
1034 1 3.5481775
1034 13 2.515088
1034 18 2.1101573
1034 36 2.44782
1034 50 2.1779222
1040 1 3.257725
1040 5 2.6538253
1040 6 2.7582521
1040 16 3.289612
1040 39 2.5353098
1043 2 3.7578433
1043 5 2.8757
1043 8 3.838688
1043 10 3.5634143
1043 25 2.5112057
1048 4 2.6116972
1048 11 2.7769034
1048 19 2.8739858
1048 26 2.7351286
1048 45 2.5505166
1054 5 1.0
1054 10 2.1460676
1054 11 2.29157
1054 15 1.8801091
1054 46 1.8867549
1067 2 3.375566
1067 4 3.282559
1067 6 3.089149
1067 27 3.4849088
1067 38 3.7187796
1072 6 2.6046662
1072 19 2.382078
1072 21 3.9488173
1072 46 2.5370064
1072 76 2.5059419
1075 8 2.978586
1075 13 2.2219808
1075 15 2.667441
1075 26 3.0658216
1075 43 1.5741193
1076 5 2.1357093
1076 20 3.3117654
1076 21 2.9187589
1076 30 2.2757971
1076 50 2.060719
1078 7 2.9207602
1078 9 3.4821608
1078 10 3.407746
1078 23 3.1765392
1078 52 2.2273772
1079 1 3.746571
1079 9 2.8780427
1079 11 3.144566
1079 30 2.816658
1079 82 1.2029638
1082 2 3.3808131
1082 16 3.1007037
1082 29 2.1141634
1082 33 2.5781035
1082 43 2.235937
1086 1 3.2501884
1086 4 3.1070487
1086 6 2.91639
1086 17 2.3316975
1086 31 2.4235854
1107 2 1.8327913
1107 12 2.6162598
1107 13 1.1728958
1107 19 1.9727039
1107 34 1.7706108
1110 6 2.7444046
1110 9 3.1278667
1110 20 3.4762352
1110 43 2.2385457
1110 65 1.878491
1117 1 2.0924199
1117 9 2.7176473
1117 13 1.0
1117 18 1.0
1117 49 1.9628682
1121 6 2.7437153
1121 11 3.2358942
1121 12 3.3146758
1121 34 2.4293172
1121 66 2.787203
1124 14 3.4189892
1124 20 3.8013453
1124 23 3.230969
1124 30 2.552442
1124 66 2.8658872
1130 7 2.7859159
1130 24 2.2943351
1130 26 2.9542453
1130 37 2.755272
1130 79 2.0214233
1132 2 3.3279204
1132 4 3.165381
1132 6 3.0816147
1132 19 2.9114392
1132 73 3.009615
1133 1 3.2316563
1133 12 3.3051696
1133 13 2.8248518
1133 25 2.6473126
1133 31 2.6642818
1141 2 2.8595893
1141 8 2.7321095
1141 23 3.1156092
1141 43 2.4823558
1141 78 2.0133739
1147 1 2.5986946
1147 8 2.283297
1147 11 1.3016622
1147 15 1.9454337
1147 31 1.7551236
1167 1 3.916358
1167 12 3.4225078
1167 13 2.5245652
1167 22 2.9597518
1167 33 2.6570084
1173 4 3.4079027
1173 13 2.624844
1173 19 3.0479107
1173 25 2.6622667
1173 45 3.1189332
1175 3 3.6893916
1175 9 3.4831934
1175 10 3.4101613
1175 22 3.2139661
1175 47 2.9451323
1176 2 3.5801065
1176 6 3.5493472
1176 10 4.263158
1176 13 2.859178
1176 23 4.0313478
1195 2 3.3056717
1195 11 3.419139
1195 14 3.6467147
1195 25 2.9263794
1195 36 2.7087529
1198 2 3.351747
1198 10 4.042259
1198 15 3.2147975
1198 24 2.9160514
1198 49 2.8356767
1200 1 3.2202437
1200 5 2.6676848
1200 9 3.3701775
1200 14 3.0922813
1200 34 2.293847
1204 1 3.6633604
1204 7 3.6180482
1204 9 3.7832954
1204 12 3.934154
1204 20 3.997787
1207 4 2.6499445
1207 23 3.1359212
1207 28 3.281273
1207 32 2.881861
1207 61 2.0654268
1218 5 2.5859087
1218 8 3.2106893
1218 11 3.2686489
1218 16 3.4165654
1218 32 3.2125068
1242 4 3.835595
1242 8 3.2462904
1242 27 3.4470406
1242 37 3.3015563
1242 67 2.9509537
1251 3 3.506388
1251 8 3.361587
1251 10 3.3997247
1251 24 2.0403872
1251 56 2.0539718
1254 1 3.6530054
1254 7 3.025752
1254 9 3.4958198
1254 39 2.6205504
1254 47 2.6569602
1256 1 2.271196
1256 8 1.8968909
1256 11 2.0962832
1256 14 2.0802586
1256 21 2.166578
1269 10 3.1401794
1269 18 1.9566088
1269 20 3.2841096
1269 23 3.0859747
1269 54 3.128059
1279 5 2.5624242
1279 10 3.454584
1279 16 3.3877401
1279 29 2.2320218
1279 73 2.6888187
1280 5 2.9356165
1280 12 3.0349622
1280 15 2.5817723
1280 21 3.4701345
1280 60 1.8344876
1284 1 3.536702
1284 7 3.2893612
1284 8 3.162397
1284 15 3.0082366
1284 33 2.745798
1290 3 3.5175097
1290 15 3.025897
1290 16 3.534175
1290 24 2.3692112
1290 52 2.1168618
1291 1 3.2432632
1291 6 2.7646081
1291 12 3.0861402
1291 22 3.2109427
1291 31 2.5905547
1293 8 2.70493
1293 12 2.821106
1293 14 2.9653456
1293 29 1.9942968
1293 60 1.7091105
1297 8 1.2342553
1297 16 2.5987425
1297 18 1.2715836
1297 21 2.530036
1297 90 1.0
1298 1 3.8441257
1298 4 3.1757202
1298 8 2.7989783
1298 14 3.1783288
1298 25 2.460839
1299 1 2.635482
1299 7 2.3985722
1299 9 2.9625208
1299 17 2.0871491
1299 30 2.2512295
1302 1 3.3836632
1302 4 2.9406595
1302 6 2.8070562
1302 14 3.0930984
1302 77 3.1956244
1305 1 3.547349
1305 11 3.5962386
1305 17 2.6016433
1305 37 3.3985999
1305 46 3.0456672
1316 3 3.866207
1316 13 3.179599
1316 15 2.930084
1316 24 2.8370397
1316 39 2.8821054
1317 1 3.69871
1317 3 3.842972
1317 4 3.42654
1317 21 3.5940921
1317 45 3.1921642
1324 2 3.5285687
1324 5 2.8841667
1324 7 3.036885
1324 15 2.7396479
1324 34 2.4292727
1325 2 3.225242
1325 5 2.962628
1325 8 3.1497788
1325 15 3.041776
1325 34 2.7576334
1342 2 2.8081622
1342 14 2.7554073
1342 15 2.5348299
1342 27 2.7067704
1342 57 1.5537416
1345 3 3.8081641
1345 20 3.9229317
1345 22 3.2803228
1345 36 2.7341237
1345 86 2.7435403
1349 5 2.9271917
1349 11 3.7851353
1349 19 3.047473
1349 28 3.3101852
1349 65 2.7917185
1350 3 3.5622985
1350 8 2.8045325
1350 9 3.3769696
1350 15 2.6543057
1350 61 2.0625582
1352 2 2.782278
1352 11 2.802654
1352 14 2.8876753
1352 20 3.0101495
1352 42 2.717339
1354 12 3.1891716
1354 15 2.952429
1354 23 3.3559246
1354 25 2.60682
1354 37 2.9741528
1356 4 3.3584468
1356 9 3.8554118
1356 16 3.9814057
1356 22 3.3078773
1356 31 2.8867488
1359 2 3.399707
1359 8 3.139526
1359 13 2.9576948
1359 23 3.6490982
1359 46 2.9661398
1362 1 3.8905306
1362 11 3.0288548
1362 12 3.3674233
1362 18 2.2690272
1362 29 2.2403593
1367 2 2.7864878
1367 14 2.9708657
1367 15 2.4196315
1367 23 2.8245506
1367 54 2.9631114
1368 2 2.7352574
1368 9 3.2036695
1368 10 2.6861248
1368 31 2.0752413
1368 60 1.275678
1370 1 3.020072
1370 6 2.4758854
1370 8 2.7945771
1370 13 1.5622445
1370 45 2.2303774
1372 4 2.6268375
1372 15 1.6124516
1372 24 1.0
1372 40 1.8884891
1372 65 1.5543631
1375 2 3.2015347
1375 7 3.287638
1375 15 2.8792171
1375 30 2.4226806
1375 44 3.1129677
1378 1 3.034224
1378 9 3.1926866
1378 29 1.724553
1378 43 1.8385617
1378 73 2.504956
1383 8 2.909622
1383 13 2.5348976
1383 23 3.207166
1383 31 2.4637325
1383 50 2.3461027
1384 4 3.2618217
1384 9 3.9494152
1384 17 2.802455
1384 22 3.0338862
1384 45 3.2147124
1386 3 3.5146317
1386 23 2.923632
1386 28 2.5160174
1386 32 2.536573
1386 73 2.5331311
1387 1 3.098614
1387 10 3.206977
1387 20 3.1500125
1387 24 2.3608606
1387 34 2.0657718
1388 2 2.9771035
1388 5 2.596867
1388 6 3.2813475
1388 14 3.1545525
1388 43 2.5583575
1412 3 3.229357
1412 7 2.6085043
1412 10 3.253307
1412 12 2.8601425
1412 29 1.9540079
1414 1 3.3823838
1414 11 3.1736817
1414 16 3.4516673
1414 21 3.2657118
1414 39 2.3789186
1415 5 2.596559
1415 16 3.5418959
1415 26 2.8303378
1415 42 3.411043
1415 53 2.2065992
1420 6 2.604961
1420 11 3.2614288
1420 14 2.9857795
1420 24 2.3147397
1420 31 2.4410694
1422 1 3.2794576
1422 9 3.3693926
1422 15 3.0084877
1422 22 2.7552118
1422 39 2.6374156
1425 1 3.4061594
1425 10 3.7607393
1425 14 3.1429353
1425 33 3.1004739
1425 45 2.9823086
1427 1 2.84971
1427 6 2.319278
1427 8 2.6623907
1427 12 2.8532379
1427 38 3.9230757
1428 2 3.2001395
1428 5 2.689941
1428 7 2.944288
1428 11 3.0568347
1428 50 2.0119393
1431 8 2.5365953
1431 22 2.637894
1431 26 1.9002551
1431 55 2.201538
1431 77 2.7480505
1435 1 3.1581614
1435 9 3.8524332
1435 11 3.3135147
1435 14 3.0417554
1435 26 2.944017
1445 5 1.943176
1445 12 2.6558201
1445 15 2.4967875
1445 24 2.1202292
1445 63 2.187501
1448 7 3.4604096
1448 15 3.179285
1448 19 2.899245
1448 25 2.7113614
1448 48 3.778668
1459 3 3.8011615
1459 5 2.9180398
1459 12 3.2733023
1459 24 2.3057673
1459 50 2.191773
1463 11 2.7834773
1463 19 2.32949
1463 27 2.9223557
1463 31 2.2123969
1463 66 2.3340087
1466 1 4.067931
1466 6 3.2330077
1466 7 3.436443
1466 17 2.539026
1466 62 3.4626575
1472 1 2.5545435
1472 7 3.754378
1472 11 3.0511918
1472 17 2.1117742
1472 57 2.052189
1484 4 3.4397168
1484 14 3.4933538
1484 26 3.395315
1484 29 2.8810365
1484 44 3.4536567
1493 7 3.22266
1493 9 3.8140395
1493 18 2.3891375
1493 31 2.6578548
1493 72 2.8785493
1495 4 3.315427
1495 18 2.3701015
1495 22 3.2040179
1495 25 2.5912082
1495 53 2.5592918
1497 3 3.3740845
1497 13 2.3201447
1497 18 1.9186463
1497 24 2.502466
1497 82 3.001429
1511 6 2.4508827
1511 14 2.807091
1511 15 1.8486791
1511 20 2.7420928
1511 75 2.1820767
1513 3 3.2545981
1513 9 3.3053381
1513 11 2.5242078
1513 21 2.9291153
1513 49 2.3368742
1517 7 3.164434
1517 20 4.2541585
1517 22 2.9952533
1517 28 3.2147431
1517 52 2.5727963
1523 8 3.1876433
1523 15 2.9111986
1523 20 3.7396703
1523 22 3.30513
1523 42 3.6400704
1530 4 1.9796739
1530 16 2.2162983
1530 17 1.3174949
1530 19 1.4433386
1530 54 2.1638143
1531 2 2.7356641
1531 5 2.303312
1531 6 2.5615764
1531 12 3.0001678
1531 35 2.1555197
1533 1 3.060646
1533 4 2.9691105
1533 6 2.3539646
1533 27 3.148417
1533 39 2.315906
1534 2 4.0291357
1534 14 3.130098
1534 18 2.993311
1534 39 2.6983268
1534 58 3.0496657
1538 1 2.8400724
1538 6 1.5279925
1538 12 2.2571387
1538 14 2.62857
1538 55 1.7810532
1542 2 2.4888902
1542 12 2.9877906
1542 14 2.8967378
1542 24 1.771847
1542 39 2.3162873
1543 2 2.978032
1543 13 2.0373266
1543 16 2.8180227
1543 20 2.9838893
1543 54 2.8194966
1544 3 3.2925243
1544 8 2.7820966
1544 11 2.982516
1544 15 2.564925
1544 46 2.5608168
1547 1 3.3010895
1547 13 2.5152955
1547 17 2.701395
1547 39 2.6348383
1547 52 2.4328778
1549 2 3.0549402
1549 4 3.1131928
1549 7 3.0587628
1549 29 2.1602192
1549 42 3.1479495
1552 1 3.5009506
1552 7 3.188614
1552 10 3.8362675
1552 21 3.5026095
1552 63 2.560228
1554 1 3.588812
1554 4 3.3130968
1554 14 3.4429226
1554 16 4.0338645
1554 37 3.0982714
1555 2 3.1363778
1555 4 3.0644593
1555 6 2.6913
1555 21 3.2141352
1555 31 2.4690626
1570 2 3.3602736
1570 16 3.7769253
1570 17 2.498942
1570 27 3.8657224
1570 38 3.857954
1579 1 3.0919127
1579 15 2.190107
1579 18 1.7823952
1579 22 2.9717221
1579 59 2.270408
1587 1 3.3893843
1587 7 3.8915353
1587 8 2.9910133
1587 20 3.9464633
1587 60 2.1011078
1588 6 2.1101716
1588 11 2.1766634
1588 19 2.045251
1588 30 2.0284483
1588 45 2.333673
1590 3 3.2666411
1590 8 2.8718367
1590 9 2.9237301
1590 21 2.7145677
1590 42 2.6877184
1592 2 3.3642347
1592 9 3.2234879
1592 15 2.66018
1592 23 2.922236
1592 41 1.6616678
1596 1 2.8968112
1596 3 3.1526964
1596 9 2.8123
1596 42 2.94902
1596 74 2.4898393
1600 2 2.8447971
1600 10 2.9665904
1600 14 2.8683035
1600 20 3.289707
1600 42 2.3428514
1606 1 3.7339013
1606 8 3.3595963
1606 12 3.6453536
1606 20 3.992931
1606 50 2.6014721
1613 5 2.4576738
1613 29 1.6419154
1613 34 1.965603
1613 47 2.708003
1613 58 2.7596152
1622 4 2.6649675
1622 26 2.703206
1622 34 2.1505642
1622 50 1.6984766
1622 61 2.123349
1638 2 2.9566872
1638 8 2.9231808
1638 9 3.6718707
1638 19 1.7937684
1638 45 2.6254358
1639 2 1.8733226
1639 6 1.660615
1639 7 1.4589413
1639 22 2.084883
1639 44 2.1596308
1641 2 2.8862207
1641 9 3.5789871
1641 11 3.365179
1641 25 2.3505783
1641 48 3.3873634
1643 1 2.6688893
1643 9 3.46645
1643 12 2.6556184
1643 16 2.6847699
1643 31 1.5730749
1644 6 2.703936
1644 13 2.2806425
1644 16 2.9765506
1644 26 2.6970935
1644 42 3.0067368
1646 1 3.1593432
1646 4 2.624709
1646 6 2.6876562
1646 19 2.3102973
1646 31 2.2501144
1647 2 3.6417122
1647 9 3.650413
1647 13 2.4102342
1647 18 2.0963707
1647 77 3.1573672
1652 1 2.3747728
1652 6 2.5236182
1652 8 2.257235
1652 22 2.302047
1652 67 1.7976885
1654 3 3.704698
1654 7 3.8155148
1654 13 2.5383956
1654 15 3.3495846
1654 62 3.7797823
1660 1 3.8044786
1660 24 3.2929335
1660 25 2.5630271
1660 28 3.296993
1660 51 3.0016818
1669 2 3.2843618
1669 5 3.331398
1669 6 2.5563207
1669 27 3.0500214
1669 82 1.6878693
1675 1 3.123943
1675 9 3.626669
1675 16 3.0978732
1675 28 2.7738373
1675 52 1.5402566
1676 6 2.8298798
1676 9 3.4985313
1676 12 3.0927176
1676 25 2.195043
1676 60 2.021461
1678 1 3.6618066
1678 10 3.6202462
1678 16 3.2952757
1678 23 3.336849
1678 35 2.6185837
1679 6 1.2865527
1679 14 2.082906
1679 16 2.6648548
1679 22 2.2652407
1679 37 2.2014425
1680 3 3.492555
1680 13 3.2201269
1680 15 3.3950257
1680 34 2.9685664
1680 65 2.4657485
1682 1 3.693812
1682 11 3.620247
1682 13 2.9632773
1682 15 2.8799975
1682 49 2.8190067
1687 2 3.4587357
1687 8 2.9863222
1687 9 3.5750577
1687 29 2.0734315
1687 53 2.193086
1690 1 2.3332675
1690 4 2.046315
1690 6 2.242673
1690 16 2.6602015
1690 78 1.5683577
1694 4 3.085788
1694 11 2.948399
1694 19 2.286953
1694 40 2.1651587
1694 73 2.2087007
1695 2 3.0864089
1695 14 3.0649676
1695 15 2.7695115
1695 23 3.25946
1695 72 2.871958
1699 1 2.0784526
1699 10 3.1394253
1699 17 1.6108134
1699 25 1.9906211
1699 35 2.5165212
1702 1 3.1187024
1702 13 2.3315313
1702 16 3.2638652
1702 37 2.944329
1702 62 3.296025
1703 1 2.3034484
1703 6 2.7424839
1703 16 2.9918656
1703 28 2.6825154
1703 38 2.5411963
1704 3 3.6533759
1704 6 3.0435338
1704 9 3.7547615
1704 15 2.9806485
1704 28 3.2083638
1708 2 1.5867934
1708 8 2.2149913
1708 9 2.7374623
1708 16 2.5175664
1708 31 1.7146909
1711 1 3.4229639
1711 11 3.6181045
1711 14 3.5927162
1711 16 3.6708162
1711 34 3.0072
1723 5 2.3695369
1723 8 2.3466303
1723 11 2.8477728
1723 15 2.2931862
1723 40 2.1885695
1728 2 3.339965
1728 5 2.994543
1728 6 3.1996455
1728 18 2.572082
1728 24 2.8140144
1731 3 3.0164185
1731 8 2.5519717
1731 10 2.9193237
1731 22 2.5600507
1731 37 3.0170355
1740 4 2.7354457
1740 7 2.469776
1740 17 1.951685
1740 34 1.1627808
1740 89 2.9756243
1741 5 2.948409
1741 7 3.3027358
1741 13 2.3329723
1741 16 3.1496086
1741 51 3.0029266
1742 1 3.6918676
1742 14 3.935574
1742 16 4.1251607
1742 20 4.157551
1742 76 2.8058355
1743 3 3.197595
1743 13 2.3982346
1743 17 2.1755831
1743 33 2.3742979
1743 94 1.9568107
1757 2 2.66464
1757 4 2.762114
1757 19 1.9499297
1757 21 2.8014514
1757 69 1.8555018
1759 2 2.7662675
1759 9 3.850573
1759 15 2.6536326
1759 18 1.6595107
1759 31 2.6456952
1765 2 3.4080086
1765 4 3.3469908
1765 10 3.373719
1765 19 2.471295
1765 63 2.6946952
1771 2 3.3376713
1771 11 2.9251869
1771 16 2.969963
1771 58 2.877422
1771 77 2.7693515
1772 5 2.4753115
1772 9 2.8970327
1772 11 2.4695454
1772 21 3.0073986
1772 53 1.904136
1774 1 3.3974957
1774 16 2.5656934
1774 21 1.8938384
1774 27 2.5781693
1774 61 1.6820095
1779 1 2.6281483
1779 12 2.7763247
1779 15 2.3508196
1779 24 1.8799126
1779 54 3.189305
1782 1 2.877645
1782 11 2.1201487
1782 14 2.569882
1782 27 2.4855864
1782 66 2.2642925
1788 4 2.7085745
1788 11 2.6688495
1788 18 1.5768844
1788 23 2.9372761
1788 65 1.9066062
1791 9 3.2065544
1791 13 1.9411896
1791 14 2.0524888
1791 21 2.8480356
1791 55 1.8955771
1792 3 3.4414918
1792 12 3.0510283
1792 13 2.3979127
1792 15 2.4113524
1792 36 1.5092016
1801 4 2.8268023
1801 11 3.0117364
1801 12 3.3929875
1801 29 2.1757693
1801 47 2.2299488
1808 5 3.3721838
1808 13 3.3814883
1808 15 3.069947
1808 32 3.1524873
1808 62 3.7514448
1813 4 2.5934281
1813 14 2.6051154
1813 44 2.6482122
1813 51 1.803112
1813 72 2.4018328
1817 4 2.4850304
1817 13 2.6319368
1817 19 2.4573433
1817 33 2.499815
1817 51 2.680061
1818 4 2.8582053
1818 11 2.796801
1818 14 2.665159
1818 21 2.7066588
1818 31 2.22386
1820 1 3.3928587
1820 6 2.9338734
1820 10 3.7735941
1820 19 3.0967262
1820 32 3.1336155
1830 8 2.886787
1830 11 3.0398018
1830 14 3.147445
1830 18 2.128175
1830 31 2.5857718
1833 2 3.0186896
1833 16 2.8466134
1833 24 2.3060331
1833 28 2.832269
1833 70 1.7842598
1834 2 2.9846017
1834 7 2.7767532
1834 8 2.712587
1834 15 2.5620716
1834 37 2.6630013
1840 1 3.061267
1840 7 3.2498581
1840 11 2.8457475
1840 30 2.3402672
1840 48 3.1750712
1859 1 3.5740838
1859 10 3.8755481
1859 12 3.41106
1859 14 3.4680743
1859 35 3.4905698
1866 1 3.1674263
1866 9 3.149539
1866 12 2.8168714
1866 30 2.2637444
1866 55 2.3712
1868 1 3.338872
1868 7 3.182894
1868 12 3.5626717
1868 17 2.5904374
1868 22 2.989545
1875 3 3.7887268
1875 5 2.4923646
1875 9 3.392303
1875 13 1.9956894
1875 29 2.0680158
1877 5 2.635028
1877 11 3.3685524
1877 14 2.9232118
1877 28 2.8770688
1877 58 2.8134022
1878 2 2.8832252
1878 5 2.964501
1878 9 3.9825556
1878 17 2.2809317
1878 30 2.3787324
1882 5 2.7523048
1882 12 3.396626
1882 16 4.0466347
1882 19 2.8089638
1882 40 2.5597875
1884 3 2.491914
1884 17 1.8895028
1884 22 2.311485
1884 27 2.655541
1884 39 1.5459943
1886 1 2.652945
1886 13 1.8109368
1886 16 2.5409553
1886 26 2.0288575
1886 51 1.3562233
1887 2 3.3041887
1887 13 2.6495445
1887 20 3.6763113
1887 27 3.7395978
1887 49 2.4885309
1888 3 3.6259048
1888 15 2.8637538
1888 16 3.4402454
1888 23 3.458721
1888 58 3.125352
1896 1 3.5618212
1896 18 2.7437701
1896 19 2.665571
1896 35 2.9877155
1896 68 3.0274434
1897 7 2.5301468
1897 13 2.0367277
1897 18 1.5849171
1897 23 2.786349
1897 41 1.678537
1899 1 3.271931
1899 16 3.5504334
1899 18 2.618021
1899 49 2.62184
1899 78 2.3345373
1911 1 2.750663
1911 6 2.2955484
1911 9 3.1369162
1911 20 3.342745
1911 42 2.732366
1917 5 2.456313
1917 11 2.7790046
1917 13 2.586909
1917 43 2.2165983
1917 52 1.8193097
1924 1 3.8767695
1924 12 3.309921
1924 18 2.6106696
1924 26 3.0480592
1924 76 2.78958
1929 4 1.1195073
1929 10 3.0423603
1929 13 1.6569061
1929 24 2.7930071
1929 40 1.8276925
1932 3 3.0331354
1932 21 2.889096
1932 27 2.7406764
1932 44 2.85371
1932 58 2.4379208
1935 5 2.7466862
1935 8 3.1268377
1935 13 2.3284419
1935 15 2.7605343
1935 34 2.1749108
1939 1 3.2210362
1939 9 3.6049166
1939 10 3.7253084
1939 17 2.465702
1939 56 2.5240676
1940 4 2.7366688
1940 17 1.5685587
1940 22 2.2911143
1940 32 2.6305401
1940 72 2.7180834
1947 3 3.3442507
1947 7 2.7319384
1947 9 3.3932166
1947 19 2.467069
1947 65 2.1632006
1950 5 3.4915063
1950 18 1.6053032
1950 22 2.7738912
1950 35 2.6719034
1950 83 2.6413293
1951 4 2.8071856
1951 14 3.3370144
1951 26 2.5518675
1951 37 2.506132
1951 72 2.3712645
1952 1 3.2405176
1952 13 2.45263
1952 20 3.4772787
1952 41 1.9751651
1952 77 3.0972304
1953 1 2.9481363
1953 7 2.7145991
1953 8 2.596884
1953 24 2.0336635
1953 35 2.1852553
1954 10 3.2113564
1954 17 2.2681522
1954 19 2.2310202
1954 28 3.2089746
1954 56 2.458066
1955 2 3.2696579
1955 5 2.6673803
1955 6 2.956324
1955 20 3.4110327
1955 35 2.9473727
1956 3 3.1626477
1956 10 2.331349
1956 13 1.0
1956 16 2.958938
1956 45 2.358734
1957 1 3.0221028
1957 7 2.9239898
1957 9 2.468791
1957 23 2.5620592
1957 38 3.1256785
1962 1 3.1590252
1962 4 2.8952904
1962 10 3.5159461
1962 21 3.3573527
1962 71 2.466276
1967 5 2.2829719
1967 7 2.7074506
1967 8 2.5377686
1967 25 1.0
1967 30 1.058768
1975 4 2.5276413
1975 14 3.1099231
1975 15 2.855384
1975 30 2.3888214
1975 61 2.4102926
1980 1 3.429371
1980 6 2.9075282
1980 9 3.2607641
1980 14 2.8347464
1980 52 2.2961087
1984 4 2.2775164
1984 16 2.7402203
1984 18 1.0
1984 25 1.0
1984 36 1.342782
2000 3 3.4944286
2000 9 3.8803449
2000 13 2.4901865
2000 40 2.6956186
2000 90 1.861365
2001 3 3.1137183
2001 5 2.548686
2001 7 2.958815
2001 14 2.6470845
2001 35 2.1799843
2005 3 3.2497604
2005 15 2.5576844
2005 22 2.6476943
2005 36 1.9721618
2005 61 1.80984
2007 3 4.00235
2007 6 2.4575179
2007 7 3.5179534
2007 15 2.7452362
2007 18 2.0100389
2009 2 2.8648171
2009 15 2.8222525
2009 21 2.776079
2009 35 2.4593196
2009 65 1.8445988
2022 1 3.47592
2022 7 3.0159519
2022 8 2.8458965
2022 22 3.014377
2022 33 2.6697552
2023 1 3.4998178
2023 5 2.547987
2023 27 3.598502
2023 33 2.887381
2023 68 2.5663564
2028 2 3.229146
2028 11 3.1603463
2028 12 3.4406426
2028 17 2.292217
2028 33 2.4558778
2030 2 3.2191694
2030 11 2.5646763
2030 12 3.037881
2030 29 2.0173604
2030 55 2.308119
2034 3 2.9124022
2034 14 1.7185941
2034 19 1.9557638
2034 37 1.6728272
2034 96 2.348457
2035 1 2.8648753
2035 7 2.4254792
2035 8 2.7142992
2035 12 2.910283
2035 31 2.2761147
2036 1 2.9560635
2036 6 1.9860358
2036 8 2.6477678
2036 15 1.807632
2036 41 1.9282267
2059 4 3.2910173
2059 7 2.6325786
2059 14 3.0634623
2059 36 1.9305542
2059 63 2.2018883
2066 1 3.5383415
2066 8 3.3337777
2066 12 3.4998145
2066 17 2.2946725
2066 34 2.5068595
2068 2 3.1593635
2068 4 3.1938114
2068 7 2.8620908
2068 12 3.4522183
2068 20 3.605496
2074 4 2.8802602
2074 9 3.6602306
2074 10 3.4179177
2074 21 3.2920146
2074 38 3.5714107
2086 1 2.7114608
2086 4 2.5409737
2086 7 1.7732418
2086 13 1.8504362
2086 73 2.2239196
2088 3 4.2953296
2088 18 2.4556892
2088 21 3.7148938
2088 32 3.2905211
2088 42 3.5819616
2094 1 3.1419182
2094 8 2.5079699
2094 10 3.4140077
2094 28 2.990427
2094 67 2.1088173
2102 8 2.5248258
2102 16 2.6627462
2102 19 2.1178772
2102 24 1.7060862
2102 52 1.9099485
2113 6 2.4126627
2113 13 1.6441638
2113 15 1.7414094
2113 19 2.0767324
2113 50 1.5545717
2115 4 3.32629
2115 10 3.4414577
2115 11 3.3474753
2115 17 2.6492245
2115 50 2.1705751
2116 5 2.5217245
2116 11 3.083505
2116 12 3.1996584
2116 26 2.8113945
2116 38 3.601973
2117 1 3.4085567
2117 6 3.0319538
2117 7 3.0309343
2117 16 3.3717318
2117 32 3.4256134
2119 2 3.254864
2119 4 2.8773487
2119 8 2.7861137
2119 15 2.5785668
2119 30 2.2906017
2120 7 3.2486959
2120 15 2.5284793
2120 18 2.183334
2120 33 2.4224524
2120 78 1.9368594
2125 6 2.7851064
2125 11 3.1238298
2125 12 3.2486649
2125 24 2.5932002
2125 29 2.089172
2134 7 3.0338836
2134 11 3.126007
2134 14 2.8240085
2134 29 2.2044632
2134 74 2.607211
2137 1 3.6503546
2137 7 3.3374946
2137 11 3.4516258
2137 22 3.4118652
2137 48 3.754761
2138 1 3.558423
2138 26 3.3381624
2138 30 2.3876512
2138 37 3.1337545
2138 67 2.6969879
2142 2 3.6919146
2142 8 2.8295856
2142 10 4.090631
2142 17 2.5744908
2142 57 2.371782
2146 7 3.0592952
2146 23 3.3197124
2146 24 2.2321699
2146 42 3.1295319
2146 65 2.2587469
2149 11 3.1997473
2149 17 2.519148
2149 22 2.9103172
2149 37 3.2701485
2149 70 2.249855
2150 3 3.4467168
2150 5 2.5518472
2150 10 3.345832
2150 17 2.2559392
2150 41 2.1905181
2151 4 3.4035203
2151 11 3.5419512
2151 16 3.872449
2151 32 3.2441847
2151 59 2.7651935
2155 6 2.3439004
2155 15 1.9836429
2155 18 1.0
2155 23 2.629055
2155 31 1.7578914
2160 2 3.891821
2160 11 3.4693825
2160 14 3.2571485
2160 20 4.232038
2160 64 2.626145
2170 4 4.1359468
2170 9 3.8903089
2170 17 2.4695678
2170 20 4.010146
2170 24 2.4456172
2171 12 2.6001172
2171 17 1.4350233
2171 18 1.4425197
2171 31 2.1092303
2171 41 1.7092714
2175 5 3.3854656
2175 7 3.4081254
2175 9 3.872475
2175 26 2.91642
2175 76 2.5288358
2180 6 3.077278
2180 10 3.6252768
2180 18 2.2983127
2180 20 4.3968625
2180 55 2.9496791
2186 1 3.2294896
2186 10 3.551077
2186 11 3.0696664
2186 13 2.5826223
2186 28 2.940902
2188 1 3.5313466
2188 7 3.527364
2188 8 3.1538079
2188 16 4.149916
2188 34 2.5963168
2189 3 3.3257809
2189 12 3.092224
2189 13 2.3799212
2189 25 2.1934903
2189 61 1.9912653
2196 1 3.272874
2196 3 3.3759
2196 8 3.128108
2196 26 3.47458
2196 40 2.343579
2200 1 3.1192536
2200 14 2.48904
2200 20 3.4039798
2200 41 2.014656
2200 95 1.7014798
2207 2 3.0381813
2207 10 3.1560228
2207 11 2.910249
2207 21 3.2277665
2207 28 3.0186148
2214 3 3.6846383
2214 19 3.2753954
2214 22 3.6740103
2214 35 2.8751996
2214 67 2.617439
2221 6 2.713635
2221 11 3.5062413
2221 12 2.974548
2221 25 2.4981358
2221 47 2.5108886
2231 6 2.630589
2231 18 2.1387608
2231 24 2.3474596
2231 41 1.5639367
2231 61 2.2445116
2239 1 3.475846
2239 13 2.5918908
2239 16 3.3574648
2239 26 3.107057
2239 60 2.1725016
2248 4 3.1267526
2248 12 3.0319235
2248 18 2.1118202
2248 28 3.2109017
2248 44 2.760484
2253 2 2.8509552
2253 10 3.0510921
2253 11 2.7998497
2253 27 2.6855044
2253 65 2.3818872
2257 3 3.8123853
2257 11 3.0139513
2257 13 2.1989346
2257 17 2.2934566
2257 53 1.759501
2259 1 3.2227633
2259 7 3.259063
2259 17 2.2324164
2259 21 3.1667511
2259 76 2.7990868
2261 1 3.2387962
2261 16 3.463801
2261 22 2.448057
2261 38 3.1303475
2261 53 2.064392
2264 1 3.582151
2264 8 3.2078462
2264 10 3.6460958
2264 26 3.1832538
2264 52 2.6426268
2266 1 2.9566371
2266 13 1.5989739
2266 24 1.5687301
2266 27 2.267642
2266 71 1.9123101
2277 4 2.712826
2277 10 2.8651147
2277 13 2.3226645
2277 21 2.976491
2277 42 2.7074413
2280 1 3.614317
2280 7 3.180091
2280 12 3.9221563
2280 16 3.7715702
2280 48 3.5628855
2288 8 2.6452613
2288 20 3.2606544
2288 22 2.5222845
2288 24 1.0022702
2288 50 1.9073224
2290 2 2.842981
2290 8 2.7657363
2290 9 3.419149
2290 15 2.7253282
2290 39 2.2155232
2293 1 2.9484043
2293 5 2.3738365
2293 9 3.0318527
2293 13 2.1891758
2293 36 2.053975
2295 5 2.194351
2295 16 2.9670637
2295 19 2.476866
2295 33 2.1905572
2295 41 1.379559
2302 5 2.5218327
2302 9 3.5171769
2302 11 2.8405015
2302 28 3.111248
2302 45 2.5306458
2316 7 3.1222417
2316 16 3.6149566
2316 18 2.1061432
2316 32 2.869093
2316 43 2.8477597
2321 1 2.9356525
2321 3 3.1485322
2321 7 2.8798776
2321 10 2.9336874
2321 37 2.3365333
2323 4 2.703755
2323 11 2.808657
2323 12 2.890329
2323 19 2.3697429
2323 41 1.7406003
2326 5 2.0708606
2326 11 2.916122
2326 12 3.0451005
2326 26 2.7761369
2326 93 5.0
2328 3 4.2449775
2328 8 3.1270475
2328 11 3.4197717
2328 18 2.8245904
2328 72 3.0080924
2329 4 3.0657833
2329 7 3.179536
2329 8 2.9303246
2329 17 2.5557184
2329 30 2.4211223
2331 3 3.493086
2331 17 2.4120095
2331 22 3.09514
2331 24 2.3176186
2331 36 2.2607427
2333 1 3.7725594
2333 4 3.1679668
2333 9 3.5978484
2333 18 2.0862677
2333 39 2.478431
2341 5 2.2699625
2341 8 2.7467587
2341 12 2.762921
2341 26 2.2330248
2341 72 2.4075537
2355 2 3.236929
2355 11 3.4334834
2355 14 3.0908513
2355 24 2.4229496
2355 38 3.5333672
2363 2 3.2558115
2363 6 3.081592
2363 11 3.7153585
2363 19 2.9168112
2363 33 3.0183048
2365 3 3.1599028
2365 15 2.308116
2365 20 3.3095965
2365 27 2.833423
2365 58 2.632829
2366 5 2.2648835
2366 7 2.847261
2366 10 3.193329
2366 15 2.6238
2366 61 1.8752124
2370 2 2.4345002
2370 6 2.7540145
2370 7 1.0480655
2370 19 1.0535113
2370 40 1.6897274
2371 1 3.4542272
2371 4 3.4780722
2371 5 2.072336
2371 9 3.2488832
2371 25 1.8888909
2376 2 3.4312332
2376 10 3.760787
2376 11 3.4411864
2376 26 3.2482715
2376 52 2.7240615
2380 2 3.49405
2380 9 3.9188604
2380 15 3.1447477
2380 41 2.5745
2380 52 2.7336888
2385 7 3.416661
2385 19 2.6807148
2385 28 3.1015062
2385 37 3.6357164
2385 40 2.5538406
2386 2 2.2667887
2386 8 2.6317375
2386 11 2.389738
2386 20 3.3568091
2386 29 2.1360226
2397 4 3.1476352
2397 14 3.2522957
2397 15 2.9179454
2397 21 3.314134
2397 38 3.34935
2400 4 3.3639808
2400 20 3.44014
2400 24 2.688457
2400 31 2.8054352
2400 51 2.5657032
2401 1 2.8001788
2401 6 2.3338547
2401 7 2.5716488
2401 10 2.7717032
2401 51 2.261681
2402 6 3.7548401
2402 9 3.2284193
2402 11 2.6572034
2402 28 2.7628152
2402 41 2.2247643
2404 1 3.2567759
2404 4 2.6538024
2404 9 3.5875533
2404 11 2.9236705
2404 18 2.0452528
2405 1 3.0526667
2405 4 2.7481763
2405 10 3.034093
2405 27 3.2641075
2405 32 2.7599118
2426 4 2.9444513
2426 14 2.9508073
2426 17 2.3354154
2426 28 2.807225
2426 53 2.2346876
2429 1 3.3150613
2429 17 1.9816822
2429 28 2.939408
2429 36 2.05074
2429 63 2.4575636
2432 5 2.9663239
2432 10 3.7069201
2432 12 3.5465586
2432 22 3.0022533
2432 54 3.4817576
2433 8 3.0856364
2433 11 3.576143
2433 12 4.092157
2433 29 3.4422746
2433 57 2.0317214
2434 2 3.5627766
2434 8 2.9962027
2434 10 3.9374914
2434 16 4.007084
2434 29 2.3713942
2436 3 3.711882
2436 14 3.7961621
2436 15 2.870675
2436 22 3.343824
2436 46 2.8170176
2446 4 2.6883771
2446 20 3.2730534
2446 24 1.8174605
2446 28 2.3515685
2446 40 1.7118275
2451 5 3.0387206
2451 8 2.5582952
2451 9 3.43401
2451 11 3.589561
2451 65 2.0694869
2459 4 2.8174672
2459 23 3.521249
2459 28 2.7201533
2459 38 3.442949
2459 42 3.062737
2461 1 3.0914695
2461 8 2.711558
2461 20 3.1573567
2461 23 2.8580244
2461 31 1.9009781
2469 1 3.5964308
2469 6 3.1308508
2469 11 3.421518
2469 20 3.8554604
2469 42 3.4772117
2484 1 3.0985208
2484 6 3.4625857
2484 19 2.3301933
2484 51 2.9216716
2484 77 3.0934606
2494 2 3.5841162
2494 20 4.1544166
2494 25 2.2722435
2494 30 2.522744
2494 51 2.8280394
2498 5 2.6972167
2498 7 3.2598703
2498 10 3.5712376
2498 17 2.5322037
2498 59 2.8964798
2506 1 2.962316
2506 8 3.5169206
2506 11 3.1285465
2506 22 2.9767392
2506 66 2.8978744
2508 6 2.3615117
2508 8 2.893574
2508 10 3.575217
2508 16 3.3589709
2508 24 2.3620007
2514 1 3.2540364
2514 24 2.199658
2514 26 2.9476545
2514 39 3.2668324
2514 48 3.3290133
2519 1 3.3986669
2519 12 2.9418044
2519 15 2.8040977
2519 30 2.3574424
2519 52 2.2649267
2521 1 2.7505553
2521 6 2.0103936
2521 7 1.369839
2521 15 2.209143
2521 25 1.5635244
2528 1 3.5993981
2528 10 3.663343
2528 12 3.5108504
2528 18 2.3819025
2528 63 2.8689935
2538 3 3.1537356
2538 9 3.3038402
2538 11 2.8268425
2538 25 1.9950085
2538 35 2.1053352
2539 1 2.9794023
2539 6 2.5736816
2539 16 2.5324013
2539 21 2.6090374
2539 68 2.2440588
2541 4 3.0265973
2541 12 3.358152
2541 13 2.5775702
2541 26 3.1184576
2541 42 3.3304698
2549 3 3.231927
2549 7 2.709791
2549 15 2.231983
2549 26 2.621865
2549 85 1.0
2551 2 2.4646041
2551 11 2.3095102
2551 12 3.1282566
2551 17 1.89553
2551 49 2.3205771
2559 1 3.793513
2559 6 2.9557683
2559 8 3.0687885
2559 16 3.8753457
2559 25 2.817798
2560 2 3.1148314
2560 8 2.9335728
2560 11 2.7632341
2560 23 2.5626485
2560 34 2.3478572
2564 1 3.0562038
2564 6 2.3326488
2564 7 3.1636336
2564 26 2.3647256
2564 55 2.2786756
2574 2 2.9574053
2574 6 2.709566
2574 7 2.459046
2574 10 2.9906127
2574 44 2.9461768
2581 2 3.372295
2581 11 3.294593
2581 15 3.2026513
2581 20 4.154714
2581 75 2.6588082
2583 5 2.677759
2583 23 3.089968
2583 30 2.316608
2583 51 2.6061616
2583 64 2.3442101
2585 7 3.0969605
2585 12 3.4561334
2585 13 3.2034118
2585 21 3.8373756
2585 46 3.030654
2588 3 3.07674
2588 15 2.2000875
2588 23 2.9364204
2588 33 1.8833847
2588 44 2.6495352
2605 4 2.8067334
2605 17 2.2734213
2605 27 2.9336922
2605 34 2.089786
2605 76 2.4312189
2612 2 3.2454166
2612 5 3.226009
2612 12 3.9239416
2612 17 2.9817848
2612 30 2.6175737
2615 3 4.008645
2615 8 3.6073449
2615 14 3.41661
2615 39 2.6856105
2615 65 2.5428982
2621 2 3.7160494
2621 8 3.483428
2621 14 3.3943808
2621 23 3.5543845
2621 42 3.4842758
2625 3 3.5318122
2625 8 3.3856733
2625 14 3.1648047
2625 24 3.0206664
2625 47 3.169394
2633 3 3.1969354
2633 9 3.5994194
2633 10 3.4180357
2633 18 2.0902672
2633 26 3.1437345
2634 8 2.8173873
2634 14 2.8194227
2634 16 2.8951967
2634 26 2.8057656
2634 67 2.1700222
2641 1 2.868548
2641 24 2.1729114
2641 25 2.0225146
2641 28 2.7698464
2641 61 2.1474578
2642 3 3.8703642
2642 16 3.636223
2642 17 3.420051
2642 24 2.5772629
2642 32 3.1799521
2650 6 2.533833
2650 9 3.7002583
2650 11 3.0179965
2650 21 3.2177744
2650 38 3.6841388
2653 2 3.096347
2653 6 2.6677485
2653 11 3.038353
2653 26 3.1175127
2653 34 2.4433274
2656 2 3.3565414
2656 10 3.4910746
2656 12 3.8309112
2656 25 3.009453
2656 52 2.5674224
2662 4 2.7646642
2662 7 3.0159857
2662 10 3.3356688
2662 15 2.4545445
2662 44 3.1171172
2664 2 3.316982
2664 12 3.3514426
2664 16 3.720156
2664 30 3.0124164
2664 49 2.7403355
2670 1 3.8841634
2670 6 3.4839196
2670 11 3.32278
2670 27 3.9401503
2670 54 3.4601
2671 1 3.646424
2671 9 3.6718714
2671 31 2.8797615
2671 48 3.7059455
2671 56 2.4043236
2674 2 2.8188932
2674 15 2.6837668
2674 18 1.4831812
2674 22 2.9065013
2674 34 1.9582042
2678 4 2.9933717
2678 18 1.9126896
2678 22 2.9137404
2678 27 3.019316
2678 44 3.075896
2687 5 2.3645554
2687 9 3.1171446
2687 24 2.2585905
2687 28 2.792803
2687 42 2.8936205
2693 3 2.9668944
2693 9 3.7214456
2693 15 2.6156178
2693 26 2.7957184
2693 37 2.6866412
2694 2 2.4871063
2694 5 2.2783034
2694 10 3.0611374
2694 16 2.9223883
2694 75 2.070094
2700 1 3.0260396
2700 6 2.6013415
2700 7 3.0125475
2700 18 1.9563409
2700 38 3.2177541
2706 1 2.9740896
2706 7 2.7321131
2706 10 3.2711022
2706 28 2.7708375
2706 79 1.9401296
2715 1 3.2457392
2715 8 3.0170672
2715 9 3.0289025
2715 24 2.1190538
2715 49 2.1325297
2716 1 3.3777916
2716 6 2.9910693
2716 7 2.9818647
2716 23 3.3902378
2716 62 3.5933702
2719 1 3.1439676
2719 8 3.556839
2719 13 2.5711732
2719 23 3.1930783
2719 56 2.3255134
2725 1 3.6161675
2725 6 2.6539814
2725 12 3.1288435
2725 18 2.1116061
2725 55 2.4608104
2730 3 3.4861434
2730 9 4.014007
2730 11 3.3361359
2730 33 2.5999796
2730 46 2.9981232
2735 2 2.5791337
2735 8 2.3604586
2735 11 2.6005733
2735 27 2.590902
2735 36 1.0207967
2737 8 2.9699936
2737 14 3.0501876
2737 17 2.171263
2737 24 2.1095908
2737 28 2.8125906
2738 2 3.0750153
2738 11 3.0605035
2738 16 3.2149036
2738 20 3.3735654
2738 72 2.79299
2743 1 3.8006856
2743 4 2.748392
2743 13 2.1067271
2743 16 3.179472
2743 65 1.8822701
2744 1 3.2919004
2744 9 3.5280163
2744 11 3.070145
2744 22 3.124694
2744 39 2.5270987
2745 6 2.8633666
2745 17 2.8487518
2745 19 2.8543508
2745 26 2.972748
2745 62 3.4851046
2746 3 3.6863008
2746 9 3.4868014
2746 11 2.8623865
2746 23 3.205545
2746 37 1.9752648
2753 1 4.1653543
2753 4 3.3282857
2753 8 3.7795382
2753 21 3.576609
2753 59 2.6853812
2756 3 3.9987714
2756 10 3.6095176
2756 24 2.767854
2756 26 4.0646396
2756 49 2.7515337
2760 1 3.376756
2760 5 2.571713
2760 6 2.8561354
2760 26 2.893311
2760 85 1.3209027
2765 9 3.9861586
2765 21 3.635893
2765 22 3.3569317
2765 34 2.8199584
2765 56 2.7875426
2766 1 3.399702
2766 10 3.4540696
2766 18 2.1445491
2766 25 2.4052339
2766 33 2.4036453
2768 1 2.985581
2768 4 2.9584277
2768 6 2.777252
2768 14 3.1064434
2768 43 1.9534838
2770 3 4.023996
2770 9 4.1655254
2770 17 2.5189521
2770 28 3.0958867
2770 41 2.1431494
2773 1 3.2989848
2773 8 3.0610974
2773 9 3.7505636
2773 29 3.1628199
2773 45 3.0077548
2778 2 3.3665903
2778 16 3.9592955
2778 17 2.91871
2778 23 3.4978805
2778 40 2.750745
2783 2 2.3237748
2783 13 2.2177417
2783 30 2.2343888
2783 45 2.469182
2783 69 1.9400121
2787 2 2.8898091
2787 7 2.8023472
2787 12 3.0171266
2787 24 2.4176161
2787 55 2.3282988
2794 2 2.8578095
2794 11 3.0390637
2794 14 3.4311047
2794 18 2.0021589
2794 52 2.8476734
2801 12 3.7704873
2801 16 3.8283696
2801 17 2.4708178
2801 34 2.8756018
2801 70 2.4783156
2805 10 3.5594425
2805 15 2.4433208
2805 21 2.840625
2805 41 1.6412868
2805 71 2.053452
2806 1 3.133937
2806 4 2.8122578
2806 13 2.2226334
2806 28 2.9854589
2806 75 2.1298678
2808 6 2.558483
2808 10 2.8978472
2808 17 1.9994252
2808 22 2.778753
2808 35 2.459338
2813 1 3.4095616
2813 5 2.5200279
2813 14 2.9790375
2813 16 3.2872121
2813 53 2.26695
2828 8 2.9762952
2828 16 3.611942
2828 22 2.9351897
2828 29 2.7896757
2828 81 4.2699313
2830 2 3.0164936
2830 14 2.6906288
2830 20 3.087895
2830 48 3.4544382
2830 62 3.0982568
2832 1 3.226069
2832 14 2.857068
2832 18 2.0443718
2832 35 2.3394468
2832 55 2.4916322
2834 3 2.84355
2834 10 2.699641
2834 12 2.2372026
2834 28 1.9096667
2834 57 1.402552
2843 2 2.9643767
2843 17 2.1914935
2843 20 3.599001
2843 28 3.1654186
2843 46 2.5049834
2845 2 2.9167159
2845 4 2.9727077
2845 10 3.2367349
2845 26 2.7028155
2845 39 2.6766756
2849 1 2.651571
2849 8 2.53742
2849 13 1.0
2849 24 1.0
2849 34 1.7151918
2854 2 2.6409707
2854 12 2.77029
2854 13 2.1353347
2854 25 1.5791508
2854 31 2.003516
2857 1 3.406641
2857 6 3.1489246
2857 9 3.9203339
2857 17 2.803897
2857 34 2.5144567
2863 2 3.32524
2863 8 3.0096192
2863 9 4.484574
2863 16 3.9019449
2863 47 2.9015381
2867 1 2.9137232
2867 8 2.5922742
2867 9 2.9346979
2867 20 2.3834994
2867 60 1.2403057
2881 2 2.9999888
2881 10 3.0810764
2881 11 2.8185635
2881 18 1.8495973
2881 64 2.3441026
2884 1 3.1662061
2884 17 2.2865686
2884 29 2.215606
2884 48 3.4068098
2884 83 2.3039029
2900 3 3.568135
2900 15 2.8443744
2900 29 2.3257525
2900 36 2.5281444
2900 59 3.1005044
2902 3 4.284782
2902 9 3.8332672
2902 16 3.5759742
2902 22 3.2396984
2902 46 2.985198
2904 7 3.2184052
2904 13 2.7443397
2904 20 4.0307302
2904 23 3.5146437
2904 29 2.4768016
2909 5 2.6814153
2909 13 2.8272674
2909 17 2.418359
2909 21 3.1915684
2909 39 2.881609
2914 1 3.3021
2914 9 3.8935773
2914 14 3.4913821
2914 23 3.2732444
2914 48 3.4338272
2942 1 3.2383025
2942 8 2.8356662
2942 18 2.1900265
2942 24 2.2303016
2942 49 2.5951114
2947 3 3.2609134
2947 20 3.5186226
2947 21 3.1934664
2947 32 2.836663
2947 44 2.9897099
2948 4 2.8171036
2948 8 2.9874527
2948 9 3.9584506
2948 13 2.4703329
2948 52 2.3302224
2949 3 3.1907282
2949 7 2.7138968
2949 15 2.5236764
2949 25 1.8462291
2949 74 2.4665859
2963 2 3.2305465
2963 12 3.0407546
2963 16 2.894965
2963 24 2.1759853
2963 58 2.651695
2969 6 2.7057388
2969 10 3.516994
2969 12 3.3981507
2969 22 3.2382507
2969 54 3.660357
2970 5 1.8597813
2970 12 2.7363594
2970 14 2.0985522
2970 27 2.5435321
2970 45 2.200779
2984 3 3.973875
2984 6 3.2162635
2984 12 3.323514
2984 22 3.2880547
2984 32 3.0684285
2987 2 2.9649563
2987 20 3.5429077
2987 22 2.8365302
2987 31 2.6598654
2987 63 2.1886618
2995 1 3.2117915
2995 3 4.051483
2995 10 3.6269112
2995 17 2.2628558
2995 73 2.7609477
3000 1 3.1741214
3000 9 3.1965427
3000 11 2.4620156
3000 24 1.8836797
3000 52 1.7278422
3013 6 2.9632044
3013 10 3.6709166
3013 15 3.085408
3013 21 3.3905685
3013 46 2.7688794
3017 14 2.9581385
3017 26 3.457896
3017 29 2.2093723
3017 39 3.2076416
3017 68 2.4671965
3021 4 3.3731365
3021 6 3.0591686
3021 9 3.6217942
3021 23 3.3630264
3021 42 3.3448691
3030 6 2.008878
3030 10 3.0251987
3030 15 2.4728422
3030 24 1.6974252
3030 59 1.8244454
3031 2 3.423004
3031 8 3.1086314
3031 11 3.3124511
3031 13 2.7632735
3031 42 3.1403751
3033 3 3.3221092
3033 19 1.8806815
3033 21 2.7136648
3033 46 2.6959743
3033 57 1.9716154
3043 6 2.3212605
3043 19 1.0
3043 21 2.3771296
3043 34 1.0
3043 87 1.0
3051 6 2.9782636
3051 16 3.023421
3051 20 3.3055441
3051 42 3.5389555
3051 73 2.559581
3052 1 3.0772014
3052 4 2.8307548
3052 32 2.6908119
3052 40 3.1611545
3052 73 2.4944828
3053 2 2.1579063
3053 19 2.0216544
3053 20 3.026883
3053 24 1.9739118
3053 68 2.042063
3058 2 3.1263387
3058 6 2.6561952
3058 7 3.0805414
3058 16 3.2869656
3058 65 2.5338767
3059 2 2.9716284
3059 6 3.0243022
3059 8 2.972365
3059 19 2.4926276
3059 42 3.960487
3064 1 3.5571182
3064 8 2.9527328
3064 9 3.845716
3064 14 3.3952322
3064 39 2.6343331
3068 4 2.4831214
3068 13 2.2878046
3068 14 2.970092
3068 20 3.3459513
3068 45 2.8257627
3071 3 3.8980825
3071 7 2.8793788
3071 8 2.6866636
3071 19 2.2180362
3071 33 2.9131572
3076 1 2.9694428
3076 6 2.15132
3076 7 2.840456
3076 20 3.435319
3076 33 2.1856601
3078 2 3.0710456
3078 9 4.02381
3078 11 3.2031224
3078 39 2.3487134
3078 49 2.7083108
3080 2 1.6089588
3080 5 1.7113601
3080 7 2.3371813
3080 10 2.8536196
3080 48 2.8111894
3085 3 2.9255335
3085 10 2.215775
3085 12 2.8246186
3085 17 1.9490862
3085 51 2.1052334
3095 2 2.5599866
3095 8 2.5781586
3095 12 2.2212398
3095 22 2.530963
3095 58 2.4147944
3097 1 3.2590468
3097 6 2.8966942
3097 7 3.364375
3097 21 3.3230503
3097 52 2.3009834
3099 2 3.5569115
3099 10 3.8000193
3099 11 3.5611618
3099 19 2.9275692
3099 42 3.6168554
3101 1 3.1186883
3101 4 2.8564413
3101 8 2.8608692
3101 20 4.0642815
3101 27 3.3857856
3105 1 3.3681798
3105 7 3.5163445
3105 11 3.5826206
3105 18 2.0954127
3105 31 2.5865152
3111 1 3.4231837
3111 8 3.158315
3111 10 3.7416146
3111 24 2.6444361
3111 49 2.8251472
3113 5 1.5508561
3113 9 2.9254105
3113 14 1.354119
3113 23 2.7216563
3113 33 1.3843758
3131 8 2.5904944
3131 12 3.2990615
3131 16 2.927326
3131 23 3.1219225
3131 61 1.9853023
3134 2 2.6059406
3134 12 1.3392575
3134 13 1.0
3134 18 1.6011248
3134 43 1.0
3136 2 3.1370895
3136 7 3.2804089
3136 9 3.235348
3136 12 3.1363006
3136 28 2.7822347
3137 3 2.4830244
3137 17 1.6573163
3137 20 3.3707855
3137 35 2.467719
3137 61 2.068398
3143 2 2.32883
3143 11 2.2297678
3143 15 2.2999377
3143 30 2.1792254
3143 68 2.1047773
3147 3 3.931669
3147 16 3.5295455
3147 21 3.272494
3147 25 2.749515
3147 40 2.8558638
3148 2 2.9416263
3148 10 2.9972866
3148 15 2.7340808
3148 29 2.2315874
3148 65 1.9303246
3153 2 3.3431072
3153 13 3.001379
3153 15 3.043831
3153 31 2.7661552
3153 45 2.8706143
3155 3 3.1759305
3155 15 2.3549728
3155 16 3.1331975
3155 30 2.3622446
3155 50 1.9810623
3163 2 2.9652321
3163 8 2.588585
3163 13 2.2276943
3163 38 3.3717492
3163 57 1.9575177
3168 1 3.0172975
3168 10 3.1374264
3168 20 3.2889204
3168 24 2.209099
3168 42 2.9577594
3179 1 3.1697783
3179 14 3.1877718
3179 15 3.2116382
3179 31 2.8975496
3179 53 2.6519558
3182 4 3.311351
3182 7 3.6691597
3182 13 2.46578
3182 15 2.6838577
3182 44 3.0560722
3188 2 3.0623872
3188 9 2.9118607
3188 13 2.5663726
3188 31 2.4944565
3188 38 3.4905906
3193 2 3.281998
3193 8 2.701681
3193 12 3.333386
3193 29 2.677132
3193 55 2.3672373
3208 1 3.2898672
3208 7 4.199683
3208 14 4.0154095
3208 27 3.1856053
3208 53 2.3194425
3214 12 3.3530307
3214 16 3.3885322
3214 17 2.4371228
3214 30 2.6938179
3214 55 3.149908
3216 2 3.1439362
3216 7 3.1334388
3216 8 3.0448322
3216 14 3.4753976
3216 27 3.3918269
3219 5 2.6226642
3219 8 4.4120455
3219 11 3.0061698
3219 19 2.5267239
3219 40 2.5541205
3228 2 2.878332
3228 12 2.9335873
3228 15 2.1938753
3228 31 2.3185318
3228 70 1.9977992
3231 3 3.0904727
3231 12 2.8419995
3231 16 2.6303065
3231 20 3.1773098
3231 68 1.8906568
3233 1 3.154311
3233 6 1.9451418
3233 12 3.194117
3233 14 2.8746946
3233 20 3.4756777
3238 8 2.6409695
3238 10 3.0796213
3238 12 2.622528
3238 22 2.6085017
3238 33 2.096724
3248 1 2.985448
3248 5 2.5277793
3248 7 3.090624
3248 18 1.7604803
3248 54 2.9259694
3253 3 3.6499162
3253 9 3.6879992
3253 12 3.117988
3253 21 3.3089821
3253 26 2.5738893
3257 1 3.4692037
3257 5 2.6790736
3257 11 3.4616227
3257 28 3.4181201
3257 61 2.4257503
3259 3 3.2133405
3259 8 3.0628538
3259 13 2.2761242
3259 19 2.3792515
3259 68 2.1220632
3265 3 2.4466553
3265 13 1.633087
3265 14 1.344909
3265 21 2.3377225
3265 48 2.646693
3276 1 3.6700861
3276 8 3.0223494
3276 9 4.04774
3276 18 2.2975483
3276 42 3.431976
3284 1 3.5173597
3284 10 3.4363122
3284 14 3.1413972
3284 19 2.8840182
3284 43 2.2865431
3290 10 3.457288
3290 13 2.3827188
3290 14 3.2396312
3290 20 3.403669
3290 44 2.8172052
3292 4 2.972898
3292 9 4.29807
3292 12 3.76268
3292 17 2.5177312
3292 43 2.3928761
3297 12 3.0370378
3297 23 2.597165
3297 24 1.9618282
3297 26 2.752638
3297 38 3.1927133
3301 1 2.9637408
3301 4 2.9014037
3301 6 2.9166384
3301 13 2.560237
3301 58 2.8000345
3312 6 2.321251
3312 15 1.8008788
3312 19 1.9845549
3312 24 1.4694473
3312 35 1.908051
3314 2 3.645764
3314 8 3.0108945
3314 14 3.219463
3314 25 2.6380258
3314 49 2.6303976
3321 3 4.385545
3321 8 3.0474553
3321 11 3.9022422
3321 25 2.8607435
3321 40 2.6419222
3323 1 3.385141
3323 4 3.39272
3323 9 3.828138
3323 20 3.6323364
3323 31 2.8070304
3325 1 3.2657166
3325 16 3.321196
3325 24 2.4478877
3325 43 2.3650036
3325 55 2.7012007
3328 3 3.8822203
3328 8 2.8493917
3328 19 2.7184422
3328 23 3.0298371
3328 28 2.9528742
3331 4 2.2904484
3331 8 1.0
3331 9 2.7011733
3331 17 1.7664831
3331 33 1.0
3334 2 2.0900862
3334 13 1.812263
3334 17 2.1020522
3334 36 1.9695623
3334 82 1.0
3335 1 3.5537214
3335 7 2.9765053
3335 10 3.4315114
3335 16 3.3529444
3335 30 2.3872018
3341 7 2.9121416
3341 10 2.9521673
3341 12 2.8111546
3341 24 1.9420073
3341 46 2.224972
3342 1 3.5747554
3342 10 3.8106441
3342 11 3.6996176
3342 16 3.9193027
3342 27 3.479457
3346 5 2.4942944
3346 13 2.2027807
3346 18 1.7991871
3346 38 2.96244
3346 54 3.049084
3347 4 3.255839
3347 8 2.9021754
3347 9 3.5182817
3347 12 3.223606
3347 59 2.8061202
3348 5 2.9313989
3348 26 3.108802
3348 31 2.6372817
3348 39 3.0497642
3348 57 2.3352008
3349 4 3.5136902
3349 18 2.218525
3349 23 3.6259918
3349 33 2.570005
3349 83 2.4651651
3350 1 3.2636428
3350 5 2.5182917
3350 10 2.6670349
3350 14 2.4852304
3350 23 3.0193784
3360 1 3.3464823
3360 24 2.9386768
3360 26 3.2201376
3360 39 2.6653125
3360 51 2.689568
3365 3 3.1012716
3365 5 2.3200977
3365 7 2.8780499
3365 13 2.2559621
3365 20 3.0896287
3374 3 3.021626
3374 29 1.7480774
3374 43 1.7389059
3374 47 1.858479
3374 80 2.8712246
3379 4 3.2359395
3379 7 3.0489254
3379 8 3.1928322
3379 25 2.6795726
3379 77 3.1763484
3382 4 2.5177119
3382 20 2.9667366
3382 21 2.6482387
3382 31 1.8990983
3382 52 1.0
3383 2 2.0771255
3383 7 2.0089478
3383 8 1.8819834
3383 10 2.3202333
3383 39 1.5194575
3384 10 2.0365124
3384 13 1.7433041
3384 15 1.581604
3384 19 1.7940705
3384 58 2.1683764
3385 1 3.6402931
3385 11 2.9305499
3385 16 3.0050595
3385 26 2.9311423
3385 54 2.7825108
3398 1 3.1982183
3398 9 3.6812704
3398 13 3.247531
3398 16 3.8737893
3398 29 2.10809
3407 1 2.6842258
3407 6 1.2877594
3407 8 2.333008
3407 13 1.7808951
3407 59 1.6461914
3409 1 2.3897667
3409 29 1.3910209
3409 31 2.083272
3409 37 2.656655
3409 46 2.5963356
3411 2 2.5418952
3411 13 2.5329309
3411 20 3.4186296
3411 25 2.0556693
3411 54 3.0787127
3416 2 2.808765
3416 9 3.2703888
3416 11 2.2494876
3416 19 2.182287
3416 27 2.8857102
3419 1 3.1611602
3419 7 1.7655616
3419 19 2.1983118
3419 32 2.646489
3419 51 2.1275728
3420 4 3.9755566
3420 17 2.4055088
3420 22 2.9789464
3420 49 2.7368116
3420 72 2.930604
3422 11 2.8806534
3422 20 2.582341
3422 22 2.0230255
3422 34 1.8105303
3422 68 2.0368752
3423 1 3.2848973
3423 8 5.0
3423 15 3.4798987
3423 22 3.3525834
3423 37 2.8518126
3426 1 3.1516705
3426 10 3.607666
3426 20 3.4485059
3426 38 3.5077848
3426 71 2.5766563
3431 1 3.6346362
3431 3 3.8091397
3431 5 3.200872
3431 9 3.9253216
3431 19 2.602507
3434 1 3.2459671
3434 4 2.8532026
3434 7 3.0469673
3434 20 3.792101
3434 75 2.6694694
3444 16 3.5043395
3444 21 3.5406547
3444 28 3.758908
3444 34 2.6444187
3444 57 2.0271196
3450 6 2.522721
3450 21 2.9031687
3450 26 2.5842552
3450 37 2.346791
3450 60 1.700083
3458 1 3.123093
3458 6 2.8485284
3458 9 3.4812522
3458 14 3.098097
3458 31 2.5216978
3460 8 2.73452
3460 14 3.4137402
3460 21 3.1324782
3460 27 3.1035392
3460 31 2.60201
3472 4 2.6522365
3472 6 2.6894646
3472 7 1.1566486
3472 14 2.7567222
3472 60 1.1421337
3474 3 3.0419548
3474 17 1.9474127
3474 22 2.751464
3474 27 3.4094973
3474 64 2.135132
3477 2 3.1907978
3477 7 3.1784177
3477 15 3.0970745
3477 23 3.5617595
3477 46 3.2080815
3478 2 3.4233863
3478 10 3.6095378
3478 18 2.4277346
3478 31 2.912206
3478 48 3.62808
3488 1 2.7717264
3488 5 1.6572583
3488 12 2.6748588
3488 28 1.7882473
3488 62 2.8964748
3510 2 3.9919047
3510 9 3.7028158
3510 11 3.4387252
3510 27 3.853142
3510 81 1.4797195
3512 2 3.6373498
3512 11 3.2045093
3512 12 3.6023583
3512 33 2.6251755
3512 49 2.7610745
3521 5 3.135379
3521 11 3.1171746
3521 15 3.215661
3521 24 2.3446813
3521 54 3.1864488
3530 2 2.8933487
3530 10 2.9192774
3530 11 2.7759783
3530 28 2.9995713
3530 42 2.813878
3538 1 3.084216
3538 6 2.7278845
3538 8 2.7370725
3538 22 3.0090423
3538 34 2.3326006
3540 5 1.8643465
3540 10 3.0930355
3540 16 2.7140427
3540 29 1.9953098
3540 50 1.6316056
3546 3 3.437491
3546 8 2.8739297
3546 9 3.1291094
3546 20 3.3458204
3546 64 2.4451916
3552 10 3.58294
3552 25 2.3904922
3552 27 3.1606696
3552 52 2.936361
3552 79 2.0391676
3559 3 4.35812
3559 19 3.253987
3559 24 2.7058642
3559 34 2.656751
3559 41 2.3612082
3564 1 3.027807
3564 11 2.9492319
3564 12 2.3905473
3564 22 1.6939065
3564 92 1.4509865
3566 10 3.7850027
3566 18 2.5035625
3566 20 3.9800878
3566 25 2.724669
3566 71 3.030611
3579 5 2.8871906
3579 15 2.7158442
3579 17 1.980711
3579 28 2.8709688
3579 48 3.16396
3580 7 2.7192967
3580 13 2.3549702
3580 16 3.1214297
3580 23 3.086691
3580 38 3.3323069
3582 5 1.9920559
3582 8 2.8061233
3582 13 2.4541738
3582 20 3.1145215
3582 48 3.2024014
3595 6 2.5974016
3595 15 1.5050907
3595 20 3.378387
3595 34 1.7939348
3595 50 2.278385
3597 11 3.0334847
3597 19 1.5733141
3597 20 3.476882
3597 29 1.7461514
3597 57 1.8746895
3602 2 3.1705894
3602 8 2.8188512
3602 9 3.9922533
3602 14 3.3101468
3602 36 2.238263
3604 3 3.0014102
3604 5 2.6071894
3604 11 2.948943
3604 25 1.9513102
3604 51 2.404079
3608 2 2.6953619
3608 11 2.8702674
3608 16 2.9153006
3608 25 2.3221238
3608 77 2.556838
3619 2 3.1333494
3619 5 2.6380742
3619 14 3.2231367
3619 16 3.4227872
3619 42 3.0835516
3626 7 2.7692857
3626 14 2.6418421
3626 20 3.1845233
3626 31 2.0172675
3626 52 2.0117157
3629 1 3.4633064
3629 8 2.9774797
3629 11 3.8972409
3629 25 2.3798618
3629 49 2.855976
3630 6 2.8274
3630 9 3.563354
3630 10 3.7623389
3630 13 2.696818
3630 47 2.780561
3658 2 3.5807335
3658 14 3.3358254
3658 15 3.3121223
3658 18 2.2826874
3658 45 3.0721712
3664 2 3.0179877
3664 25 2.2321527
3664 27 3.0849981
3664 39 1.6819973
3664 53 1.9805964
3667 2 3.0698037
3667 6 2.0664716
3667 7 2.7737894
3667 23 2.6939025
3667 38 3.3096464
3671 2 3.170747
3671 8 2.576511
3671 9 3.6554177
3671 20 3.573344
3671 59 2.6044638
3672 2 3.3070843
3672 7 3.2494297
3672 8 2.827288
3672 14 3.059388
3672 51 3.1366131
3674 4 2.8447895
3674 8 2.7515604
3674 16 3.0696487
3674 22 2.36135
3674 31 2.2231076
3678 10 3.0299711
3678 16 3.3459332
3678 17 1.9149655
3678 27 2.886918
3678 62 3.0124247
3679 1 2.7733407
3679 14 2.8313384
3679 16 2.754386
3679 20 3.2327907
3679 60 1.4415474
3681 1 2.9722998
3681 3 3.227203
3681 7 2.8313067
3681 20 3.415538
3681 46 2.5941172
3701 4 2.4362519
3701 7 2.4604158
3701 11 2.526416
3701 21 2.634045
3701 75 1.7897011
3702 2 2.6250997
3702 7 2.925849
3702 8 2.763022
3702 25 2.006303
3702 46 2.6625383
3718 1 3.0535474
3718 3 3.3298893
3718 7 2.9960296
3718 11 2.9920306
3718 28 3.0087178
3719 4 2.5039592
3719 10 2.7676868
3719 11 2.4603367
3719 30 1.3695819
3719 50 1.5782013
3723 1 3.0915372
3723 13 2.3042371
3723 16 3.0820196
3723 30 2.3125093
3723 52 2.2378657
3724 4 2.7296772
3724 7 2.7545066
3724 17 2.0674982
3724 32 2.6039467
3724 38 3.1658978
3727 1 2.970709
3727 3 2.9241018
3727 6 2.3588657
3727 16 2.684309
3727 31 2.0853937
3747 3 3.9696422
3747 7 3.1445758
3747 8 3.1370416
3747 19 3.1015024
3747 28 3.1526818
3751 3 4.005005
3751 24 2.4779487
3751 25 2.4054117
3751 31 2.5035298
3751 54 3.5424724
3753 1 3.3297985
3753 10 3.460603
3753 11 3.28419
3753 40 2.6903281
3753 53 2.8661017
3754 7 3.264252
3754 16 3.5129585
3754 18 2.0470767
3754 32 3.2036855
3754 53 2.2711902
3755 2 3.1214094
3755 6 3.0564885
3755 10 3.1855395
3755 17 2.322848
3755 62 3.4950721
3757 1 3.0310845
3757 9 3.9266233
3757 12 3.1076381
3757 28 2.7569308
3757 62 3.1430314
3762 1 3.1189747
3762 8 2.7095282
3762 14 2.7392604
3762 22 2.525641
3762 60 1.494518
3766 2 2.495223
3766 6 2.4291692
3766 8 2.8436718
3766 50 2.114237
3766 76 2.6858792
3771 2 3.0482304
3771 4 3.2719421
3771 12 3.5660071
3771 31 2.4081597
3771 48 3.2957091
3775 1 3.1474268
3775 11 3.4593613
3775 14 3.477305
3775 20 3.7260218
3775 26 3.222747
3776 1 3.9396243
3776 6 2.96549
3776 7 3.1496942
3776 15 3.1826234
3776 29 2.5991821
3787 1 2.8577104
3787 11 2.2171316
3787 12 2.0426688
3787 21 2.798083
3787 57 1.3946891
3797 1 3.800458
3797 7 3.2796454
3797 9 4.2071404
3797 13 2.6163762
3797 58 3.1153057
3802 2 3.4325557
3802 7 3.1234374
3802 9 3.8133729
3802 26 2.9325929
3802 36 2.5032775
3812 2 3.5855258
3812 11 3.3417335
3812 14 3.4188647
3812 18 2.524118
3812 44 3.058586
3813 6 2.7394257
3813 12 3.1613488
3813 23 3.3264272
3813 28 2.8969002
3813 42 3.173741
3817 2 3.9055674
3817 9 3.7840466
3817 13 3.426169
3817 20 3.791676
3817 35 3.4033618
3820 3 4.023683
3820 7 3.802725
3820 10 3.9218166
3820 14 3.3217516
3820 65 2.4666681
3822 6 3.415624
3822 8 3.662239
3822 13 3.0428548
3822 22 3.13608
3822 52 2.536087
3823 2 3.0692413
3823 6 2.8691192
3823 7 3.1943798
3823 26 2.9173455
3823 59 2.8454852
3829 3 4.002564
3829 8 4.337889
3829 11 3.2451515
3829 18 2.4219382
3829 50 2.73591
3832 9 3.649562
3832 12 3.1685352
3832 13 2.5040243
3832 22 2.8852618
3832 39 2.5327911
3835 1 3.0030835
3835 3 3.1994169
3835 5 2.5546432
3835 13 2.2999046
3835 40 2.226614
3837 1 3.3378966
3837 11 2.99105
3837 22 2.7437477
3837 41 2.0153947
3837 62 3.2153893
3843 3 2.9397876
3843 15 2.4147887
3843 19 2.0921524
3843 32 2.6110234
3843 48 3.130873
3851 5 1.7714515
3851 19 2.054841
3851 22 2.662351
3851 26 2.3437757
3851 52 2.1739569
3858 3 3.0202227
3858 20 2.5454762
3858 22 2.4013762
3858 34 1.0460726
3858 55 2.2482562
3861 3 3.97023
3861 12 3.312929
3861 14 3.3040252
3861 24 2.8093033
3861 43 2.4024587
3864 2 2.6599028
3864 9 3.1824791
3864 12 2.7647984
3864 44 2.7679634
3864 60 1.496261
3865 9 3.3141036
3865 23 3.4655178
3865 26 2.609807
3865 34 2.0639803
3865 62 3.3804498
3872 2 3.5604131
3872 11 2.83457
3872 12 3.5874271
3872 23 3.1528537
3872 50 1.8804684
3878 2 2.6719606
3878 14 2.9628112
3878 21 3.036884
3878 27 3.0628366
3878 45 2.338567
3898 4 3.2101383
3898 12 3.4637954
3898 13 2.6816623
3898 24 2.9037178
3898 58 3.1018386
3905 3 3.2586415
3905 17 2.4358861
3905 19 2.9290183
3905 25 2.0203044
3905 59 2.4014666
3916 1 2.9679818
3916 11 2.3272324
3916 12 2.8964708
3916 29 1.0617633
3916 81 1.8862253
3918 4 3.3957212
3918 19 3.2814307
3918 26 3.3122723
3918 30 2.6220667
3918 54 3.373648
3920 1 2.9842122
3920 6 2.5941987
3920 9 3.5522118
3920 20 3.6273565
3920 30 2.2895699
3921 1 2.3798587
3921 7 2.393956
3921 8 2.3295915
3921 25 1.5737207
3921 64 1.5401039
3925 6 2.506333
3925 17 2.037564
3925 18 1.7544174
3925 28 2.671163
3925 75 2.1950622
3926 7 2.933758
3926 9 3.4035013
3926 11 2.9968607
3926 13 1.7430738
3926 53 1.7667542
3927 5 2.6339455
3927 7 3.1569834
3927 10 3.319248
3927 12 3.338492
3927 58 3.0204697
3930 2 3.1936388
3930 5 2.6278045
3930 8 2.947586
3930 16 3.0584424
3930 38 3.3485286
3941 1 3.7899187
3941 4 3.693366
3941 5 3.3484173
3941 17 2.501866
3941 40 2.6487055
3947 2 3.3188305
3947 13 2.67735
3947 19 2.70878
3947 25 2.8604264
3947 65 2.7190661
3950 5 3.161139
3950 14 3.3522363
3950 15 2.8283093
3950 29 2.8909237
3950 73 3.003387
3951 5 2.7375178
3951 12 3.7128835
3951 13 3.0021284
3951 31 2.6278346
3951 53 2.7331078
3958 2 2.8343797
3958 5 2.3366332
3958 6 1.9106472
3958 11 2.519031
3958 64 2.145826
3959 4 2.7308562
3959 10 3.0743222
3959 12 2.3983874
3959 26 2.4628825
3959 44 2.6051455
3970 3 3.297929
3970 8 2.6579628
3970 19 2.2720923
3970 30 1.9466739
3970 42 3.0300243
3979 1 3.4120488
3979 15 2.7133334
3979 18 2.4419866
3979 33 2.4917893
3979 42 3.5455248
3981 1 3.0114675
3981 5 2.429952
3981 11 2.6714833
3981 23 2.9358015
3981 39 2.5453782
3982 4 2.4309905
3982 17 1.8582242
3982 21 3.2245073
3982 35 2.6943085
3982 63 2.3708808
3985 1 3.055237
3985 15 2.566281
3985 16 3.119637
3985 18 1.7871782
3985 49 2.4130852
3989 3 3.6890852
3989 10 3.6470497
3989 14 2.9503834
3989 17 2.4717305
3989 33 2.50846
3992 4 3.3663769
3992 12 3.4933264
3992 21 3.191463
3992 23 3.3256598
3992 44 2.9375355
3999 2 2.4642313
3999 5 1.3410244
3999 16 2.5897596
3999 19 1.8263566
3999 72 2.1469946
4024 4 3.0103831
4024 6 3.6059842
4024 7 1.935802
4024 15 2.7996519
4024 61 2.2759466
4032 4 3.155703
4032 12 3.1480737
4032 13 2.552071
4032 30 2.455048
4032 66 2.5847929
4034 3 3.579593
4034 13 2.5735242
4034 15 2.859115
4034 33 2.5126193
4034 50 2.0955143
4042 1 2.9703448
4042 4 2.705355
4042 10 2.9780595
4042 21 2.8753748
4042 59 2.0188408
4046 7 2.8997226
4046 11 3.4922578
4046 14 2.8587866
4046 18 2.1147425
4046 44 2.9844966
4048 2 3.3324976
4048 10 3.5756054
4048 12 3.4231129
4048 17 2.5773115
4048 43 2.4276855
4059 2 2.7078757
4059 5 2.232158
4059 7 2.639698
4059 9 3.1326864
4059 46 2.4098718
4061 2 2.8083155
4061 5 2.939869
4061 7 2.9973931
4061 26 2.7526028
4061 59 2.2042158
4062 2 2.8625648
4062 10 3.3080842
4062 15 2.0492196
4062 21 2.9977732
4062 38 3.3570821
4068 1 3.3494008
4068 7 2.6321702
4068 10 2.9602532
4068 16 2.891135
4068 59 2.206487
4077 4 2.3781202
4077 14 2.6593268
4077 18 1.6385031
4077 29 1.6882186
4077 64 1.741431
4080 4 2.59836
4080 9 2.9408057
4080 10 2.8177395
4080 14 2.4047596
4080 54 3.0292118
4096 1 2.8544033
4096 6 2.7375715
4096 13 1.9827127
4096 42 3.0057247
4096 47 2.1429713
4099 5 2.9135296
4099 9 3.7746472
4099 12 3.445746
4099 26 3.3506248
4099 50 2.2570117
4100 5 1.5872102
4100 22 2.211903
4100 23 2.7932198
4100 26 2.3295712
4100 38 2.7540815
4103 4 3.110009
4103 12 2.9103124
4103 21 3.0626557
4103 35 2.6150968
4103 52 2.2067935
4107 3 3.3165884
4107 6 2.327226
4107 15 2.7902017
4107 20 4.0599003
4107 47 2.8676755
4109 1 3.23004
4109 6 2.7634068
4109 9 3.493621
4109 23 3.1996636
4109 47 2.6312094
4116 1 3.1502588
4116 6 3.3152058
4116 8 2.9142659
4116 12 3.2494004
4116 23 3.227689
4118 1 2.8875203
4118 12 3.1898124
4118 18 1.8340207
4118 23 2.8425918
4118 57 1.7598164
4125 8 2.4358633
4125 13 1.0
4125 19 1.4765204
4125 24 1.8720714
4125 50 1.5882198
4133 1 3.4296193
4133 5 3.418207
4133 20 4.1925945
4133 22 3.1046476
4133 50 2.320915
4136 3 3.2492578
4136 7 2.491068
4136 10 3.1864605
4136 22 2.475391
4136 36 1.3690292
4137 7 2.8882127
4137 16 3.2362673
4137 17 2.5308518
4137 24 2.4987583
4137 81 2.2522898
4140 2 3.2523155
4140 5 2.7283134
4140 10 3.6446562
4140 18 1.8780077
4140 51 2.7275414
4146 4 2.6870675
4146 9 3.453521
4146 12 3.1061199
4146 16 3.1878147
4146 41 1.8472991
4147 2 2.9920783
4147 4 2.9026842
4147 6 2.784783
4147 11 3.2599456
4147 58 2.9762735
4150 3 3.3083727
4150 11 2.757038
4150 12 2.4351704
4150 22 2.5190065
4150 46 2.4983513
4157 2 2.682687
4157 11 2.2756414
4157 20 3.243674
4157 27 3.1229732
4157 32 2.296561
4161 1 2.2186422
4161 3 2.916091
4161 10 2.385462
4161 13 1.9234927
4161 56 1.6011628
4180 2 3.1114032
4180 6 2.4670572
4180 9 3.609322
4180 13 2.450747
4180 32 2.7114682
4183 1 3.3787453
4183 4 3.0324488
4183 7 3.0365584
4183 11 3.2326446
4183 40 2.5201747
4187 4 2.4529045
4187 10 2.9622316
4187 15 2.6587484
4187 23 3.2403603
4187 39 2.41532
4194 4 3.0192494
4194 8 3.0262027
4194 11 3.6971016
4194 15 3.1201055
4194 33 2.510021
4197 11 2.529166
4197 16 2.0006654
4197 20 3.0058606
4197 27 2.0310683
4197 35 1.9319685
4203 9 3.7231174
4203 11 3.3253849
4203 15 2.9548647
4203 32 3.4708524
4203 38 3.6273243
4217 7 3.1209188
4217 17 2.6769667
4217 18 2.116537
4217 21 3.199633
4217 34 2.4455943
4218 1 3.0976484
4218 15 2.6624205
4218 21 3.0638707
4218 27 3.176496
4218 42 2.6815362
4226 3 2.7327518
4226 14 1.9336233
4226 24 1.0
4226 38 2.0481493
4226 73 1.9916704
4233 2 2.3314972
4233 5 2.1349173
4233 10 2.5107498
4233 15 1.6248736
4233 42 2.6236713
4238 1 2.981742
4238 4 2.726737
4238 13 2.0109427
4238 21 2.754876
4238 51 2.3414612
4252 2 2.5641155
4252 6 2.7382917
4252 8 2.8728983
4252 16 3.0651116
4252 35 2.5472941
4262 6 2.9931939
4262 11 2.8280087
4262 14 2.4849992
4262 28 2.8523698
4262 67 2.2283492
4269 1 2.853611
4269 8 2.4556408
4269 12 3.045447
4269 21 3.080345
4269 31 2.330477
4272 4 2.9455311
4272 8 2.7401664
4272 14 3.3258204
4272 22 2.8177693
4272 29 1.990869
4285 1 3.4779158
4285 4 3.7922769
4285 13 2.9319067
4285 20 3.731034
4285 41 3.1617904
4291 1 3.0077884
4291 6 2.544579
4291 7 2.7058887
4291 17 1.6501765
4291 31 1.8371532
4309 7 3.1731646
4309 17 2.3647125
4309 30 2.6790185
4309 46 3.104546
4309 71 2.5363793
4312 1 3.003817
4312 11 2.5161233
4312 12 2.892327
4312 18 1.453918
4312 42 2.9061108
4313 6 3.1694255
4313 22 2.9549527
4313 24 2.3792543
4313 29 2.1581895
4313 60 1.9833992
4319 5 2.8862069
4319 10 3.825915
4319 12 3.5415006
4319 23 3.3683264
4319 29 2.7568073
4331 5 2.260926
4331 11 3.061136
4331 29 1.9490051
4331 41 2.249446
4331 64 2.2828639
4338 9 3.622888
4338 12 3.277697
4338 18 2.0556338
4338 20 3.54348
4338 45 2.766624
4341 2 3.9047828
4341 7 3.2677548
4341 9 3.982421
4341 13 3.0783198
4341 70 2.4375644
4343 2 2.5631516
4343 6 1.8647605
4343 7 2.28503
4343 14 2.3524854
4343 38 2.9926255
4347 2 2.9595046
4347 4 2.98598
4347 9 3.4363432
4347 18 2.053971
4347 38 3.4404962
4355 4 3.0103943
4355 7 3.1953936
4355 8 3.6528206
4355 22 2.9909515
4355 58 2.9585686
4360 5 2.8220592
4360 13 2.756063
4360 22 3.0266337
4360 26 3.3278527
4360 30 2.6129653
4376 1 3.050593
4376 8 2.9527636
4376 9 3.5603647
4376 22 2.7680235
4376 35 2.7165513
4380 3 3.3769016
4380 5 2.52693
4380 6 1.7895747
4380 9 3.2042522
4380 46 2.7212782
4383 5 2.214167
4383 11 2.7420433
4383 12 2.883662
4383 34 2.1962857
4383 47 2.4866607
4392 1 3.4872305
4392 6 3.3538315
4392 16 3.430777
4392 28 3.3355267
4392 70 2.3663924
4408 2 1.9180467
4408 13 1.8792267
4408 14 2.3821905
4408 16 2.9291484
4408 48 2.8197575
4415 1 3.9164848
4415 3 3.7093246
4415 7 3.1113741
4415 19 2.329936
4415 45 3.0831444
4422 2 2.5264292
4422 6 2.2216222
4422 12 2.1423545
4422 15 1.4375396
4422 28 2.3733227
4425 4 2.7080312
4425 10 3.6253731
4425 11 2.5741262
4425 21 3.0088677
4425 38 3.5792916
4428 1 3.059703
4428 9 3.3295624
4428 15 2.3332133
4428 21 2.8118703
4428 46 2.572189
4434 1 3.614314
4434 4 3.342144
4434 6 3.148734
4434 19 2.8058088
4434 96 3.0342622
4436 6 2.392308
4436 8 2.689261
4436 9 3.9859612
4436 17 2.7907603
4436 26 2.4007807
4440 1 3.3220832
4440 5 2.3712432
4440 8 2.8916845
4440 29 2.0060713
4440 41 2.0946667
4441 4 3.2965314
4441 12 3.2990475
4441 15 2.989255
4441 25 2.5905612
4441 29 2.275666
4443 4 3.5471528
4443 9 3.338324
4443 10 3.101551
4443 44 2.8660321
4443 79 2.0552187
4454 1 3.2435288
4454 6 2.1898646
4454 9 3.5629115
4454 13 2.7330995
4454 35 2.6096916
4458 2 3.5320275
4458 4 3.3879383
4458 5 3.0058222
4458 15 2.871765
4458 24 2.440815
4465 1 3.4287493
4465 5 3.0884655
4465 6 3.5840223
4465 8 2.9847982
4465 33 2.9956944
4469 2 2.5799515
4469 10 3.053056
4469 11 2.8550847
4469 28 2.614773
4469 46 2.5704274
4474 3 3.547091
4474 5 3.033919
4474 10 3.2909145
4474 20 3.8717427
4474 46 2.8010237
4480 1 3.3945334
4480 7 3.2617934
4480 9 4.082045
4480 16 3.3657434
4480 62 3.4999795
4481 3 3.1399696
4481 12 2.8448179
4481 16 2.9264934
4481 25 1.0
4481 41 1.3628683
4482 1 3.0825698
4482 7 3.170807
4482 15 2.53878
4482 18 1.8061206
4482 53 2.1310391
4493 2 3.1832275
4493 4 3.1941643
4493 9 3.5205624
4493 12 3.3649895
4493 42 3.3138368
4499 1 3.3673642
4499 10 3.2532835
4499 16 3.0239074
4499 26 2.6831093
4499 54 3.1026783
4518 5 2.3253715
4518 14 2.7490094
4518 15 2.395011
4518 19 2.051971
4518 27 2.7185369
4519 4 3.114675
4519 16 3.281618
4519 20 3.588311
4519 27 3.203792
4519 80 3.1406105
4520 5 1.4729224
4520 10 3.2632015
4520 12 3.3028212
4520 31 2.4670691
4520 62 3.3481584
4523 3 3.5279088
4523 9 4.090541
4523 11 3.1568363
4523 17 2.7524297
4523 23 2.8233829
4524 5 3.1202505
4524 10 3.706049
4524 12 3.8794575
4524 19 2.7113657
4524 42 3.4662495
4528 3 3.5005364
4528 12 3.3135533
4528 14 3.126582
4528 18 2.0582974
4528 55 2.3584008
4529 1 3.8686078
4529 8 3.1295292
4529 12 3.5809689
4529 20 4.266273
4529 31 2.7621806
4537 1 2.1376088
4537 8 2.9054842
4537 10 3.1148305
4537 28 2.93705
4537 60 1.9625796
4539 6 2.6361167
4539 13 2.4211006
4539 22 2.5509133
4539 31 2.430045
4539 60 1.5533959
4549 1 3.9165096
4549 9 3.7671041
4549 10 3.394108
4549 13 3.0700526
4549 30 2.640053
4553 1 3.9645069
4553 11 3.4043887
4553 13 2.7292964
4553 21 3.874681
4553 45 2.9796798
4559 2 2.9674804
4559 17 2.1280167
4559 18 2.3886416
4559 39 2.7375333
4559 62 3.263452
4572 2 2.370653
4572 8 2.3561954
4572 10 2.7669206
4572 14 2.3427012
4572 48 2.9522939
4575 13 3.2267187
4575 15 3.0370526
4575 16 3.5478406
4575 20 3.9022317
4575 52 2.9183974
4588 10 3.3366148
4588 18 2.3818574
4588 19 3.0306654
4588 27 3.2234828
4588 37 3.4560952
4591 1 3.5471864
4591 7 3.4411619
4591 13 3.2608442
4591 18 2.716589
4591 37 3.2484138
4592 1 3.0057476
4592 7 2.8543072
4592 12 2.9134188
4592 21 2.8022768
4592 46 2.7736583
4593 4 2.2590673
4593 11 2.5471315
4593 18 1.4929883
4593 21 2.3894117
4593 40 1.4017459
4597 2 2.8023562
4597 5 2.6141698
4597 8 2.8655744
4597 22 2.6750135
4597 28 2.7787552
4601 2 3.3211217
4601 8 2.836706
4601 15 2.8643365
4601 29 2.3542166
4601 52 2.441659
4606 1 3.8784087
4606 6 3.2905333
4606 10 3.5898683
4606 24 2.5614808
4606 33 3.0264204
4610 7 2.572652
4610 10 3.148471
4610 12 2.7485826
4610 15 1.2829318
4610 79 1.5614469
4612 2 3.4874244
4612 7 3.2632859
4612 8 3.0326335
4612 16 3.7039757
4612 35 2.8851943
4616 3 3.2805939
4616 12 2.7194552
4616 14 2.9272492
4616 22 2.706583
4616 65 1.9515148
4625 1 2.2166524
4625 14 2.618149
4625 18 1.3991618
4625 30 1.8027463
4625 46 2.3873081
4634 1 3.4299817
4634 12 3.477837
4634 13 3.5244312
4634 23 3.430532
4634 36 2.4975648
4636 1 3.5400302
4636 8 2.99447
4636 18 2.6655889
4636 22 2.9694047
4636 39 3.3702977
4642 4 2.0745347
4642 7 2.099364
4642 15 1.8182395
4642 43 1.2627296
4642 60 1.0485282
4646 3 3.640619
4646 10 3.5080855
4646 13 2.5349371
4646 17 2.3936274
4646 42 3.37352
4655 13 2.50921
4655 15 2.578625
4655 16 3.2054927
4655 26 2.921871
4655 63 2.5341506
4659 8 2.5486045
4659 13 2.8323882
4659 16 3.5186648
4659 20 3.7787747
4659 36 3.1923695
4664 1 3.172751
4664 4 2.782533
4664 5 2.2333322
4664 10 3.2236516
4664 21 3.1033583
4665 1 3.3639011
4665 8 3.3313708
4665 11 3.503112
4665 28 3.1101205
4665 58 3.337851
4675 2 3.3054738
4675 9 4.3808236
4675 15 3.3173714
4675 20 4.311972
4675 55 2.7722971
4682 1 3.2950766
4682 9 3.5478656
4682 16 3.5097854
4682 21 3.488948
4682 38 3.492756
4683 6 2.9420218
4683 10 2.9508708
4683 11 2.9444451
4683 21 3.0563784
4683 95 1.0951133
4684 1 3.727068
4684 4 3.8151073
4684 10 3.5095196
4684 23 3.7693028
4684 58 3.174735
4691 4 3.1217506
4691 15 2.5343375
4691 16 3.3116567
4691 32 2.78893
4691 50 1.4683578
4696 8 2.5754924
4696 16 2.8490407
4696 20 2.774693
4696 28 2.644649
4696 52 1.8344381
4697 4 3.3088818
4697 7 3.1423535
4697 9 3.8947227
4697 16 3.4756749
4697 47 2.7116995
4712 2 2.729174
4712 8 2.5531838
4712 11 2.8665674
4712 14 2.74418
4712 43 1.5722071
4717 3 3.3650947
4717 8 2.9892755
4717 9 3.4219146
4717 26 2.5475636
4717 73 2.4032683
4718 1 3.124188
4718 3 3.0528967
4718 5 2.2696605
4718 21 2.9204342
4718 78 1.9203818
4720 1 3.411716
4720 7 3.1685278
4720 22 3.592144
4720 31 2.7499979
4720 41 3.1160717
4729 1 3.514407
4729 5 2.8595262
4729 8 3.140102
4729 15 2.9859416
4729 45 3.0078611
4735 5 2.8313565
4735 15 3.2881732
4735 18 2.4935603
4735 30 2.6950655
4735 56 2.8363554
4738 7 2.962654
4738 14 2.8582962
4738 19 2.5913823
4738 24 2.2552407
4738 42 2.967145
4741 6 2.4275973
4741 14 2.728391
4741 16 3.0042014
4741 20 3.1325238
4741 37 2.5581558
4746 5 2.051944
4746 14 2.3706417
4746 21 2.463454
4746 35 2.3457987
4746 57 1.4455884
4760 3 3.5951576
4760 15 3.3155863
4760 22 3.0578444
4760 35 3.2391064
4760 54 3.366543
4761 2 2.995296
4761 18 2.1744926
4761 24 2.4344559
4761 32 2.905291
4761 45 2.6339478
4763 1 3.496567
4763 4 3.0761938
4763 8 3.0761259
4763 13 2.520029
4763 25 2.3567305
4773 4 2.478645
4773 8 2.3907373
4773 11 2.4788482
4773 21 2.7923741
4773 40 2.5243475
4774 4 2.739935
4774 10 2.935924
4774 11 2.3713553
4774 23 2.7969925
4774 76 2.0135424
4775 10 3.4744658
4775 22 3.3280106
4775 25 3.5802832
4775 32 3.6805868
4775 70 2.218225
4786 2 3.2834816
4786 7 3.0383873
4786 15 3.1273592
4786 21 3.1452968
4786 56 2.3365822
4790 1 2.3069696
4790 10 2.3709145
4790 20 2.5659995
4790 27 2.2371497
4790 61 1.3184601
4792 4 2.8297725
4792 6 2.2911508
4792 12 2.9280128
4792 24 2.635611
4792 77 2.7406542
4795 4 2.9259863
4795 11 2.984615
4795 12 3.0923548
4795 17 1.7498782
4795 29 2.1951184
4800 2 3.5308385
4800 4 3.8720002
4800 5 3.0869296
4800 17 2.5022824
4800 37 3.023603
4806 1 2.1384497
4806 8 2.437272
4806 16 2.4244616
4806 30 1.880721
4806 42 2.712846
4808 1 3.200109
4808 6 3.0688305
4808 18 2.0213618
4808 25 2.4869983
4808 81 1.6668181
4809 1 2.8601966
4809 8 2.5877879
4809 16 3.1489139
4809 24 2.216428
4809 47 2.2632444
4817 4 2.331265
4817 6 2.650993
4817 8 2.8704681
4817 13 1.9449898
4817 45 2.2643492
4819 2 3.5050802
4819 6 2.7193851
4819 7 3.0878153
4819 16 3.432011
4819 65 2.188878
4832 4 2.519433
4832 8 3.3701882
4832 9 3.705846
4832 22 2.5162225
4832 34 2.1669323
4833 1 3.097142
4833 15 2.058006
4833 18 1.788576
4833 29 1.7173458
4833 41 2.1936617
4835 13 2.5963385
4835 26 3.347903
4835 30 2.5898597
4835 38 3.536695
4835 46 2.7858055
4837 1 3.0044634
4837 5 2.428814
4837 6 2.456591
4837 21 2.94338
4837 48 2.9562595
4841 6 2.9083548
4841 16 3.6873298
4841 17 2.5971985
4841 29 2.2683876
4841 43 2.2542505
4844 11 2.728717
4844 16 2.9273338
4844 18 1.5057343
4844 39 1.9024154
4844 69 2.0672934
4854 1 3.4601974
4854 7 2.8419318
4854 9 3.2314253
4854 22 2.5976245
4854 46 2.5276568
4856 4 2.7730963
4856 9 3.5016112
4856 10 3.1268322
4856 24 1.991481
4856 58 2.7751074
4873 5 2.7245646
4873 9 3.8979957
4873 13 2.5993228
4873 25 2.6523135
4873 35 3.071413
4882 2 2.9228745
4882 22 3.1408134
4882 24 2.3647046
4882 28 3.2605183
4882 90 2.0360837
4883 4 3.6514494
4883 8 3.1464443
4883 9 3.7815003
4883 27 3.5212538
4883 76 2.7880356
4889 3 3.1115468
4889 6 2.4981363
4889 7 1.3653674
4889 11 2.5824885
4889 70 1.5508758
4896 2 2.6981509
4896 19 2.1032934
4896 24 1.9162531
4896 31 1.8452705
4896 71 2.0468073
4900 3 3.6514661
4900 12 3.4186563
4900 17 2.572855
4900 32 3.1093035
4900 47 2.8962154
4902 3 2.8288975
4902 6 2.1011527
4902 7 2.1198068
4902 11 2.2942529
4902 40 1.0142505
4904 8 2.7646744
4904 12 3.2741811
4904 13 3.1521738
4904 20 4.057949
4904 63 2.630433
4911 2 2.596407
4911 4 2.8162756
4911 8 2.4739046
4911 10 3.3714135
4911 47 2.2332144
4912 9 3.939327
4912 13 3.00159
4912 14 3.2316482
4912 17 2.5839257
4912 61 2.5313804
4915 1 3.3001928
4915 16 2.9370813
4915 23 3.2423549
4915 26 2.703425
4915 30 2.215674
4920 2 2.483921
4920 5 1.9490483
4920 12 2.1515114
4920 22 1.6324654
4920 50 1.4360944
4924 1 3.1960616
4924 11 1.9776819
4924 16 3.0843549
4924 36 2.2748091
4924 87 1.2450982
4929 3 3.5491815
4929 6 2.7289639
4929 9 3.2663364
4929 14 2.776507
4929 61 1.9212129
4937 7 1.7580996
4937 11 2.5654302
4937 12 2.4291685
4937 22 2.3825324
4937 30 2.4564013
4939 3 3.4480023
4939 8 3.8148966
4939 10 4.179761
4939 26 2.5473266
4939 45 2.659006
4940 2 2.9628115
4940 9 3.4825282
4940 13 2.5951421
4940 19 2.223465
4940 42 3.158264
4942 1 3.0600095
4942 12 2.8373985
4942 19 2.2500482
4942 28 2.4871352
4942 51 2.0613012
4949 3 2.9938207
4949 16 2.8270302
4949 17 2.25599
4949 21 3.0464158
4949 55 2.19036
4950 4 2.8384407
4950 16 3.3496804
4950 21 3.087758
4950 30 2.563909
4950 74 2.9281733
4958 1 3.0740018
4958 13 3.2650664
4958 18 2.3435957
4958 22 3.810388
4958 43 2.4081736
4963 2 3.1501338
4963 4 2.5720534
4963 9 3.7363148
4963 35 2.5665112
4963 44 3.1535811
4977 1 3.4358888
4977 10 3.4448762
4977 11 3.042306
4977 14 2.8829758
4977 26 2.6754591
4980 5 1.6485237
4980 17 1.9555225
4980 19 1.0
4980 26 2.5361247
4980 42 2.7922964
4981 2 2.678037
4981 10 2.7380702
4981 22 1.7711353
4981 25 1.3500264
4981 74 2.3571982
4982 6 2.5557876
4982 15 2.4895194
4982 16 3.0024092
4982 30 2.6651764
4982 77 2.757613
4993 4 3.2032645
4993 11 3.36794
4993 13 2.571474
4993 41 2.3619878
4993 67 2.4386742
5000 3 3.6175766
5000 5 2.27384
5000 9 3.3661687
5000 20 3.4373746
5000 43 2.1520278
