1 2 2.498684
1 5 2.064648
1 13 2.1580122
1 59 2.177038
1 75 2.3365989
5 5 2.152883
5 14 2.7336428
5 20 3.2517407
5 32 2.5719483
5 56 2.1041348
10 2 2.942398
10 7 2.6979203
10 10 3.452186
10 19 1.9302819
10 38 3.4414253
13 3 3.2125208
13 6 2.4247632
13 9 3.3034897
13 21 3.3954694
13 67 2.5745387
18 2 3.1811526
18 5 2.7642183
18 11 3.2876983
18 14 3.2633998
18 45 2.9600883
22 20 3.6651998
22 27 3.1082025
22 29 2.1471658
22 36 2.2638233
22 76 2.869501
25 2 2.9933891
25 7 2.8368645
25 10 3.1301107
25 20 3.4840834
25 39 2.084878
26 2 3.5637355
26 26 3.3203168
26 30 2.9274921
26 41 2.653071
26 59 2.9701815
30 1 3.2350035
30 9 3.9480896
30 11 3.319469
30 13 2.4964936
30 26 3.023617
37 3 3.5299027
37 14 3.1399093
37 15 2.6718655
37 23 3.321502
37 30 2.608962
40 6 2.659121
40 11 2.783912
40 19 1.741112
40 28 2.6106205
40 48 3.3252826
43 5 3.003065
43 7 3.2117743
43 10 3.3710425
43 25 2.253061
43 59 2.6780698
78 2 3.0848966
78 13 1.9441016
78 18 1.6829094
78 20 3.46847
78 27 2.946274
82 1 3.4033573
82 7 3.0799687
82 15 2.6526825
82 29 2.0921335
82 68 2.584654
83 7 2.6649933
83 17 2.0776057
83 24 2.3290696
83 40 2.46675
83 62 3.222681
85 2 3.0490415
85 13 2.3714075
85 14 3.2434032
85 19 2.3332582
85 43 2.2282362
88 3 3.2192113
88 9 3.2342942
88 20 3.292754
88 30 2.1247015
88 48 3.1301026
89 3 3.198068
89 8 2.3245118
89 11 3.0947094
89 15 2.3963666
89 42 3.0580962
95 3 3.597941
95 17 2.105976
95 19 2.4979405
95 24 2.518034
95 48 3.8190086
96 6 2.9337468
96 11 3.2640522
96 13 2.3106956
96 16 3.1092136
96 42 3.448017
98 2 3.0227787
98 13 1.8741056
98 17 2.1071196
98 25 1.708412
98 32 2.5686646
99 1 3.4248266
99 6 2.7195075
99 9 3.5323362
99 20 3.3767707
99 78 1.9619548
103 2 3.1993427
103 16 3.388169
103 22 2.6706066
103 40 2.4048314
103 51 2.7498531
106 1 3.4584146
106 7 2.8471262
106 8 2.8127885
106 13 2.6585753
106 28 2.96622
107 2 3.363644
107 12 3.2320647
107 19 2.6643066
107 26 3.0710824
107 54 3.1271896
110 9 3.5845542
110 11 2.9527597
110 12 2.967355
110 20 3.4727614
110 45 2.6571481
111 4 2.951055
111 11 3.5579813
111 16 3.6073596
111 28 3.4452193
111 74 2.9132428
113 6 2.660975
113 15 3.0891943
113 22 2.7757087
113 34 2.6509018
113 53 2.3368118
115 1 3.132761
115 4 2.6303196
115 7 2.49578
115 13 1.9017426
115 42 2.820981
137 2 2.827438
137 15 2.283563
137 17 1.9100947
137 20 3.403167
137 37 2.8054976
139 3 2.9431825
139 14 2.5242682
139 18 1.565439
139 32 2.4033227
139 43 1.4947909
140 10 3.345575
140 13 2.2993774
140 16 3.090242
140 24 2.3006296
140 31 2.1384323
147 2 3.3731844
147 12 3.2843049
147 15 2.803626
147 32 3.0221179
147 66 3.0566874
155 1 3.2711518
155 6 2.8286633
155 12 3.151972
155 16 3.1790004
155 26 2.800529
165 1 3.3235621
165 4 2.8515637
165 8 3.2155216
165 14 3.3505943
165 26 3.3508258
166 1 2.8491309
166 18 1.6821977
166 26 2.4149091
166 38 2.9577184
166 77 2.7018135
182 3 3.6270852
182 10 3.6909559
182 16 3.5716996
182 21 3.451862
182 43 2.474831
189 1 3.607303
189 7 3.3796682
189 12 3.5212152
189 19 2.8138492
189 61 2.5756867
198 7 2.94844
198 15 2.624176
198 17 2.0546098
198 27 2.6584384
198 48 3.0622766
202 1 3.4700277
202 9 3.4552374
202 11 3.2130601
202 20 3.594844
202 50 2.028777
206 1 3.1373885
206 9 3.474426
206 11 3.1418486
206 20 3.3834903
206 40 2.2437694
213 3 3.5555038
213 8 2.771294
213 12 3.0762656
213 34 1.7151437
213 58 2.2908432
214 1 3.507281
214 19 2.6676223
214 27 3.1603134
214 30 2.374032
214 64 2.380141
219 3 3.2423475
219 14 2.8876023
219 16 3.0374675
219 21 2.9933686
219 73 2.508154
221 2 3.1139224
221 7 2.904393
221 18 2.2070246
221 29 2.040167
221 69 2.1622636
222 13 2.259906
222 17 2.056111
222 18 1.9409599
222 38 3.4457452
222 48 3.4145498
224 6 2.916999
224 16 3.3973765
224 18 2.0593116
224 23 3.5176332
224 37 2.777392
226 6 2.908349
226 15 2.956119
226 22 2.7940006
226 31 2.5497434
226 62 3.4648528
227 7 2.4846227
227 18 1.4996679
227 21 2.74487
227 28 2.5241246
227 55 2.129501
228 1 2.7044873
228 6 2.3743484
228 7 2.604931
228 18 1.5632572
228 51 2.3038504
229 3 3.4535124
229 17 2.4443681
229 32 2.9356008
229 59 2.5837948
229 91 2.8651257
234 2 2.3959055
234 6 2.3590872
234 10 2.910282
234 17 1.6031339
234 31 1.9286863
236 4 2.6595798
236 8 2.7023258
236 10 3.2106318
236 16 3.2882655
236 43 1.9028294
244 1 3.130798
244 5 2.7154264
244 7 3.183819
244 34 2.233769
244 62 3.5582964
247 11 2.7864997
247 13 2.148885
247 14 3.0104296
247 21 3.1954446
247 50 1.6321855
257 2 3.2758732
257 8 3.1884766
257 11 2.9719858
257 15 2.55407
257 30 2.795
260 1 3.1569192
260 6 2.7697456
260 7 3.1983328
260 13 2.351173
260 24 2.341952
268 1 2.835737
268 5 2.0217137
268 7 2.3649511
268 14 2.16569
268 44 2.6795547
273 1 3.4967692
273 11 3.0326498
273 15 2.79748
273 29 2.190205
273 52 2.2418642
277 4 3.0902882
277 7 3.2548137
277 8 3.3715549
277 12 3.2966168
277 22 3.264612
280 1 3.0810056
280 7 2.724865
280 8 2.7625945
280 19 2.650058
280 26 2.6486733
281 2 2.8858905
281 10 2.9589162
281 12 2.9595654
281 17 1.9901835
281 53 1.9300413
282 1 3.0064502
282 4 2.8176885
282 16 2.6686463
282 30 2.3197308
282 64 2.036656
284 2 3.1493022
284 7 3.1330984
284 8 2.892695
284 12 3.3308878
284 36 2.541225
293 2 3.174623
293 5 2.4353292
293 7 2.7874892
293 11 2.927307
293 38 3.4008925
297 2 3.3714716
297 12 3.4624233
297 16 3.437558
297 37 2.9944572
297 51 3.097804
300 3 3.5894856
300 7 3.1939912
300 12 3.1974847
300 21 3.21479
300 41 2.2452369
302 7 3.3336506
302 22 3.230669
302 26 3.23723
302 35 2.8229554
302 46 2.911794
305 4 3.0541165
305 6 2.8165812
305 7 2.674816
305 9 3.353003
305 43 2.386652
306 1 3.3207479
306 10 3.2916296
306 12 3.464458
306 22 2.8500817
306 66 2.757803
312 9 3.816774
312 15 2.8335695
312 16 3.439737
312 28 3.225432
312 45 2.763161
326 2 3.022881
326 16 3.1371841
326 17 2.2078683
326 25 2.2539744
326 87 2.1555939
327 1 3.2407327
327 9 3.4932177
327 15 2.6579037
327 42 3.1334689
327 68 2.951861
332 7 2.6148531
332 14 2.4924538
332 15 2.2067578
332 34 1.7936604
332 54 2.4158404
340 2 3.1315644
340 5 2.8396966
340 7 3.1502833
340 24 2.1897032
340 40 2.288757
341 2 2.7416015
341 5 2.6945913
341 6 3.212833
341 19 2.3192623
341 65 2.3468094
345 1 3.3025663
345 11 3.2166524
345 13 2.2694416
345 19 2.592348
345 49 2.8720384
347 6 2.6062546
347 16 3.0089815
347 20 3.136165
347 43 2.1896064
347 72 2.6342912
348 1 3.4792073
348 11 3.158079
348 20 3.8053217
348 43 2.005569
348 68 2.5503109
349 1 3.0225027
349 3 3.1153338
349 6 2.5058308
349 15 2.6074598
349 28 2.6954188
352 2 2.358354
352 9 2.9746819
352 16 2.457419
352 24 1.5751308
352 37 2.244185
360 1 2.593487
360 8 2.5672033
360 12 2.555742
360 14 2.336379
360 38 2.67984
363 3 3.3943298
363 14 2.97471
363 21 3.0046759
363 26 2.6940377
363 74 2.8002303
371 4 2.7330482
371 11 2.97631
371 12 3.073165
371 15 2.465692
371 37 2.4636168
375 2 2.996581
375 14 3.1124082
375 18 2.282516
375 24 2.55022
375 32 2.83175
377 2 2.8424482
377 14 2.7347374
377 16 3.2143037
377 38 3.1519742
377 56 2.0263886
381 6 2.44531
381 11 2.6181524
381 15 2.3773508
381 29 1.6744263
381 37 2.480184
393 4 3.4897912
393 8 2.906792
393 12 3.3627052
393 15 3.339579
393 22 2.8680048
399 3 3.6522367
399 8 2.9237998
399 9 3.4178572
399 19 2.1355155
399 41 2.2541912
400 2 2.6928976
400 8 2.6865327
400 10 3.4647717
400 20 3.5165725
400 32 3.061722
405 5 2.440827
405 10 3.3669195
405 16 3.3952162
405 20 3.5642567
405 40 2.3423953
409 1 2.4970584
409 4 2.230435
409 5 1.8678198
409 14 2.4113045
409 54 2.358488
418 2 3.1302025
418 7 3.2185059
418 8 3.0486357
418 19 2.4725893
418 36 2.2742827
429 1 2.946288
429 24 2.1088917
429 28 2.7135968
429 43 1.8649827
429 73 2.1197765
432 6 2.6662457
432 14 3.0313423
432 16 2.9847875
432 22 2.80266
432 71 2.3617547
436 1 3.3016138
436 12 2.915875
436 17 2.2483203
436 28 2.8685095
436 39 2.1789103
437 1 2.6966093
437 9 3.0491884
437 10 2.8444395
437 17 1.6381794
437 37 2.3611057
443 4 3.3601902
443 8 3.1456366
443 11 3.234964
443 19 2.8596973
443 37 3.1384244
452 3 3.0967538
452 12 2.76525
452 13 2.0603049
452 34 1.7571357
452 58 2.6775055
454 8 2.8539593
454 13 2.5807462
454 27 3.1828618
454 29 2.1697385
454 44 3.1241288
455 3 3.2581975
455 6 2.4319978
455 9 3.505151
455 15 2.3213782
455 27 2.8888206
457 1 3.233188
457 7 2.8938923
457 10 3.1838443
457 16 2.9911973
457 62 3.2552016
467 2 3.4961336
467 9 3.8607578
467 12 3.552069
467 32 3.2331743
467 64 2.8490903
469 2 2.8752258
469 4 2.772518
469 5 2.7008781
469 16 3.1850262
469 28 2.5635598
472 1 2.8479607
472 14 3.2372093
472 20 3.3995214
472 33 2.6288714
472 73 2.2452404
481 1 3.4973738
481 12 3.4817064
481 13 2.7055466
481 22 3.2539592
481 42 3.4976106
483 6 2.8735611
483 12 3.1427848
483 14 2.9748285
483 21 3.010286
483 54 3.0640204
502 8 2.4325047
502 12 2.817011
502 19 1.6491863
502 35 1.8808707
502 56 2.1320734
509 3 3.2962248
509 18 1.7825413
509 24 2.0565767
509 30 2.2122445
509 48 3.223969
515 1 2.7878182
515 10 3.0315278
515 13 2.3184206
515 23 2.9476235
515 70 1.3407879
521 4 2.9359114
521 13 2.166071
521 16 3.0327902
521 24 2.5816665
521 48 3.4700618
526 5 2.269275
526 15 2.584415
526 16 3.060353
526 31 2.2618473
526 82 1.7907395
537 4 3.0893433
537 10 3.5832338
537 11 3.1203585
537 19 2.6562202
537 26 2.995535
538 1 3.0689855
538 7 2.986084
538 8 2.6421025
538 25 1.9412154
538 48 3.1942837
540 2 2.8959463
540 5 2.6900275
540 7 2.880636
540 23 3.3960552
540 51 2.6472843
544 1 3.1977153
544 13 2.290101
544 23 3.3957503
544 26 3.0966406
544 44 3.0271063
545 4 2.8201551
545 16 3.051528
545 18 2.1079113
545 37 2.7042453
545 87 1.5485204
551 2 3.4316726
551 7 3.346061
551 8 3.230495
551 37 3.1586585
551 72 3.155002
553 4 2.5250633
553 7 2.5813744
553 8 2.4625669
553 15 2.044473
553 38 3.031826
556 1 2.9997265
556 6 2.3653562
556 9 3.3707569
556 13 2.079867
556 29 1.857562
563 3 3.1147785
563 8 2.4918506
563 9 3.3098245
563 16 3.0153656
563 29 1.9098046
567 1 3.4178832
567 3 3.131705
567 4 3.120157
567 9 3.4335048
567 58 2.7427125
569 7 3.0800583
569 22 2.9053302
569 27 3.3459666
569 42 3.0347953
569 92 2.392228
571 1 3.2037115
571 9 3.433468
571 10 3.3956158
571 15 2.6509082
571 53 1.8046521
578 4 2.8248937
578 15 2.6824548
578 22 2.75166
578 39 2.4809635
578 47 2.622782
582 1 2.8991678
582 13 1.6663698
582 27 3.1823075
582 41 1.7881702
582 51 2.4976997
583 2 3.1166782
583 16 3.2460017
583 20 3.5911157
583 41 2.5876942
583 54 3.5171983
585 1 2.881722
585 15 2.0315464
585 17 1.7631644
585 26 2.3463666
585 48 3.0528283
586 1 3.3450558
586 5 2.5023775
586 6 2.9953732
586 10 3.3342872
586 65 2.1713045
592 1 3.2990706
592 8 2.995579
592 12 3.3744614
592 14 3.1282554
592 39 2.2533083
598 8 2.6879146
598 20 3.4150212
598 28 2.787198
598 37 2.694012
598 56 2.1849155
602 2 2.7891762
602 8 2.6701899
602 15 2.4600687
602 20 3.524646
602 35 2.3140304
606 8 3.2284575
606 19 2.9125142
606 20 3.8129117
606 27 3.5530822
606 66 3.0495026
608 2 3.2271395
608 12 3.3074057
608 13 2.0481615
608 19 2.7453392
608 50 2.1684635
611 1 3.0668323
611 9 3.2936018
611 11 2.9031138
611 18 1.791278
611 66 2.6851995
612 5 1.8647095
612 12 2.7266095
612 17 1.7890455
612 24 1.7732028
612 81 5.0
613 2 3.123097
613 18 1.9279552
613 19 2.4704275
613 35 2.5627475
613 49 2.1613982
618 3 3.3811686
618 6 2.9797773
618 11 3.079439
618 18 1.9322331
618 39 2.3990238
623 5 2.791387
623 11 3.3400648
623 14 3.1152961
623 23 3.571313
623 63 2.5598202
627 5 2.3365552
627 10 2.9842923
627 16 2.87205
627 22 2.8305504
627 51 2.3814287
635 1 3.3123012
635 3 3.5491076
635 5 2.428388
635 10 3.4767954
635 79 2.3177838
641 5 2.743615
641 10 3.4973078
641 17 2.3838072
641 30 2.6267874
641 52 2.395012
642 1 3.119293
642 12 3.0010135
642 22 2.5978012
642 34 2.151045
642 61 1.868701
644 2 2.8617136
644 6 2.670223
644 8 2.8411129
644 12 3.2931652
644 38 3.6042304
649 2 3.3537872
649 15 2.9320557
649 19 2.7424326
649 21 3.511173
649 45 3.064192
651 4 2.9916303
651 8 3.3743374
651 10 3.6361868
651 17 2.3381379
651 22 3.2317708
657 3 3.6690173
657 13 2.5794802
657 16 3.1150858
657 23 3.3625557
657 36 2.6841242
659 6 2.7848358
659 15 2.921025
659 23 3.2167833
659 32 2.9976616
659 52 2.342979
669 7 2.8793695
669 18 1.5397224
669 19 2.0094926
669 30 1.9749955
669 77 2.4733822
670 4 3.1401238
670 13 2.183434
670 15 2.9136388
670 27 3.5387409
670 64 2.6543596
674 1 2.950091
674 4 2.7484224
674 5 1.9641104
674 15 2.1272771
674 75 2.3705373
696 3 3.6755283
696 7 3.0328062
696 13 2.302623
696 21 2.9595733
696 53 1.9616133
698 1 3.3537188
698 5 2.8460927
698 6 2.7452316
698 9 3.5803888
698 19 2.1542366
699 5 2.447544
699 8 3.0521402
699 12 3.2523785
699 21 3.0741107
699 36 2.2353418
700 6 3.1574416
700 11 3.4640498
700 13 2.8218694
700 15 3.1175714
700 26 3.2403507
702 5 1.9078038
702 16 2.5012174
702 20 3.020235
702 27 2.8188472
702 55 2.1255248
705 1 3.030431
705 6 2.7199464
705 9 3.6281881
705 42 3.3039978
705 64 2.592291
711 5 2.4709127
711 12 3.2306569
711 22 3.0160587
711 32 2.8879125
711 50 2.062763
714 1 3.15302
714 3 3.3693228
714 4 3.1243386
714 17 2.3895416
714 53 2.6665208
716 1 3.1568394
716 9 3.009769
716 11 2.932871
716 28 2.4506912
716 61 1.9250199
722 1 3.1757967
722 4 2.9579449
722 6 2.7724998
722 15 2.6076252
722 43 2.088835
725 7 3.0031488
725 12 2.9158535
725 13 2.1877556
725 26 2.7172675
725 41 1.928412
729 1 3.0754344
729 17 2.097998
729 21 3.0309281
729 34 2.1210244
729 61 2.1208186
747 5 2.4110615
747 9 3.5644453
747 23 3.234356
747 27 3.3756135
747 69 2.1453762
754 5 2.3604608
754 7 2.9392257
754 9 3.314366
754 14 2.716513
754 48 3.308731
756 2 2.7727032
756 9 2.9796145
756 18 1.1995718
756 23 2.8162396
756 40 2.0212488
775 1 2.9023397
775 11 2.9160576
775 24 2.0665183
775 37 2.7575166
775 65 2.1316125
783 1 3.0254998
783 6 2.471707
783 7 2.8006315
783 12 3.01477
783 66 2.3708491
791 14 3.014132
791 17 1.7725942
791 18 1.4984791
791 22 2.5679262
791 41 1.8305858
792 3 3.4144084
792 5 2.6089368
792 12 3.1068769
792 15 2.839538
792 38 3.5342093
796 2 3.0120082
796 12 3.012994
796 21 2.8411841
796 23 3.1930218
796 46 2.9024694
798 2 2.7287526
798 6 3.0083003
798 12 3.0372336
798 19 2.0232131
798 25 1.8664128
803 1 3.6013155
803 14 3.439712
803 15 3.0653207
803 18 2.2701883
803 59 2.6535733
805 1 2.9157946
805 9 3.2741358
805 20 2.9105034
805 34 1.6798687
805 59 2.1062045
806 3 3.764296
806 6 3.0999715
806 9 3.8896868
806 15 2.810076
806 44 3.3873022
819 3 3.497512
819 7 3.27921
819 13 2.6438756
819 22 3.2874167
819 55 2.6776333
820 9 3.3159537
820 20 3.3972542
820 21 2.9761865
820 38 3.5271983
820 59 2.589777
824 1 2.957368
824 7 3.1337004
824 9 3.3038151
824 21 2.775948
824 31 2.1441457
827 2 3.1117713
827 8 2.6742387
827 10 3.3350399
827 34 1.990159
827 41 2.2731278
828 6 2.6120665
828 13 2.2590911
828 18 1.7644979
828 34 2.1610582
828 69 2.132591
831 1 3.4038327
831 6 2.875835
831 20 3.5503256
831 27 3.2948034
831 56 2.0886471
839 1 2.8417253
839 5 2.0679102
839 12 2.9462655
839 17 2.1054878
839 26 2.6627114
842 5 3.0574555
842 7 3.2203062
842 18 2.0466673
842 25 2.3801014
842 42 3.524924
847 1 2.902261
847 6 2.7559428
847 14 2.677845
847 24 2.2707193
847 40 2.2953715
848 2 3.4968321
848 6 3.361039
848 8 2.9941976
848 13 2.6831489
848 22 3.118531
849 1 3.4266453
849 9 3.4015603
849 13 2.610087
849 22 2.6414726
849 66 2.7508087
854 5 3.0192585
854 9 3.8875024
854 10 3.744941
854 21 3.5594404
854 52 2.7164388
855 2 2.9639847
855 11 3.1573474
855 13 1.9177005
855 21 3.0296433
855 61 2.0659647
865 9 3.4557354
865 12 3.0855255
865 13 1.9885297
865 16 2.7242565
865 37 2.7356184
874 2 2.967435
874 7 2.875209
874 9 3.5181687
874 14 3.3721821
874 21 3.3243759
878 1 3.2518423
878 7 3.3451028
878 8 2.6644714
878 25 2.1380064
878 35 2.9361792
882 2 3.1459177
882 14 3.0860474
882 16 3.4055212
882 25 2.0594056
882 33 2.4463878
884 4 2.8925982
884 8 3.2927976
884 14 2.8444974
884 33 2.1881726
884 60 1.541356
885 4 2.4027362
885 11 2.4901476
885 14 2.4518545
885 21 2.3037357
885 40 1.8327295
891 2 3.2978134
891 23 3.1837442
891 28 2.8204386
891 38 3.2571385
891 68 2.590582
892 1 2.893791
892 13 1.8501673
892 16 2.5625608
892 24 1.5511979
892 33 2.010359
915 6 2.625337
915 11 3.1095185
915 12 2.9586697
915 20 3.418717
915 55 2.1474853
917 1 3.3517663
917 5 2.3529263
917 20 3.4497974
917 27 3.022906
917 88 2.7943726
918 1 3.064649
918 7 3.079176
918 13 2.3238487
918 20 3.3575387
918 32 2.718742
920 2 3.4235528
920 8 3.0104764
920 11 3.2740042
920 22 3.07262
920 48 3.6920538
928 1 3.1320913
928 14 2.8197103
928 28 2.8269315
928 32 2.8199685
928 75 2.7011087
931 3 3.487604
931 7 3.3093023
931 13 2.5925457
931 20 3.5844653
931 31 2.415865
936 1 3.3402631
936 4 2.999032
936 6 2.7358956
936 18 1.4437146
936 51 2.6284833
938 1 3.291938
938 5 2.403582
938 7 3.2809732
938 21 3.0872657
938 53 2.1574895
941 3 3.292265
941 13 1.9870484
941 14 2.4890838
941 22 2.4899924
941 35 2.4250822
942 5 2.0607522
942 13 2.2873
942 15 2.5906465
942 17 2.1421394
942 25 1.974545
943 1 3.2111015
943 8 2.5891454
943 18 2.0849872
943 36 2.3143053
943 70 1.9834923
951 2 2.962693
951 7 2.9081283
951 13 2.4693754
951 22 2.6806498
951 74 2.6680098
954 10 3.3625298
954 12 2.987538
954 15 2.647824
954 21 3.0747569
954 54 3.3454194
958 3 3.5447068
958 18 2.137585
958 22 2.9304812
958 39 2.4260283
958 65 2.2356353
976 9 3.452364
976 19 2.000275
976 25 1.9797449
976 30 2.1280744
976 94 1.3466238
977 12 3.1871715
977 20 3.7045608
977 22 3.019806
977 31 2.4177918
977 45 2.7585554
980 1 3.2557554
980 5 2.52491
980 6 2.8011494
980 15 2.479642
980 26 3.1255891
981 6 2.7871928
981 9 3.6288314
981 15 2.6415532
981 17 2.140389
981 72 2.8291924
987 4 3.1002502
987 17 2.527799
987 18 2.3765693
987 29 2.0755959
987 47 2.8552928
990 1 3.2479358
990 8 3.0550983
990 10 3.334427
990 12 3.168671
990 24 2.4172828
1006 1 3.0138493
1006 9 2.9945745
1006 11 2.5687916
1006 17 1.9077154
1006 43 1.5085988
1014 1 3.1443639
1014 7 2.9621317
1014 9 3.5525846
1014 25 2.0912616
1014 52 2.1576078
1017 4 2.8021832
1017 9 2.866739
1017 11 2.7506666
1017 19 2.0726361
1017 57 1.3738868
1020 11 2.9515378
1020 14 2.965292
1020 16 3.0332515
1020 20 3.2621992
1020 67 2.224015
1022 1 3.001807
1022 8 3.0823026
1022 9 2.9866235
1022 19 2.7422156
1022 37 2.6004176
1028 2 2.6824389
1028 14 2.887279
1028 15 2.3908925
1028 58 2.3098602
1028 82 5.0
1031 1 3.2911816
1031 10 3.5726082
1031 14 3.0492363
1031 20 3.5509226
1031 75 2.721041
1032 2 2.9112766
1032 10 3.6099458
1032 11 3.4887455
1032 21 3.2339492
1032 44 3.0754497
1036 2 2.8199222
1036 6 2.5912726
1036 8 2.7316387
1036 28 2.4032269
1036 49 2.324162
1049 10 3.4325714
1049 17 2.0995247
1049 19 2.1707723
1049 25 2.1905236
1049 40 2.31993
1057 2 2.9156606
1057 12 3.2179177
1057 15 2.4554303
1057 34 1.9956623
1057 51 2.4121227
1063 1 3.2855513
1063 6 2.8548222
1063 7 2.8489616
1063 21 3.4288096
1063 83 2.535769
1066 5 2.1846867
1066 12 3.1572173
1066 13 2.185596
1066 15 2.6062775
1066 62 3.135946
1070 1 2.9502587
1070 4 2.822176
1070 5 2.212381
1070 24 1.8892571
1070 55 2.0975847
1071 2 3.2081118
1071 12 3.1550746
1071 21 3.3147128
1071 32 2.9931133
1071 39 2.3329368
1085 1 3.028254
1085 9 3.7201428
1085 11 3.0258758
1085 18 1.6340808
1085 51 2.411262
1092 1 3.290769
1092 4 2.9815357
1092 8 2.992126
1092 39 2.4369226
1092 62 3.3810337
1093 1 3.4686077
1093 7 3.1276588
1093 13 2.741718
1093 22 2.8860137
1093 38 3.6908197
1095 3 3.426733
1095 17 2.2165515
1095 19 2.562968
1095 29 1.9194957
1095 36 2.2214344
1099 5 2.645703
1099 10 3.085241
1099 12 3.1187196
1099 27 2.9753802
1099 59 1.8881756
1101 3 3.6913304
1101 5 2.4387956
1101 7 3.05562
1101 11 3.3297992
1101 51 2.7222588
1103 2 3.0528579
1103 5 2.6767101
1103 15 2.5229926
1103 24 2.118397
1103 48 2.970524
1106 1 2.8107548
1106 17 2.0603528
1106 20 2.5507154
1106 24 1.6727859
1106 68 1.935062
1109 2 3.3863614
1109 7 3.1939807
1109 20 3.7103853
1109 35 2.6683872
1109 41 2.1236522
1111 2 2.7360451
1111 7 2.9690492
1111 10 3.171847
1111 23 2.9756498
1111 42 2.8782575
1114 8 2.5726664
1114 17 1.7378578
1114 21 3.0572145
1114 27 2.9282136
1114 62 3.3018095
1120 1 3.4224465
1120 9 3.6011662
1120 11 3.2400255
1120 29 2.3076224
1120 74 3.050841
1129 5 2.6027517
1129 9 3.3076751
1129 10 3.0375023
1129 19 2.3846924
1129 36 2.121252
1136 1 3.0278351
1136 7 2.630339
1136 9 3.0476842
1136 21 2.839177
1136 64 1.7145933
1150 11 3.0400877
1150 21 3.3337903
1150 25 2.2926614
1150 29 2.3315687
1150 41 1.8950422
1151 1 2.8531153
1151 4 2.379685
1151 7 2.845632
1151 29 1.7494832
1151 44 2.631012
1155 3 3.5408905
1155 15 2.8429844
1155 16 3.403067
1155 36 2.5087736
1155 77 3.1060486
1157 6 2.5212026
1157 8 2.6916015
1157 9 3.0319867
1157 20 3.0495296
1157 42 2.9020119
1172 2 2.9657874
1172 10 3.1718984
1172 11 2.9047484
1172 25 2.0050569
1172 66 2.3125415
1177 2 3.3472276
1177 29 2.5034988
1177 34 2.7609499
1177 50 2.420137
1177 59 2.4582543
1182 2 2.9669025
1182 7 2.8619719
1182 10 3.1421764
1182 14 3.0685112
1182 18 2.0042014
1185 3 2.7494624
1185 6 2.6343663
1185 7 1.9319109
1185 14 1.8523059
1185 31 1.9487538
1189 1 3.4327822
1189 5 2.5443413
1189 6 2.719086
1189 13 2.49827
1189 26 2.9580595
1194 2 3.153755
1194 18 1.9176526
1194 26 2.8011649
1194 39 2.1093764
1194 57 1.7159935
1205 1 3.1001544
1205 5 2.7538657
1205 10 3.1909926
1205 26 2.3801913
1205 48 3.2888358
1209 1 3.1352646
1209 6 2.706135
1209 7 3.041055
1209 12 3.2604837
1209 37 2.7654026
1214 2 2.5735881
1214 24 2.0757143
1214 26 2.5069294
1214 43 1.7445681
1214 69 1.6700629
1216 1 3.1509857
1216 9 3.4079876
1216 10 3.4176216
1216 17 2.3934531
1216 79 2.1494637
1224 1 3.344465
1224 6 2.7581384
1224 32 2.787697
1224 39 2.8252187
1224 45 3.0043254
1236 3 3.674423
1236 10 3.6109447
1236 17 2.596631
1236 38 3.6678712
1236 54 3.4434354
1243 1 3.4969227
1243 9 3.5665529
1243 10 3.5274394
1243 21 3.043502
1243 29 2.2108233
1245 3 3.2053797
1245 12 2.975774
1245 17 2.1275878
1245 26 2.6764202
1245 53 2.0329125
1246 4 2.9895382
1246 11 3.3610828
1246 12 3.4713151
1246 19 2.480325
1246 43 2.421328
1249 7 2.9995427
1249 20 3.4838393
1249 21 2.9870658
1249 23 3.2767422
1249 29 1.7913337
1268 2 2.6052094
1268 8 2.4623399
1268 10 3.2850254
1268 19 1.8761485
1268 33 1.9059244
1274 2 3.123613
1274 12 3.3475296
1274 14 2.9412663
1274 20 3.742601
1274 52 2.3977327
1277 4 2.9513235
1277 9 3.41649
1277 10 3.246928
1277 13 1.9661844
1277 33 1.9424733
1285 5 2.351805
1285 12 3.3142855
1285 15 2.6822
1285 19 2.0947375
1285 70 2.0405998
1287 2 2.5115757
1287 8 2.6309686
1287 10 3.2208302
1287 24 1.9372134
1287 71 2.220853
1288 2 2.9513135
1288 11 3.2434113
1288 15 2.7247803
1288 22 2.7828443
1288 47 2.5322618
1289 7 2.7630143
1289 13 1.5325564
1289 21 2.6858335
1289 34 1.9275422
1289 54 2.7914422
1301 1 3.6182303
1301 3 3.7617483
1301 7 3.390596
1301 12 3.5321426
1301 20 3.8826904
1303 8 2.5206401
1303 10 3.0344243
1303 11 2.878467
1303 36 2.0118332
1303 56 1.951585
1308 1 3.3215473
1308 12 3.3924944
1308 14 2.9900606
1308 22 2.9022846
1308 37 2.9741993
1309 2 3.4691088
1309 11 3.4493892
1309 14 3.3999047
1309 26 3.2256904
1309 65 2.6218708
1313 1 3.6586928
1313 6 3.1903422
1313 10 3.7387326
1313 31 2.8527138
1313 58 3.2639682
1314 8 2.8755324
1314 13 1.8979328
1314 20 3.705049
1314 28 3.0071115
1314 60 1.6578496
1318 4 2.9601219
1318 7 2.62515
1318 10 3.3771589
1318 15 2.6460867
1318 42 2.8006701
1323 4 2.6424913
1323 10 2.828032
1323 14 2.5243514
1323 45 2.467603
1323 67 1.8619497
1327 3 3.3148108
1327 8 2.7156157
1327 12 3.0254242
1327 22 2.7734578
1327 28 2.6752543
1330 3 3.3557425
1330 8 2.8843133
1330 13 2.6820917
1330 29 2.320849
1330 66 2.6858706
1335 1 3.4837794
1335 5 2.8381367
1335 9 3.7063806
1335 14 3.2725523
1335 40 2.7049227
1336 3 3.6428418
1336 10 3.4808056
1336 11 3.137765
1336 24 2.3941846
1336 47 2.5185006
1337 10 3.1123703
1337 14 2.6154687
1337 16 2.8962882
1337 28 2.6494296
1337 51 2.2471359
1340 4 2.724582
1340 12 3.0455592
1340 14 2.6353383
1340 43 2.017703
1340 93 1.1346695
1343 1 3.534933
1343 9 3.8112516
1343 13 2.8543499
1343 26 3.2489
1343 51 2.83157
1344 4 2.9268994
1344 6 2.8449442
1344 8 2.995943
1344 18 2.1953595
1344 47 2.932476
1357 6 2.6813211
1357 16 2.9512892
1357 18 2.0240703
1357 28 2.5779366
1357 49 2.110474
1360 1 3.160924
1360 6 2.6761355
1360 10 3.268676
1360 23 3.1809306
1360 63 2.753137
1361 2 3.050615
1361 5 2.8974795
1361 9 3.4316342
1361 24 2.2973762
1361 56 1.7121068
1364 1 2.7586389
1364 16 2.830639
1364 25 1.7522622
1364 43 1.8307291
1364 53 1.7807047
1366 3 3.5139432
1366 6 3.2678275
1366 9 3.1558087
1366 12 3.2241876
1366 47 2.6581216
1377 5 2.5120206
1377 14 2.9214563
1377 17 2.205916
1377 28 2.77125
1377 53 2.486092
1381 2 2.3990736
1381 7 2.4981277
1381 8 2.323865
1381 21 2.5884252
1381 50 1.2422342
1382 2 3.0194643
1382 17 2.4865518
1382 18 2.3687363
1382 24 2.5086832
1382 51 2.652636
1390 1 3.0437577
1390 6 2.30652
1390 18 1.8795109
1390 25 2.070935
1390 62 3.5664804
1393 3 3.3731143
1393 7 3.2489493
1393 8 3.0542376
1393 18 1.940406
1393 42 3.2069101
1394 2 2.9355116
1394 5 2.5017993
1394 6 2.9479544
1394 14 2.920457
1394 38 3.234577
1400 1 3.620659
1400 6 3.1523085
1400 9 3.8432603
1400 15 3.112438
1400 40 2.8418024
1421 2 2.3204129
1421 6 2.1033545
1421 9 2.9549813
1421 13 1.6935904
1421 27 2.7195637
1432 2 2.975144
1432 7 3.1371589
1432 11 3.1244009
1432 22 2.813215
1432 46 2.2907352
1438 9 3.4306312
1438 16 3.0984943
1438 20 3.2539494
1438 28 2.9067764
1438 43 2.0715992
1439 3 3.7842133
1439 5 2.9950526
1439 11 3.4789526
1439 18 2.4498355
1439 49 2.9165509
1441 4 2.9347446
1441 11 3.165277
1441 12 3.0506032
1441 16 3.3538623
1441 32 2.7422264
1454 3 3.4022655
1454 6 2.5893247
1454 7 2.7152045
1454 12 3.1025174
1454 60 1.8070652
1460 5 2.5426943
1460 9 3.9412284
1460 11 3.2916243
1460 18 2.0792873
1460 39 2.235252
1464 2 3.3437147
1464 11 3.460163
1464 13 2.7698572
1464 20 3.6758256
1464 46 2.9561608
1468 6 3.009799
1468 18 1.8016552
1468 19 2.4404707
1468 24 2.4300592
1468 39 2.6271951
1469 2 2.9098284
1469 6 2.319794
1469 10 3.051853
1469 28 2.3470526
1469 49 2.1943204
1470 2 2.6714664
1470 5 1.9632934
1470 8 2.9305105
1470 12 2.5577044
1470 36 1.9084985
1473 1 3.3820455
1473 3 3.4937122
1473 4 2.9593172
1473 7 2.7253768
1473 35 2.4840398
1474 11 3.3893025
1474 17 2.7283592
1474 20 3.72624
1474 25 2.6396716
1474 34 2.4437966
1476 1 3.1635993
1476 7 3.0977674
1476 8 2.927616
1476 13 2.243788
1476 54 3.1389337
1478 2 3.3140435
1478 12 3.3107603
1478 16 3.5660136
1478 24 2.4825387
1478 50 2.1960688
1483 8 3.0253537
1483 18 1.7852807
1483 20 3.227472
1483 26 2.6143463
1483 45 2.6752346
1489 2 3.5644302
1489 5 3.0653324
1489 8 2.9096014
1489 24 2.8454068
1489 38 3.4874063
1494 1 3.5029197
1494 26 3.216155
1494 40 2.6886897
1494 46 3.023116
1494 81 2.1261625
1499 1 3.7031531
1499 10 3.573635
1499 12 3.435866
1499 19 2.620354
1499 59 2.8289168
1502 2 3.3607917
1502 5 3.1384647
1502 7 3.6012332
1502 15 2.5967853
1502 43 2.1580384
1507 1 3.3076975
1507 16 3.0470958
1507 17 2.3212523
1507 34 2.427787
1507 74 3.173979
1509 11 3.1314156
1509 17 2.2860024
1509 19 2.1114705
1509 32 2.715388
1509 68 2.285115
1524 5 2.2048435
1524 11 2.9057612
1524 16 3.0587611
1524 29 1.7415599
1524 45 2.6398354
1532 3 3.5029554
1532 6 2.6231594
1532 7 3.0770907
1532 17 2.2097678
1532 41 2.2138267
1537 7 2.9890678
1537 16 3.6382985
1537 17 2.4501245
1537 34 2.6278017
1537 51 2.8412943
1557 1 3.158927
1557 5 2.5095806
1557 10 3.328984
1557 20 3.4827654
1557 83 2.574355
1560 4 2.843953
1560 10 3.3005967
1560 12 3.2228367
1560 15 2.855933
1560 32 2.9568233
1561 6 2.82368
1561 8 2.8628294
1561 16 3.170317
1561 22 2.992678
1561 43 2.159787
1566 3 3.4876072
1566 15 2.6149445
1566 21 3.2487156
1566 30 2.721522
1566 48 3.177867
1568 2 2.8254056
1568 11 3.0943618
1568 13 2.4555
1568 26 2.6602042
1568 31 2.3352528
1578 2 2.7933805
1578 6 2.377706
1578 13 1.7799399
1578 30 1.8288585
1578 49 1.9102125
1583 5 2.4019222
1583 8 2.7953012
1583 13 2.1732795
1583 20 3.1933956
1583 24 2.000621
1585 1 3.1720722
1585 4 2.6794758
1585 5 2.5789704
1585 9 3.5150757
1585 34 2.112227
1595 13 2.0511382
1595 15 2.3575664
1595 16 2.8779848
1595 25 1.7945442
1595 38 3.3592858
1598 2 3.331316
1598 7 3.5764954
1598 10 3.6200333
1598 19 2.3271465
1598 50 2.7947845
1607 1 3.2879584
1607 7 3.108054
1607 9 3.4331603
1607 16 3.0546193
1607 39 2.6625996
1608 1 2.9980865
1608 7 2.7704518
1608 10 3.0781262
1608 20 3.2625463
1608 35 2.4284458
1609 3 3.2714627
1609 17 2.160313
1609 18 2.02821
1609 44 3.1249504
1609 65 2.029463
1610 1 3.1131747
1610 9 3.032331
1610 10 2.9197335
1610 17 1.9861028
1610 46 2.6899602
1614 2 2.8663456
1614 8 2.4846828
1614 12 2.8900588
1614 16 2.8143132
1614 61 1.8905638
1624 3 3.5774786
1624 15 2.8134797
1624 18 2.2981796
1624 24 2.1151276
1624 45 2.9460323
1635 2 2.7201157
1635 11 3.0289629
1635 14 2.5863562
1635 21 3.083236
1635 27 2.9836323
1637 1 3.4489722
1637 6 3.1440308
1637 11 3.715094
1637 14 3.4430873
1637 40 2.7290556
1642 7 2.7297049
1642 10 3.0429573
1642 14 2.6876645
1642 18 1.654733
1642 45 2.4906254
1648 6 2.4613957
1648 12 3.1297839
1648 14 2.712913
1648 17 2.184666
1648 39 1.9467591
1651 1 3.1030293
1651 9 3.4727023
1651 11 3.0654225
1651 23 2.9659715
1651 65 2.16727
1667 8 2.4713306
1667 13 1.8745115
1667 18 1.4233516
1667 22 2.4823472
1667 45 2.3765233
1670 3 3.028433
1670 16 2.8061492
1670 18 1.5995212
1670 24 1.871823
1670 71 2.211062
1677 4 2.7699304
1677 11 2.8040795
1677 12 3.048258
1677 25 2.2328389
1677 50 1.8963864
1685 2 3.5380025
1685 5 2.9127543
1685 6 2.4866383
1685 15 3.0000832
1685 34 2.6675534
1706 5 2.5462031
1706 17 2.1493764
1706 21 3.0540173
1706 26 2.537615
1706 44 3.1139421
1707 1 3.5428586
1707 13 2.47087
1707 15 2.6912928
1707 23 3.3234937
1707 52 2.4956348
1710 1 3.1796885
1710 10 3.3749378
1710 15 2.587888
1710 19 2.372219
1710 32 2.7767668
1717 2 3.0537207
1717 7 3.034113
1717 9 3.4707444
1717 20 3.4166317
1717 51 2.6323564
1718 1 3.4106743
1718 8 2.956607
1718 9 2.7690384
1718 21 2.838995
1718 45 2.4867053
1719 4 3.1569355
1719 11 3.493144
1719 13 2.6788409
1719 20 3.7764812
1719 43 2.4202151
1720 3 3.5346642
1720 6 2.791092
1720 9 3.9166555
1720 21 3.6154141
1720 48 3.5765967
1722 2 3.0642025
1722 7 2.7904754
1722 10 2.9418285
1722 18 1.7760875
1722 43 1.803422
1725 6 3.1514869
1725 21 3.3320544
1725 25 2.6738093
1725 34 2.7469344
1725 60 2.2662194
1727 8 3.0326607
1727 19 2.530727
1727 23 3.5556898
1727 31 2.334601
1727 55 2.7182002
1739 4 2.3504157
1739 9 3.1690395
1739 20 3.3269248
1739 28 2.3547986
1739 44 2.694303
1744 4 2.970892
1744 14 2.8192997
1744 16 2.9672933
1744 30 2.308313
1744 53 2.090642
1751 6 2.5161767
1751 8 2.9186106
1751 15 2.6396396
1751 21 2.8148618
1751 44 3.0626354
1752 3 3.4738245
1752 22 3.0496955
1752 25 2.128634
1752 32 2.8459864
1752 52 2.4475975
1754 7 3.0092294
1754 11 3.35327
1754 13 2.221164
1754 15 2.6897771
1754 31 2.2674205
1760 1 3.23122
1760 6 2.9606345
1760 7 2.8462098
1760 22 3.0929854
1760 47 2.7303107
1763 2 3.0613275
1763 8 2.977076
1763 12 3.249571
1763 20 3.7889247
1763 43 2.442023
1768 1 3.2092445
1768 8 2.8870122
1768 13 2.3518505
1768 24 2.5125005
1768 34 2.5137668
1787 1 2.8214848
1787 9 3.116509
1787 11 2.683585
1787 42 2.7127583
1787 77 2.722382
1790 9 3.5322163
1790 15 2.6600058
1790 16 3.0712054
1790 31 2.2309172
1790 41 2.3005412
1794 6 3.0123134
1794 20 3.7153497
1794 21 3.3123527
1794 35 3.0099494
1794 56 2.5479143
1796 4 2.8847075
1796 14 3.0266633
1796 17 1.9819393
1796 27 3.1788943
1796 68 2.3480804
1804 1 3.6216855
1804 8 3.2784848
1804 17 2.6874118
1804 46 3.1645126
1804 66 3.1025543
1810 2 2.730615
1810 11 2.7255108
1810 18 1.7220362
1810 39 1.7296233
1810 58 2.468676
1815 4 2.6237652
1815 14 2.7773666
1815 18 1.7627813
1815 23 2.954158
1815 37 2.4656146
1816 4 3.1463284
1816 13 2.5197427
1816 15 2.723146
1816 29 2.2148018
1816 47 2.4583287
1819 2 2.7722602
1819 5 2.6001165
1819 12 2.6311586
1819 27 2.6766663
1819 41 1.7636421
1822 1 3.1331892
1822 3 3.2725365
1822 4 2.6663842
1822 16 2.9359527
1822 44 2.988916
1829 1 3.1921546
1829 7 3.236084
1829 8 3.0341406
1829 12 3.211973
1829 39 2.3798711
1835 2 2.9859858
1835 9 3.4108207
1835 12 2.9826486
1835 18 1.5992954
1835 39 2.0735428
1837 4 2.5795496
1837 8 2.6392832
1837 20 3.4411216
1837 23 2.9359033
1837 51 2.6416416
1838 1 3.5277817
1838 4 3.0712957
1838 17 2.4597251
1838 36 2.6735904
1838 43 2.274332
1841 3 3.7850327
1841 11 3.3186975
1841 15 3.0951035
1841 22 3.3757021
1841 62 3.8149228
1847 5 1.9840953
1847 15 2.0370283
1847 16 2.7419412
1847 26 2.055082
1847 49 1.9258091
1850 5 2.0879438
1850 10 2.940638
1850 12 2.9220147
1850 24 1.9393476
1850 68 1.9418675
1856 2 2.6359456
1856 5 1.878046
1856 6 2.8387527
1856 18 1.6700172
1856 49 2.1928995
1857 1 3.1551383
1857 11 2.9180436
1857 12 3.0752866
1857 21 3.0819044
1857 46 2.585971
1860 1 2.958552
1860 10 2.9601812
1860 11 2.708583
1860 14 2.7089436
1860 26 2.833003
1861 12 3.2109475
1861 19 2.2056675
1861 23 3.2437615
1861 39 2.28244
1861 78 1.6107736
1873 2 3.2128224
1873 11 3.0846703
1873 15 2.9712508
1873 25 2.087785
1873 38 3.6544142
1879 4 2.651153
1879 9 3.5265326
1879 10 2.874688
1879 36 2.4480987
1879 43 1.9601083
1880 1 3.459963
1880 9 3.4497504
1880 17 2.1612918
1880 44 3.2216294
1880 65 2.0750594
1885 1 3.3515065
1885 6 3.234561
1885 10 3.4136019
1885 31 2.5306103
1885 51 2.7816105
1891 3 3.4874685
1891 8 2.7078643
1891 11 3.3661382
1891 18 2.1126795
1891 29 2.124318
1892 4 2.6158524
1892 8 2.6177173
1892 13 2.4406838
1892 26 2.7708614
1892 32 2.8360379
1895 2 3.6415699
1895 18 2.2415755
1895 19 2.5751903
1895 32 3.1562839
1895 69 2.8073325
1898 1 3.3923147
1898 6 2.4774895
1898 13 2.0902863
1898 26 2.9643211
1898 46 2.7703924
1903 2 2.8739538
1903 10 3.392632
1903 12 3.0090544
1903 27 3.1516905
1903 47 2.3096082
1907 14 3.037041
1907 18 1.8533547
1907 29 1.974551
1907 35 2.9172933
1907 52 2.0712306
1908 1 3.112144
1908 9 3.4565527
1908 12 2.9429536
1908 15 2.5140688
1908 36 2.0119448
1912 7 2.8466902
1912 11 2.9176123
1912 20 3.4042227
1912 31 2.1697452
1912 60 1.7765546
1914 1 3.1258538
1914 10 3.3936334
1914 11 3.0645728
1914 17 2.4114327
1914 41 2.3157384
1916 8 3.0653908
1916 12 3.144764
1916 22 2.650591
1916 31 2.296965
1916 50 1.8915287
1918 1 3.177174
1918 10 3.1936753
1918 13 2.0857058
1918 24 2.2501798
1918 45 2.700127
1925 7 3.0756667
1925 13 2.4789248
1925 14 3.0026326
1925 18 1.809791
1925 42 3.3682365
1931 4 2.4255986
1931 18 1.069566
1931 22 2.2437637
1931 47 1.9739078
1931 89 2.7154477
1938 1 3.3222103
1938 4 3.0876875
1938 9 3.6467102
1938 13 2.4718533
1938 36 2.176122
1945 3 3.6545088
1945 11 3.481398
1945 12 3.230711
1945 40 2.546507
1945 54 3.4019513
1946 2 2.9550447
1946 6 2.3266041
1946 10 2.9952865
1946 15 2.493043
1946 33 2.191259
1948 12 3.4089289
1948 25 2.024773
1948 27 3.0612304
1948 39 2.0826755
1948 70 2.2658029
1959 10 3.2677598
1959 19 2.2344546
1959 22 2.9670584
1959 35 2.5781748
1959 78 1.952434
1969 3 3.258587
1969 7 3.163956
1969 8 2.8177567
1969 19 2.46814
1969 34 2.058329
1972 6 2.5494642
1972 13 2.3546183
1972 14 3.2566373
1972 22 2.891281
1972 33 2.4718637
1976 3 3.5366092
1976 10 3.4066577
1976 25 1.646487
1976 28 2.75033
1976 39 1.8990078
1978 1 3.2814665
1978 4 2.9254
1978 12 3.234681
1978 24 2.591845
1978 34 2.272126
1982 1 3.285805
1982 10 3.1220992
1982 15 2.558755
1982 31 2.2878568
1982 57 1.810164
1983 1 3.6026878
1983 12 3.379125
1983 17 2.5456274
1983 20 3.8552268
1983 53 2.6328669
1989 2 2.939926
1989 9 3.3841693
1989 17 2.0591414
1989 22 2.6924834
1989 51 2.3121722
2003 3 3.334426
2003 8 2.6454592
2003 10 3.557634
2003 14 2.885197
2003 36 2.2352502
2006 1 3.626719
2006 11 3.4649763
2006 17 2.692445
2006 23 3.6107733
2006 88 2.688116
2011 2 2.5465186
2011 16 2.6552935
2011 21 2.68612
2011 29 1.2720417
2011 40 1.8379277
2014 3 3.3189962
2014 8 2.869113
2014 11 3.3923903
2014 18 2.181504
2014 29 2.2720194
2024 5 2.6157255
2024 11 3.3421292
2024 12 3.439608
2024 24 2.6175687
2024 49 2.6395297
2027 7 2.3640056
2027 20 3.2269144
2027 23 2.5435417
2027 30 1.998127
2027 54 2.8657744
2031 6 2.7793133
2031 11 3.0562274
2031 13 2.291022
2031 20 3.3682885
2031 49 2.7820425
2032 1 3.7076359
2032 8 3.2502666
2032 9 3.7723355
2032 31 2.8743358
2032 59 2.8298025
2044 4 2.5290549
2044 11 3.1797905
2044 20 3.4879117
2044 31 2.2352526
2044 74 2.7068481
2055 2 2.7644606
2055 11 2.8791144
2055 18 1.9469326
2055 23 3.0719967
2055 33 2.4310982
2058 3 3.5358152
2058 9 3.6007042
2058 10 3.2054024
2058 23 3.3284333
2058 44 3.1614134
2062 6 2.07651
2062 33 2.005871
2062 35 2.173379
2062 48 2.6348236
2062 58 2.255963
2067 1 2.8558097
2067 5 2.128725
2067 10 3.018854
2067 23 2.9068391
2067 54 3.063223
2069 6 2.999433
2069 13 2.6043768
2069 24 2.523647
2069 47 2.7289371
2069 71 2.9437249
2073 5 3.0961301
2073 8 2.9752972
2073 14 3.2188659
2073 23 3.2197745
2073 43 2.1199107
2080 1 3.1037292
2080 5 2.7589793
2080 7 2.9927135
2080 12 2.9699612
2080 34 2.2912598
2081 3 3.4023728
2081 7 3.2260454
2081 9 3.768539
2081 14 3.645071
2081 36 2.5966027
2082 1 3.275758
2082 13 2.3882325
2082 15 2.4991782
2082 38 3.3985002
2082 67 2.2338347
2085 2 3.3521667
2085 7 3.19879
2085 8 3.0662265
2085 18 2.080965
2085 45 2.908005
2087 1 3.2212834
2087 4 3.0878243
2087 5 2.4464786
2087 13 2.3526287
2087 44 2.9957678
2092 13 2.0768027
2092 17 2.104866
2092 32 2.6772907
2092 34 1.9515239
2092 47 2.3569713
2093 1 2.925238
2093 8 3.091822
2093 9 3.6460335
2093 15 2.5760157
2093 31 2.4959176
2099 2 3.210469
2099 11 3.0434923
2099 15 2.6070085
2099 26 3.003257
2099 51 2.465088
2100 2 3.5978358
2100 15 2.7883384
2100 27 3.3362174
2100 32 3.0001202
2100 58 2.8475032
2105 5 2.2733068
2105 9 3.4430308
2105 10 3.1516516
2105 17 1.9719163
2105 33 2.3998067
2106 1 3.1589258
2106 8 2.8900785
2106 10 3.2524624
2106 25 2.0795333
2106 49 2.350159
2108 6 2.6102602
2108 8 2.7075453
2108 9 3.4939146
2108 20 3.3500214
2108 60 1.9315252
2122 11 2.6725447
2122 15 2.6102707
2122 18 1.9055654
2122 44 2.9170277
2122 50 1.70211
2124 1 3.2173078
2124 3 3.3027768
2124 8 2.8310068
2124 13 2.4256513
2124 49 2.234838
2126 5 3.02305
2126 8 2.8119988
2126 11 3.4932618
2126 14 3.2499132
2126 31 2.3224533
2127 1 3.1313062
2127 4 2.8977532
2127 6 2.7203412
2127 24 2.3078947
2127 85 2.6302946
2129 2 3.0265517
2129 6 3.1025696
2129 10 3.5556214
2129 18 2.051314
2129 29 2.4293602
2132 1 3.330177
2132 5 2.8563132
2132 9 3.5474095
2132 21 3.6098409
2132 41 2.0007572
2139 6 2.5716867
2139 15 2.3870058
2139 20 3.5337026
2139 32 2.6432147
2139 50 1.925669
2144 10 3.0885625
2144 19 2.0312688
2144 22 2.225074
2144 27 2.970144
2144 51 2.3731728
2148 1 3.129163
2148 8 2.9850976
2148 15 2.6575422
2148 22 2.8247948
2148 45 2.7740183
2159 4 2.8656356
2159 18 1.9877014
2159 27 3.2458014
2159 31 2.4011807
2159 53 1.9600266
2163 2 3.0720415
2163 5 2.2744756
2163 8 3.1599145
2163 19 2.340906
2163 50 1.8838615
2168 2 3.4819963
2168 4 3.3564992
2168 7 3.3963847
2168 18 2.4331596
2168 69 2.7173336
2179 9 3.679309
2179 14 3.2263296
2179 16 3.3980973
2179 25 2.493942
2179 41 2.455553
2182 2 3.4236588
2182 4 3.0896013
2182 6 2.8476264
2182 28 3.1678066
2182 38 3.7841947
2199 11 2.8207812
2199 18 1.8159688
2199 22 2.637377
2199 32 2.6545336
2199 42 3.0444646
2208 1 3.3699937
2208 13 2.4889197
2208 14 3.3267272
2208 31 2.5534124
2208 47 2.7946584
2218 5 2.7541616
2218 7 3.0743423
2218 10 3.3254435
2218 17 2.0858798
2218 41 1.9188063
2222 1 3.1348894
2222 15 2.0607684
2222 16 2.9401126
2222 33 1.953535
2222 65 1.8248862
2224 1 3.500788
2224 6 2.5127866
2224 7 2.953607
2224 20 3.5520651
2224 43 2.165507
2226 2 2.8242517
2226 14 2.6368067
2226 17 1.8616471
2226 23 2.750998
2226 74 2.708756
2227 3 3.4260626
2227 7 2.8650963
2227 13 2.2337298
2227 22 2.9842775
2227 53 2.0672925
2234 1 3.3102057
2234 10 3.2527213
2234 13 2.5237846
2234 25 2.1174955
2234 52 2.3357127
2235 1 3.170404
2235 15 3.034303
2235 18 2.0460994
2235 40 2.4830482
2235 59 2.5130877
2238 9 3.506716
2238 14 3.0728877
2238 22 2.9166093
2238 30 2.5058484
2238 48 3.331675
2242 1 3.3647468
2242 3 3.6605039
2242 6 3.1914852
2242 9 3.9709673
2242 22 2.8253322
2244 1 2.7145205
2244 12 2.6199002
2244 16 3.134479
2244 21 2.7373743
2244 46 2.6514196
2247 3 3.3382
2247 21 3.1425552
2247 23 3.3235338
2247 28 3.0399806
2247 39 2.3268948
2263 1 3.3471313
2263 3 3.4174225
2263 5 2.8941724
2263 10 3.4735405
2263 32 3.135182
2265 3 3.2373824
2265 12 3.0439212
2265 13 2.621077
2265 18 2.1485937
2265 36 2.5274997
2268 4 3.0839221
2268 6 2.8488257
2268 7 3.2921674
2268 25 2.3928635
2268 70 2.0454447
2269 1 3.395254
2269 3 3.6629791
2269 5 2.8341737
2269 18 2.396032
2269 29 2.1967444
2270 1 3.3432379
2270 7 2.708157
2270 11 3.1856294
2270 20 3.2980435
2270 43 1.9204239
2272 4 2.7815769
2272 11 2.6113584
2272 13 1.9638731
2272 21 2.7056801
2272 38 3.2480288
2276 3 2.9073527
2276 10 2.8848298
2276 14 2.7142704
2276 23 2.748329
2276 58 2.6513166
2279 4 3.3628802
2279 13 3.1326945
2279 14 2.9818993
2279 16 3.2470536
2279 28 3.101941
2292 2 2.8800323
2292 4 2.793787
2292 11 2.979142
2292 29 1.6768297
2292 57 1.5759255
2297 1 3.043446
2297 8 2.7909007
2297 13 2.2301087
2297 17 1.9850116
2297 28 3.0893788
2299 5 2.7415445
2299 7 3.0756743
2299 14 3.2419798
2299 25 2.020716
2299 39 2.3018696
2305 1 3.4176006
2305 9 3.564037
2305 10 3.62445
2305 23 3.038189
2305 31 2.3256729
2306 2 2.9843209
2306 5 2.400338
2306 8 2.696387
2306 14 3.1202786
2306 52 1.9463937
2308 1 3.1440663
2308 9 3.319202
2308 12 3.204698
2308 28 2.8247137
2308 35 2.2097802
2314 3 3.441135
2314 18 1.8325984
2314 35 2.4919667
2314 44 2.8996475
2314 59 1.9217458
2315 1 2.3941774
2315 12 2.3818514
2315 16 2.2927775
2315 21 2.4756083
2315 64 1.5979222
2324 6 2.7175999
2324 12 3.404755
2324 20 3.5756843
2324 36 2.1211107
2324 64 2.1624658
2327 1 3.2307625
2327 6 2.7730012
2327 11 3.0092182
2327 14 2.9722822
2327 77 2.8857503
2330 1 3.4678783
2330 3 3.5794399
2330 4 3.1580837
2330 16 3.5457015
2330 51 2.907525
2335 1 3.1658993
2335 11 2.8933868
2335 14 3.2511601
2335 23 3.1900735
2335 54 3.1934907
2336 1 3.2920609
2336 13 2.4707646
2336 14 2.6943433
2336 22 2.6083946
2336 74 2.765926
2348 2 2.7251463
2348 23 3.228444
2348 29 1.9289229
2348 31 2.4389927
2348 64 2.2907107
2350 3 3.349972
2350 6 2.4880006
2350 13 2.6683302
2350 17 2.4882576
2350 32 2.7965796
2351 3 3.3491886
2351 11 3.0262702
2351 14 2.8134873
2351 20 3.3697705
2351 47 2.67613
2354 24 2.4135146
2354 31 2.2742019
2354 36 2.2623267
2354 41 2.184703
2354 70 1.8098934
2361 9 3.3954825
2361 12 3.2253346
2361 15 2.5646412
2361 17 2.284816
2361 43 2.28094
2367 8 2.489281
2367 20 3.245801
2367 21 2.820537
2367 26 2.383538
2367 51 2.0938005
2369 1 3.1167784
2369 4 2.918302
2369 14 2.5088995
2369 25 2.2232401
2369 48 3.3381674
2388 1 2.9309769
2388 11 2.827056
2388 16 3.2331135
2388 19 2.0609462
2388 89 2.8960092
2396 3 2.8299463
2396 13 1.6508772
2396 14 2.219031
2396 21 2.627114
2396 35 2.0350535
2398 4 2.7452893
2398 10 3.2044513
2398 12 2.782505
2398 17 2.298302
2398 65 2.1679828
2403 1 3.172154
2403 9 3.7742443
2403 12 3.3032577
2403 17 2.3168116
2403 46 2.7743301
2407 6 2.539789
2407 17 1.9845445
2407 23 3.1728132
2407 31 2.215463
2407 54 3.048474
2408 3 3.7463272
2408 6 2.7856052
2408 12 3.523953
2408 16 3.2574716
2408 63 2.822504
2410 1 3.7852569
2410 12 3.1658716
2410 19 2.3144093
2410 68 2.7645068
2410 88 2.565219
2412 4 2.3100069
2412 9 3.211666
2412 12 2.6045752
2412 32 2.3209448
2412 59 2.2418683
2413 6 2.860493
2413 23 3.3445737
2413 24 2.5542235
2413 34 1.9726977
2413 53 2.2069893
2417 4 3.0646503
2417 7 2.7133887
2417 8 2.8252108
2417 11 2.8323662
2417 46 2.7214334
2419 1 3.3016183
2419 20 3.5887012
2419 22 2.8829782
2419 28 2.8931391
2419 60 1.7714741
2443 2 2.7464623
2443 14 2.9871457
2443 16 3.0543602
2443 22 2.3373933
2443 34 2.0940151
2452 4 3.0814354
2452 8 3.0924885
2452 17 2.174512
2452 30 2.4859982
2452 45 2.534783
2454 1 3.2367892
2454 9 3.3670576
2454 16 3.0696402
2454 28 2.4652636
2454 67 2.138539
2458 1 3.3675768
2458 6 3.0743175
2458 13 2.3673291
2458 26 2.9440062
2458 41 2.4735065
2460 1 3.2145765
2460 14 2.8427446
2460 16 3.0668325
2460 39 2.5254326
2460 57 1.944148
2466 2 3.293956
2466 13 2.69314
2466 19 2.5574138
2466 29 2.2242057
2466 62 3.5148783
2473 5 2.1230996
2473 8 2.8237178
2473 9 3.3941915
2473 24 2.4005759
2473 51 2.4185843
2476 6 3.03226
2476 13 2.6393526
2476 16 3.5077655
2476 32 3.295793
2476 70 1.8973014
2477 5 2.811531
2477 17 2.1090374
2477 21 2.8567002
2477 25 1.8426613
2477 79 2.0649722
2478 4 3.424411
2478 9 3.9145324
2478 12 3.6058435
2478 14 3.480704
2478 42 3.5813992
2490 2 3.2449846
2490 11 2.9674854
2490 16 3.036777
2490 31 2.2351024
2490 46 2.8268943
2493 5 2.936908
2493 10 3.31966
2493 15 2.576569
2493 19 2.624374
2493 58 2.793711
2495 1 3.114425
2495 6 2.4496603
2495 8 3.0764344
2495 16 3.332054
2495 65 2.1521013
2496 2 3.1825585
2496 8 3.1597667
2496 9 3.4438756
2496 19 2.404365
2496 64 2.5357118
2505 2 3.0834556
2505 6 2.3773081
2505 9 3.4459472
2505 21 3.1325822
2505 76 2.136926
2510 1 3.4911988
2510 20 3.2137327
2510 21 2.9251924
2510 30 2.5061164
2510 61 2.1145706
2511 2 3.072346
2511 6 2.1090024
2511 8 2.6485987
2511 19 2.3178935
2511 39 2.469177
2522 12 3.2224817
2522 17 2.4318504
2522 22 2.7698693
2522 32 2.83198
2522 61 2.2703333
2523 1 3.7306526
2523 12 3.3930113
2523 16 3.5454116
2523 44 3.3211272
2523 77 3.4960797
2524 6 2.735796
2524 12 3.0418196
2524 14 2.7141147
2524 19 2.10139
2524 42 2.799931
2529 2 2.91868
2529 8 2.6607459
2529 11 2.9205973
2529 32 2.921481
2529 64 2.4857757
2535 1 3.0168028
2535 11 3.1697092
2535 12 2.9420285
2535 23 2.945343
2535 47 2.6260622
2536 8 2.9119656
2536 15 2.8580897
2536 16 3.1136112
2536 24 2.0109377
2536 44 2.8502934
2537 1 2.9194589
2537 4 2.8927732
2537 7 3.243999
2537 12 3.1199172
2537 27 3.4448438
2547 2 2.8703604
2547 6 2.9099379
2547 16 2.842251
2547 19 2.2337914
2547 38 3.0526767
2553 1 3.3318636
2553 6 2.729611
2553 7 3.3757777
2553 21 3.1359015
2553 31 2.422236
2557 3 3.521396
2557 8 3.0386744
2557 20 3.720979
2557 24 2.6507382
2557 44 3.0306206
2563 6 2.8959432
2563 8 3.1762183
2563 10 3.3590114
2563 20 3.4623067
2563 78 1.9205688
2569 8 3.2777998
2569 17 2.4440827
2569 18 2.3929965
2569 26 2.9849443
2569 35 3.135551
2572 3 3.0487006
2572 11 2.4449077
2572 13 1.7800325
2572 25 1.6231884
2572 89 2.2010772
2573 3 3.8330846
2573 20 3.599948
2573 28 3.0485644
2573 38 3.4973402
2573 69 2.2716596
2578 2 2.9569898
2578 10 3.0060282
2578 20 3.2778141
2578 35 2.5713432
2578 46 2.4492645
2579 2 3.3924499
2579 12 3.5000255
2579 17 2.3880785
2579 30 2.4443185
2579 61 1.9771281
2590 5 2.9175525
2590 7 3.0568948
2590 9 3.5536115
2590 30 2.4056282
2590 94 2.2966545
2598 4 3.1270676
2598 11 3.0462983
2598 19 2.3365622
2598 51 2.5973482
2598 71 2.2656786
2599 3 3.0777087
2599 10 3.2780824
2599 11 2.8778172
2599 17 2.1925638
2599 76 1.9484975
2606 5 2.59724
2606 13 2.3163166
2606 15 2.5752978
2606 24 2.298495
2606 72 2.7357655
2617 2 3.3959115
2617 5 3.0013108
2617 7 3.237202
2617 15 3.0003283
2617 38 3.700937
2618 5 3.017161
2618 20 3.50616
2618 22 3.1628902
2618 27 3.1578183
2618 44 3.1590395
2622 4 1.9280015
2622 10 2.600266
2622 12 2.393314
2622 42 2.336363
2622 62 2.7527142
2628 3 3.526912
2628 8 2.926979
2628 9 3.823538
2628 14 3.105135
2628 42 3.426845
2632 1 3.243797
2632 3 3.4356334
2632 13 2.111903
2632 29 2.0558305
2632 72 2.781643
2635 2 2.8569212
2635 6 2.6176443
2635 9 3.3494933
2635 18 1.5763146
2635 31 2.241326
2639 1 3.4118767
2639 4 3.1906862
2639 5 2.703841
2639 19 2.6239796
2639 62 3.5154517
2640 3 3.598933
2640 11 3.2930002
2640 14 3.509149
2640 30 2.775313
2640 67 2.7327983
2643 5 2.969914
2643 12 3.4587197
2643 15 3.1124043
2643 20 3.944563
2643 28 3.184773
2648 6 2.4599402
2648 11 2.6828876
2648 12 2.914636
2648 38 3.2578676
2648 59 2.1777444
2651 3 3.366568
2651 12 3.1263678
2651 13 2.149686
2651 43 1.998325
2651 95 1.9826338
2652 1 2.9672883
2652 4 2.6211746
2652 6 2.5886328
2652 9 3.4463234
2652 48 3.0432122
2654 6 2.8334634
2654 13 2.22354
2654 16 3.3605413
2654 23 3.546305
2654 46 3.0431962
2660 2 2.68652
2660 10 3.2897375
2660 11 3.405432
2660 20 3.362296
2660 67 2.4172795
2663 2 3.187537
2663 7 2.9964464
2663 8 2.9917014
2663 22 3.0387573
2663 72 2.968258
2665 5 2.3676474
2665 14 2.7847908
2665 25 1.9434242
2665 27 3.1006792
2665 83 2.283485
2668 2 3.1319098
2668 7 3.097023
2668 10 3.0686827
2668 18 2.1467204
2668 31 2.181245
2669 1 2.8549159
2669 8 2.7910733
2669 9 3.133031
2669 24 2.0435884
2669 42 2.6110837
2672 6 2.8306863
2672 13 2.4828303
2672 15 2.808807
2672 22 2.982005
2672 68 2.660684
2679 7 2.9156203
2679 19 2.0032668
2679 20 3.402627
2679 26 2.3726146
2679 46 2.403247
2685 2 3.4916036
2685 20 3.8980865
2685 35 3.063986
2685 43 2.5739827
2685 48 3.681187
2691 4 2.5413475
2691 10 3.2431512
2691 12 2.8208346
2691 22 2.7037616
2691 48 3.2412717
2695 3 2.981199
2695 12 2.6012526
2695 15 2.1148264
2695 18 1.6846416
2695 75 2.0862303
2696 2 2.9099665
2696 13 2.0610962
2696 17 2.0096254
2696 26 2.8288789
2696 55 2.4050984
2698 2 2.7862768
2698 16 2.912792
2698 18 1.628282
2698 29 1.8061528
2698 55 2.3750155
2701 3 3.4307945
2701 12 3.0983567
2701 15 2.4987736
2701 29 1.5499905
2701 59 2.1559043
2702 2 3.387418
2702 20 3.3706822
2702 25 2.120042
2702 39 2.5594957
2702 45 2.9088283
2703 3 3.1532612
2703 6 2.948868
2703 13 2.3108106
2703 31 2.1766446
2703 51 2.6250408
2707 3 3.5744367
2707 13 2.3880484
2707 22 2.832954
2707 30 2.5103798
2707 65 2.4987216
2708 2 3.3402653
2708 9 3.7655783
2708 11 3.2788641
2708 26 2.8886385
2708 31 2.422545
2709 1 3.1985557
2709 6 2.8713164
2709 13 2.9093893
2709 18 2.0481818
2709 45 2.7032986
2710 10 3.311826
2710 14 3.1863492
2710 15 2.8809469
2710 19 2.6085205
2710 35 3.000435
2712 9 3.6675637
2712 19 2.3272614
2712 20 3.8162892
2712 24 2.5571945
2712 29 2.3154485
2722 5 2.7721913
2722 8 2.8787925
2722 9 3.7131903
2722 16 3.380041
2722 35 2.690354
2732 1 2.7774684
2732 22 2.4134045
2732 27 2.6485586
2732 33 2.0145454
2732 42 2.7058444
2739 7 3.1291013
2739 13 2.5857873
2739 14 2.999039
2739 31 2.1761312
2739 43 2.4254649
2748 2 3.398193
2748 11 3.4161825
2748 17 2.3271625
2748 20 3.511651
2748 47 2.844918
2750 1 3.2568402
2750 10 3.267402
2750 11 3.1806958
2750 16 3.207933
2750 86 1.7268786
2751 5 2.6103294
2751 19 2.565408
2751 20 3.8137562
2751 32 3.2386475
2751 57 2.1340792
2752 4 2.7026396
2752 10 3.3431091
2752 11 2.9637122
2752 29 2.0392601
2752 46 2.9341593
2758 6 3.1740923
2758 11 3.2379696
2758 23 3.3606796
2758 31 2.711271
2758 67 2.627508
2761 9 3.6356902
2761 13 2.499673
2761 15 2.7296426
2761 32 2.837563
2761 41 2.2536442
2764 3 3.5353851
2764 16 3.1508827
2764 17 2.3292835
2764 46 2.6084113
2764 69 1.7278636
2769 5 2.836234
2769 7 3.115318
2769 8 2.7978227
2769 17 2.2594655
2769 41 1.8259594
2779 5 2.2835746
2779 20 3.5886323
2779 21 2.8937807
2779 30 2.5905535
2779 61 2.0636127
2780 5 2.0505881
2780 14 2.7623258
2780 19 2.1288779
2780 23 2.9652076
2780 28 2.550462
2784 1 3.2579606
2784 7 2.2431645
2784 8 2.9138398
2784 13 2.2098095
2784 42 2.913527
2785 1 2.9841938
2785 4 2.7221124
2785 11 2.8022947
2785 24 2.0163107
2785 51 2.4862473
2790 7 2.7899218
2790 15 2.233636
2790 17 2.2203145
2790 38 3.6109126
2790 86 2.4437451
2795 1 2.9907365
2795 9 3.5477812
2795 14 3.0927777
2795 43 1.9757938
2795 66 2.6239872
2802 3 3.3354888
2802 14 2.8120322
2802 18 1.6233827
2802 39 2.0719786
2802 54 2.8273942
2807 2 3.1044137
2807 11 3.1891186
2807 12 3.240049
2807 19 2.75532
2807 33 2.6017733
2810 3 2.4289305
2810 6 1.8170619
2810 8 1.9422119
2810 16 2.2240505
2810 22 1.917907
2819 2 2.2760398
2819 6 2.0443945
2819 9 2.800913
2819 20 3.054016
2819 65 1.5334568
2821 3 3.3046286
2821 7 3.1870213
2821 8 2.7173636
2821 10 3.6139903
2821 26 2.827387
2826 1 3.6083121
2826 7 3.3806775
2826 8 3.2651114
2826 10 3.6883519
2826 72 3.1896186
2835 5 2.4312341
2835 9 3.5365877
2835 10 3.4693823
2835 17 2.4149861
2835 20 3.60368
2841 1 3.7200968
2841 8 2.7630255
2841 9 3.9552205
2841 27 3.4278429
2841 65 2.5352876
2858 3 3.5196333
2858 9 3.7214026
2858 11 3.2058325
2858 16 3.119464
2858 25 2.193015
2862 3 3.4509356
2862 8 2.7415304
2862 9 3.4533935
2862 22 3.035647
2862 46 2.8908393
2871 4 2.8653247
2871 9 3.2955372
2871 13 2.2534952
2871 22 3.1682851
2871 72 3.4342132
2872 2 3.0456576
2872 13 2.3374887
2872 17 2.1368816
2872 38 3.5684252
2872 71 2.6109867
2878 4 3.0483832
2878 7 3.1867068
2878 10 3.3876
2878 40 2.2970273
2878 59 2.2853847
2880 4 2.3803713
2880 17 2.3097992
2880 20 3.3870695
2880 34 1.8972666
2880 48 3.1156995
2888 2 2.5119407
2888 4 2.6168542
2888 11 2.4517417
2888 18 1.3726636
2888 32 2.4501328
2894 7 2.4234211
2894 13 2.0716376
2894 16 2.7262747
2894 23 2.8124306
2894 39 1.6151596
2898 2 3.0367763
2898 9 3.7268019
2898 13 2.510198
2898 25 2.2458112
2898 44 3.3645508
2899 1 3.1652658
2899 5 2.6266356
2899 12 3.036084
2899 24 2.3447928
2899 66 2.787149
2907 2 3.0551152
2907 15 2.562823
2907 20 3.4825082
2907 26 2.7859747
2907 66 2.7381916
2910 1 3.19747
2910 7 3.2184453
2910 9 3.6984503
2910 22 2.715834
2910 36 2.5141385
2912 2 3.24323
2912 9 3.9370694
2912 10 3.5629294
2912 43 2.2385356
2912 82 5.0
2917 3 3.5248294
2917 15 2.820383
2917 20 3.6462712
2917 25 2.1347153
2917 71 2.0198874
2918 4 2.962575
2918 15 2.9643323
2918 16 3.483417
2918 30 2.6168513
2918 61 2.232226
2922 1 2.511547
2922 15 1.891748
2922 16 1.6169436
2922 21 2.3982735
2922 31 1.6896911
2925 15 2.8198738
2925 33 2.5072563
2925 44 3.055405
2925 48 3.2253158
2925 63 2.434484
2928 1 3.0961025
2928 18 1.694873
2928 20 3.2633436
2928 32 2.4460037
2928 51 2.4837756
2930 2 2.9714952
2930 6 2.591539
2930 8 2.727984
2930 20 3.2289765
2930 49 2.372663
2934 2 2.8912714
2934 18 1.5238366
2934 19 2.233548
2934 24 2.0440576
2934 46 2.7576048
2938 1 2.9718125
2938 10 3.0188754
2938 11 2.853959
2938 18 1.559546
2938 72 2.5405283
2939 10 3.6545587
2939 15 3.0346186
2939 25 2.7038834
2939 46 2.9033966
2939 54 3.3856184
2951 2 3.3611877
2951 15 2.782093
2951 16 3.4787207
2951 30 2.7630847
2951 52 2.666494
2954 1 3.2910528
2954 9 3.412195
2954 19 2.251196
2954 26 2.8833725
2954 63 1.8868804
2959 6 2.8161416
2959 14 3.3225145
2959 17 2.373993
2959 21 3.2028682
2959 54 3.3375702
2960 2 2.8500514
2960 7 2.7875206
2960 8 2.6915443
2960 19 2.2722485
2960 36 2.208555
2962 2 3.4546292
2962 9 3.8192534
2962 10 3.676692
2962 19 2.8031986
2962 34 2.64929
2965 10 3.38767
2965 21 3.3884172
2965 23 3.0532699
2965 29 1.904582
2965 48 3.3601563
2974 2 3.0219057
2974 8 2.9226205
2974 9 3.3626456
2974 20 3.4286447
2974 41 2.11257
2976 1 3.0596604
2976 6 2.632089
2976 7 2.531343
2976 12 2.6568055
2976 32 2.538982
2977 1 3.0744357
2977 11 2.934688
2977 12 3.0985453
2977 27 3.369154
2977 68 2.2207878
2980 3 3.6510773
2980 11 2.872321
2980 12 3.1144938
2980 14 3.0448112
2980 65 2.2529414
2982 2 3.459487
2982 17 2.0144954
2982 18 2.1129603
2982 23 3.268616
2982 62 3.4815001
2988 8 2.5618021
2988 15 1.698804
2988 16 2.5538535
2988 25 1.1963668
2988 54 2.7744823
2990 7 2.9535022
2990 16 3.4057682
2990 23 3.3123066
2990 42 3.2582536
2990 64 2.6497922
2997 4 2.892597
2997 18 2.0511563
2997 19 2.7409968
2997 26 3.389841
2997 52 2.4060166
3008 7 2.2149897
3008 11 2.3710713
3008 13 1.438431
3008 24 1.3896325
3008 44 2.7063022
3014 5 3.013448
3014 9 3.881692
3014 21 3.5536299
3014 28 3.3635988
3014 59 2.923514
3023 1 3.2091155
3023 16 3.186309
3023 17 2.1218581
3023 32 2.6661925
3023 64 2.4219475
3026 1 3.4765456
3026 3 3.76775
3026 5 2.565989
3026 14 2.8656392
3026 25 1.991095
3028 5 2.163842
3028 12 2.8356595
3028 17 1.9303076
3028 21 2.6781678
3028 37 2.459178
3041 5 2.237376
3041 15 2.7626321
3041 16 2.688391
3041 24 1.6780868
3041 32 2.3846123
3045 4 3.229255
3045 16 3.2330568
3045 19 2.7604523
3045 37 3.0792677
3045 66 3.1896124
3055 2 3.0355444
3055 8 2.8200982
3055 10 3.4645019
3055 20 3.5642269
3055 50 2.0494626
3060 2 3.0736437
3060 4 2.7863219
3060 11 2.8701138
3060 13 2.0457191
3060 31 2.2169416
3061 2 2.7786205
3061 5 2.441082
3061 7 2.6997778
3061 19 2.2808099
3061 53 1.8795379
3065 1 3.2006912
3065 6 2.948874
3065 27 3.4959652
3065 33 2.8813422
3065 62 3.5376298
3066 7 3.454269
3066 15 2.7488506
3066 19 2.4655244
3066 24 2.409564
3066 54 3.4721441
3072 4 2.4953737
3072 21 2.9907148
3072 22 2.7427845
3072 34 1.8163725
3072 82 1.3032722
3073 3 3.2795875
3073 10 3.300436
3073 14 2.8928463
3073 19 2.6269562
3073 65 2.2247014
3075 6 2.491305
3075 11 2.4890928
3075 16 2.6292698
3075 19 1.854115
3075 48 2.8565502
3079 1 3.1947935
3079 6 2.8834562
3079 8 2.7793374
3079 27 3.1155994
3079 47 2.51528
3081 4 3.0116696
3081 7 2.295379
3081 15 2.6334796
3081 20 3.0720758
3081 29 2.011557
3082 1 2.7277992
3082 3 2.6205335
3082 7 2.3580317
3082 10 3.007624
3082 46 2.3866627
3084 1 2.9105158
3084 17 1.8959136
3084 27 2.8738215
3084 32 2.2921696
3084 62 2.6199677
3088 1 3.3741736
3088 4 3.201826
3088 5 2.524575
3088 20 3.489999
3088 45 2.6539648
3089 1 3.571393
3089 14 3.2883284
3089 15 3.2161534
3089 30 2.6499846
3089 53 2.4357517
3098 1 3.2967935
3098 3 3.4566324
3098 10 3.371386
3098 13 2.4244487
3098 36 2.342781
3107 5 2.8107257
3107 10 3.2988176
3107 12 3.0899153
3107 18 1.807066
3107 43 2.0510917
3108 1 3.2183714
3108 6 2.7432127
3108 9 3.4549181
3108 16 2.917193
3108 29 1.8681322
3109 1 2.7561655
3109 8 2.5082014
3109 9 3.2535093
3109 16 2.9079306
3109 40 2.3089764
3110 2 2.9276707
3110 6 2.5791624
3110 7 3.0072904
3110 13 1.9697332
3110 32 2.7244701
3112 1 3.140442
3112 4 3.347698
3112 11 2.8309877
3112 22 2.6126037
3112 31 2.231167
3115 4 3.0589573
3115 6 2.4539933
3115 7 2.9962656
3115 11 3.18556
3115 32 2.7148252
3119 7 3.6240213
3119 9 3.7882397
3119 15 3.3530984
3119 39 2.7868557
3119 64 2.6571922
3122 1 2.9995499
3122 9 3.5740025
3122 13 2.1459026
3122 21 2.998605
3122 61 1.9249514
3123 4 2.3600934
3123 7 2.68423
3123 14 2.7793984
3123 22 2.5116632
3123 53 1.796952
3133 1 2.932882
3133 6 2.2580247
3133 8 2.4634912
3133 16 2.9063509
3133 63 2.172561
3135 2 3.2662163
3135 16 2.9347894
3135 24 2.7788796
3135 30 2.1148639
3135 45 2.6388757
3142 1 3.5188835
3142 9 3.5303202
3142 12 3.3578992
3142 20 3.618592
3142 44 3.226759
3152 2 3.2934399
3152 7 3.1170259
3152 8 3.1170425
3152 20 3.7170553
3152 29 2.3045177
3158 2 3.1827192
3158 6 3.1578367
3158 9 3.7672458
3158 16 3.1734645
3158 81 2.792508
3159 7 2.9819198
3159 13 2.3724434
3159 15 2.8164122
3159 22 2.432715
3159 55 2.7152662
3160 3 3.5027635
3160 13 2.3417053
3160 16 3.343777
3160 25 2.145106
3160 54 3.15855
3164 1 3.36013
3164 11 3.2049196
3164 16 3.5421684
3164 25 2.4843554
3164 40 2.4078524
3171 5 2.6899505
3171 7 2.9352446
3171 10 3.391354
3171 19 2.4284012
3171 54 3.1351252
3174 7 2.502244
3174 16 3.2628317
3174 18 1.6778712
3174 31 2.3240106
3174 50 1.8350973
3180 7 2.6460593
3180 10 3.0484772
3180 12 2.5453513
3180 18 1.3073461
3180 61 1.5956032
3183 1 3.144439
3183 6 2.4932942
3183 8 2.8678517
3183 10 3.100496
3183 14 3.0025494
3184 5 2.8961275
3184 8 3.1985695
3184 9 3.7643714
3184 21 3.4363093
3184 47 2.9319017
3190 2 2.9461288
3190 7 2.7049825
3190 10 3.1149764
3190 14 2.856184
3190 80 3.0149102
3198 3 3.695166
3198 8 3.018224
3198 9 3.5866349
3198 19 2.407378
3198 47 2.8943584
3221 4 2.93276
3221 8 2.991341
3221 9 3.442247
3221 15 2.4414594
3221 29 2.171084
3226 6 2.8256495
3226 19 2.279523
3226 22 2.808587
3226 28 2.7828681
3226 64 2.2942123
3227 3 3.5057533
3227 8 3.3084736
3227 11 3.6450806
3227 16 3.2629554
3227 22 2.8145318
3235 2 3.1007493
3235 6 2.469929
3235 7 3.1402917
3235 18 2.0199497
3235 29 2.3041692
3237 3 3.1550205
3237 17 1.5668508
3237 20 3.1316817
3237 39 2.0131948
3237 71 1.9480704
3239 7 3.1079614
3239 22 2.767941
3239 26 2.9526894
3239 30 2.2745252
3239 45 2.514563
3249 4 2.7196846
3249 6 2.4730058
3249 10 3.3357666
3249 17 2.0528965
3249 37 2.6252124
3256 1 2.9736543
3256 3 3.17538
3256 8 2.633254
3256 18 2.0076544
3256 52 1.8650036
3272 1 3.3566875
3272 7 3.0942268
3272 11 3.0467858
3272 15 2.4241102
3272 26 2.9064593
3277 3 3.7361872
3277 7 3.1938605
3277 9 3.76716
3277 15 2.7946265
3277 62 3.6637318
3278 6 2.5783365
3278 22 2.6196032
3278 23 2.9821732
3278 26 2.7469025
3278 44 2.9867394
3279 2 2.69298
3279 10 2.8950408
3279 12 2.3970575
3279 14 2.1194155
3279 26 2.157673
3285 5 2.3622394
3285 13 2.7771702
3285 14 2.8113434
3285 21 2.8095298
3285 35 2.1354945
3286 2 2.9024308
3286 4 2.4484768
3286 19 1.8898998
3286 23 2.925602
3286 37 2.4678075
3289 5 3.0085335
3289 14 3.442949
3289 16 3.5928142
3289 22 3.2866707
3289 73 3.0635006
3294 5 2.0487776
3294 9 3.1230948
3294 11 2.9958522
3294 22 2.568849
3294 43 1.8717703
3296 8 2.8994234
3296 13 2.3254473
3296 14 3.189307
3296 19 2.3448744
3296 54 3.189061
3298 5 1.3315967
3298 8 2.0399604
3298 10 2.4784832
3298 27 2.432071
3298 42 2.200746
3299 1 3.5776389
3299 8 2.935304
3299 32 3.1002295
3299 40 2.622
3299 58 3.2240505
3309 1 2.8473713
3309 10 3.0277612
3309 16 2.6970923
3309 23 2.7046502
3309 35 1.8504734
3310 9 3.3947806
3310 11 3.0722477
3310 12 3.2136152
3310 21 3.100186
3310 32 2.619245
3316 2 2.734228
3316 8 2.4481192
3316 9 3.1131234
3316 14 2.6146593
3316 31 1.8567958
3318 2 2.893031
3318 13 2.0260992
3318 20 3.449352
3318 33 2.2302263
3318 70 1.7564096
3319 1 3.248157
3319 8 3.1346784
3319 12 3.2613218
3319 19 2.5281832
3319 37 2.68209
3320 5 2.1206996
3320 10 2.7665334
3320 13 2.0106091
3320 21 2.8035529
3320 32 2.3113747
3337 1 2.5929341
3337 6 1.9726036
3337 12 2.3548121
3337 22 2.3491306
3337 58 2.3716466
3339 4 2.8919978
3339 11 2.8391325
3339 13 2.556097
3339 18 2.2487502
3339 26 2.7695458
3356 9 3.5090466
3356 13 2.0702233
3356 18 1.8360045
3356 24 2.2589927
3356 75 2.70398
3370 1 3.0496836
3370 4 3.0644195
3370 11 2.9866421
3370 19 2.1163692
3370 51 2.299369
3372 6 2.9097679
3372 16 2.727066
3372 20 3.5892358
3372 23 3.028087
3372 40 2.4695382
3378 8 2.6228802
3378 11 2.8153377
3378 14 2.6713006
3378 27 2.840413
3378 43 1.8687438
3386 3 3.6636198
3386 14 3.2565417
3386 16 3.4519205
3386 27 3.474559
3386 63 3.0032704
3388 1 3.1633067
3388 7 2.7529643
3388 8 2.8293467
3388 16 3.0550263
3388 37 2.7173116
3390 2 3.3191762
3390 7 3.2912185
3390 12 3.1138625
3390 18 2.0960972
3390 47 2.8318741
3395 1 3.200391
3395 9 3.7377446
3395 10 3.4107869
3395 14 3.0813286
3395 21 3.3302977
3406 3 3.21903
3406 13 1.6289719
3406 14 2.7944155
3406 29 1.4566199
3406 70 1.640417
3408 3 3.508828
3408 10 3.0221555
3408 15 2.6564004
3408 29 1.8390638
3408 45 2.5546203
3414 5 2.1316931
3414 10 3.061716
3414 12 2.663594
3414 25 2.010238
3414 56 1.8481961
3421 2 3.0225854
3421 8 2.542427
3421 11 2.996797
3421 17 2.252422
3421 76 1.9587481
3427 5 1.950546
3427 9 2.8714404
3427 20 2.836316
3427 30 2.1609716
3427 64 1.7008233
3440 2 3.004745
3440 5 2.1445692
3440 6 2.303282
3440 9 3.440296
3440 36 1.5564897
3449 4 3.00395
3449 8 2.9211376
3449 12 3.118837
3449 23 3.1583138
3449 73 2.5621142
3451 1 3.2343607
3451 4 3.1373918
3451 5 2.773704
3451 20 3.780184
3451 49 2.512438
3455 2 2.810869
3455 9 3.142656
3455 16 2.9438546
3455 25 1.3760855
3455 52 1.8534333
3462 2 2.725111
3462 8 2.2384405
3462 13 1.9082689
3462 22 2.6681147
3462 63 1.8575835
3464 1 3.0540783
3464 10 3.0137396
3464 11 2.8307843
3464 14 2.7811203
3464 48 2.9693322
3465 1 2.7567375
3465 8 2.5840347
3465 11 2.8302226
3465 15 2.4530134
3465 32 2.4565976
3469 2 3.0583866
3469 9 3.4143322
3469 10 3.2950382
3469 27 3.1652355
3469 60 1.933298
3481 1 2.8332896
3481 4 2.4924004
3481 8 2.6662707
3481 14 2.7852104
3481 48 2.9217536
3489 7 2.9056678
3489 13 2.0355914
3489 15 2.567521
3489 47 2.5024576
3489 67 2.4796968
3500 5 2.789605
3500 13 2.3730903
3500 16 3.104951
3500 27 3.2586577
3500 42 3.3998826
3504 4 2.2505176
3504 15 2.109923
3504 21 2.7498357
3504 34 1.8181914
3504 55 1.9372637
3506 2 3.1111705
3506 9 3.4443254
3506 23 3.2007732
3506 25 2.1629064
3506 38 3.256056
3513 4 2.9358692
3513 7 3.235272
3513 9 3.6504593
3513 15 2.6483426
3513 56 2.2213254
3533 2 3.230895
3533 6 3.2202196
3533 11 3.3208935
3533 27 3.3529701
3533 71 2.8018773
3536 4 2.5858355
3536 7 2.7948053
3536 18 1.8326051
3536 25 1.9858158
3536 42 3.0027454
3558 4 2.7378774
3558 10 2.8022103
3558 12 2.9995816
3558 25 1.8165953
3558 53 1.9005363
3560 1 3.3348305
3560 3 3.3469062
3560 6 2.8194144
3560 12 3.298129
3560 49 2.681012
3565 4 3.1965098
3565 13 2.7203195
3565 14 3.3554661
3565 32 2.8166847
3565 40 2.6316004
3573 4 2.5641987
3573 15 2.3589098
3573 16 2.5600076
3573 29 1.6157212
3573 83 1.8328793
3589 1 3.047623
3589 6 2.8985794
3589 10 3.0088494
3589 21 2.913722
3589 48 3.1671069
3600 7 2.5728965
3600 10 2.7645693
3600 14 2.1746206
3600 21 2.5481248
3600 60 1.4852979
3601 5 2.2581155
3601 9 3.7778883
3601 11 2.7489786
3601 19 2.545872
3601 64 2.2993956
3611 1 3.2301168
3611 8 2.67493
3611 11 3.1745958
3611 17 1.7768505
3611 43 1.8830891
3613 1 3.0247314
3613 8 2.6635787
3613 11 2.787635
3613 14 2.8238208
3613 74 2.600067
3617 1 2.9270494
3617 7 2.773506
3617 13 1.9230344
3617 19 2.428998
3617 57 1.7661362
3620 4 2.8560612
3620 11 3.2064574
3620 14 3.1621046
3620 23 3.3349771
3620 79 2.1145082
3622 1 3.4722414
3622 12 3.4504664
3622 20 3.8040075
3622 28 3.0570316
3622 36 2.3445985
3625 5 2.6816683
3625 10 3.7143922
3625 13 2.5322082
3625 37 3.0773318
3625 49 2.959313
3634 3 3.351659
3634 20 3.5043201
3634 21 2.9895175
3634 34 2.0714474
3634 63 2.568627
3635 3 3.3050573
3635 10 3.3872218
3635 11 3.2566867
3635 20 2.8728733
3635 51 2.7548237
3637 5 2.7270548
3637 15 2.7648127
3637 16 3.1455786
3637 24 2.8111598
3637 59 2.179801
3643 1 3.1714518
3643 9 3.2814515
3643 15 2.2637622
3643 23 3.0299199
3643 43 1.8573383
3644 7 3.0360844
3644 15 2.7390962
3644 19 2.4525435
3644 27 3.2794023
3644 51 2.5786805
3647 2 3.5349677
3647 12 3.590903
3647 14 3.4657636
3647 19 2.883537
3647 38 3.813957
3652 4 2.6964011
3652 6 2.4955645
3652 7 2.9178216
3652 18 1.8485444
3652 29 1.9859422
3654 2 2.8305614
3654 7 2.7919667
3654 9 3.1538897
3654 23 3.03611
3654 45 2.667624
3655 2 2.968947
3655 5 2.4836676
3655 10 3.1606746
3655 41 1.9172881
3655 71 2.1686726
3657 1 3.2540467
3657 10 3.6338577
3657 11 3.178026
3657 19 2.8004973
3657 59 2.402927
3668 2 3.0857713
3668 5 2.3124814
3668 8 2.6374054
3668 17 2.1395595
3668 46 2.9229693
3677 1 3.2666368
3677 3 3.6369941
3677 9 3.7405508
3677 14 3.5743
3677 33 2.7057285
3680 1 3.4375176
3680 12 3.2243142
3680 15 2.4090967
3680 18 1.853458
3680 36 2.3029861
3685 2 3.1325648
3685 7 3.026691
3685 26 2.7828376
3685 35 2.7296493
3685 48 2.9782152
3690 3 3.7891908
3690 21 3.359243
3690 24 2.680878
3690 34 2.4400022
3690 45 2.8916054
3693 4 2.6403968
3693 7 3.057463
3693 8 2.7672915
3693 11 3.1289942
3693 35 2.5357583
3703 2 2.519812
3703 5 2.2953508
3703 7 2.2816184
3703 13 2.1322286
3703 37 2.5635302
3705 6 2.8477952
3705 14 2.919312
3705 16 2.9777815
3705 22 2.7400954
3705 63 2.1869287
3710 2 2.9594598
3710 4 2.735171
3710 8 3.0325778
3710 15 2.3704352
3710 19 2.258498
3721 1 3.017421
3721 4 2.6631904
3721 8 2.473995
3721 29 1.5816463
3721 65 2.1014543
3728 2 3.3719604
3728 6 3.0802205
3728 8 3.057174
3728 15 2.6553552
3728 34 2.4216757
3733 4 2.175783
3733 11 2.868555
3733 13 2.2299442
3733 21 2.9783468
3733 52 2.073283
3748 3 3.1168242
3748 20 2.836546
3748 40 2.0402327
3748 43 2.354607
3748 54 2.9213889
3752 6 2.411659
3752 12 3.0322325
3752 14 2.7088678
3752 24 2.3888655
3752 39 1.8906828
3782 3 3.4168603
3782 10 3.52967
3782 12 3.0772219
3782 27 3.3365173
3782 49 2.608464
3785 4 3.0759492
3785 18 2.2781618
3785 22 3.0740666
3785 32 2.886152
3785 71 2.7203333
3791 4 2.499433
3791 6 2.306689
3791 7 2.4268494
3791 15 1.9505947
3791 34 1.674267
3796 1 3.4696999
3796 5 2.6916633
3796 16 3.1626737
3796 27 3.0949025
3796 47 2.6428328
3799 4 3.2384734
3799 15 2.7434402
3799 20 3.3457706
3799 30 2.3921518
3799 50 1.8832544
3809 2 3.0332487
3809 12 2.985923
3809 13 2.2980816
3809 27 3.1823735
3809 42 2.9309738
3810 5 2.739177
3810 7 3.246875
3810 9 3.8416512
3810 15 2.860034
3810 33 2.8641865
3827 3 3.7187119
3827 20 3.8396976
3827 22 3.0883582
3827 36 2.9434805
3827 50 2.4097083
3830 2 3.2520783
3830 7 3.208494
3830 14 3.3313484
3830 19 2.6279106
3830 34 2.3824792
3836 5 2.0829737
3836 10 3.2422073
3836 12 2.8893557
3836 17 2.066695
3836 50 1.7468728
3838 3 3.6178708
3838 5 2.5941958
3838 7 2.8523054
3838 16 3.0261981
3838 39 2.4126956
3839 1 3.4395018
3839 6 2.6075726
3839 11 3.2039692
3839 16 3.4686637
3839 31 2.5633197
3842 5 2.4789817
3842 7 2.8298824
3842 9 3.4967349
3842 16 2.9211936
3842 25 2.044628
3845 3 3.414917
3845 12 2.9264383
3845 14 2.95606
3845 22 2.8676786
3845 37 2.741679
3846 9 3.6555443
3846 18 2.145424
3846 22 3.244981
3846 31 2.5764427
3846 55 2.5155277
3850 2 3.1298127
3850 13 2.064552
3850 17 2.2946386
3850 23 3.3123913
3850 51 2.68497
3854 6 2.9766202
3854 10 3.5452213
3854 11 3.2808073
3854 27 3.3822136
3854 34 2.4706123
3859 5 2.7741897
3859 9 3.6135206
3859 20 3.5550992
3859 34 2.3650215
3859 50 2.1620984
3874 4 2.6823838
3874 8 2.8267922
3874 16 3.2117736
3874 26 2.6865277
3874 62 3.4475157
3883 1 3.3897035
3883 7 3.018898
3883 8 2.8176389
3883 16 2.984814
3883 34 2.0866911
3885 1 3.0521657
3885 13 1.9709325
3885 14 2.4729996
3885 25 1.9831432
3885 51 2.170035
3909 1 2.841471
3909 7 2.2943554
3909 8 2.2783742
3909 23 2.7276714
3909 42 2.882251
3913 4 2.8917873
3913 6 3.0032697
3913 11 3.0607543
3913 18 2.253301
3913 38 3.4573095
3923 3 3.0904067
3923 5 2.3735714
3923 6 2.2416136
3923 51 2.3752131
3923 75 1.7867042
3932 1 2.9429886
3932 5 2.9480598
3932 8 2.705118
3932 17 2.398249
3932 30 2.3208117
3934 2 3.0084019
3934 12 3.148862
3934 17 2.0734358
3934 23 3.235896
3934 71 2.1874566
3940 3 3.3965993
3940 9 3.183958
3940 10 3.200785
3940 24 1.8219762
3940 36 2.03861
3942 2 2.705983
3942 8 2.5352707
3942 11 2.4420152
3942 21 2.648653
3942 49 1.9240208
3948 3 3.4139678
3948 16 3.1624103
3948 22 3.0162117
3948 26 2.8410938
3948 64 2.471107
3953 1 2.8896859
3953 14 2.8420527
3953 23 2.865537
3953 28 2.6466029
3953 52 2.1944275
3957 2 3.2597337
3957 8 2.894175
3957 16 3.4284732
3957 33 2.6720822
3957 54 3.2862637
3961 3 3.0977004
3961 7 2.5710266
3961 8 2.586203
3961 13 2.1642008
3961 30 2.061396
3962 3 3.5389674
3962 9 3.8422427
3962 18 1.9535663
3962 30 2.8282719
3962 64 2.513804
3967 6 2.0903342
3967 12 2.6580963
3967 13 1.676276
3967 20 2.7432206
3967 25 1.5342522
3975 1 3.0884714
3975 6 2.1750422
3975 9 3.6435518
3975 16 3.1520236
3975 61 1.9167984
3976 1 3.1271122
3976 6 2.2782245
3976 9 3.39322
3976 14 2.876439
3976 28 2.8117516
3986 3 3.8026118
3986 7 3.4314592
3986 8 3.3158932
3986 16 3.5977318
3986 54 3.5716243
3988 3 3.8457377
3988 8 3.359019
3988 15 3.1939986
3988 28 3.4067278
3988 51 3.108793
3993 1 3.5552168
3993 4 3.2604637
3993 6 3.131298
3993 11 3.4470685
3993 32 3.1628125
3995 3 3.4501612
3995 15 2.6572986
3995 22 2.8156245
3995 26 2.897451
3995 73 2.6044812
4000 4 2.7749994
4000 9 3.3039968
4000 14 2.613588
4000 35 2.349485
4000 66 2.7785742
4005 1 3.3950653
4005 5 2.5412016
4005 12 3.2096384
4005 23 3.1463757
4005 39 2.2466936
4007 2 3.173089
4007 6 3.0962641
4007 9 3.7324283
4007 18 2.094623
4007 37 3.120006
4014 2 2.6640635
4014 25 1.7555554
4014 33 2.0610733
4014 37 2.2749658
4014 41 1.7935917
4017 4 2.8065858
4017 8 3.1130362
4017 11 3.2188485
4017 14 3.3852582
4017 30 2.842186
4025 2 3.1941879
4025 8 2.8425202
4025 9 3.2230628
4025 13 2.946107
4025 31 2.2254152
4027 6 2.5325484
4027 10 3.3056984
4027 11 3.1602638
4027 16 3.1615956
4027 39 2.2692864
4037 7 3.4225512
4037 12 3.319178
4037 13 3.124456
4037 21 3.545209
4037 28 3.3764994
4045 2 3.6263692
4045 13 2.8971922
4045 17 2.583385
4045 27 3.6395543
4045 35 3.1190803
4047 7 2.853003
4047 9 3.8661132
4047 13 2.5332785
4047 33 2.7455273
4047 42 3.2745702
4051 9 3.1724255
4051 18 1.739137
4051 21 2.7439692
4051 31 2.106782
4051 47 2.1385174
4055 3 3.6771913
4055 6 3.0455642
4055 29 1.9422407
4055 35 2.5954506
4055 46 3.003096
4056 1 3.7021708
4056 10 3.6402936
4056 11 3.5732558
4056 19 2.9591196
4056 32 3.4684186
4057 7 3.26141
4057 14 3.370825
4057 16 3.307091
4057 21 3.2304473
4057 45 2.717483
4058 1 3.32629
4058 5 3.112781
4058 6 2.9536233
4058 17 2.480594
4058 38 3.6704147
4063 7 2.7844872
4063 22 3.1841292
4063 26 2.7509005
4063 32 3.1228547
4063 37 3.0648344
4064 5 2.3342328
4064 12 3.395702
4064 13 2.30237
4064 20 3.6329958
4064 63 2.6272197
4067 5 2.4900758
4067 12 2.9780307
4067 13 2.194522
4067 16 3.2062764
4067 37 2.740103
4076 5 2.6296065
4076 8 2.871338
4076 9 3.2784529
4076 25 1.8766369
4076 59 2.4400516
4093 2 2.9633048
4093 9 3.6213944
4093 12 3.0841577
4093 17 2.0517073
4093 27 3.4040225
4098 2 3.5600812
4098 14 3.2992828
4098 17 2.7020578
4098 25 2.2306423
4098 83 2.8359149
4108 4 2.8797085
4108 9 3.545671
4108 10 3.2991946
4108 25 2.258541
4108 52 2.4439723
4112 6 2.6636882
4112 9 3.616163
4112 11 2.9728394
4112 17 1.9131784
4112 48 3.2438352
4113 2 3.1080866
4113 7 2.6428533
4113 14 2.7231627
4113 18 1.4432638
4113 39 1.9557028
4120 1 3.01062
4120 19 2.2116416
4120 20 3.4691532
4120 24 2.2834525
4120 48 3.1943684
4123 1 3.0248525
4123 10 3.0347652
4123 11 2.8030267
4123 22 2.0793345
4123 37 2.3059747
4130 2 2.7185962
4130 6 2.6879475
4130 15 2.1812246
4130 19 2.2225492
4130 70 1.8602213
4134 3 3.783732
4134 10 3.7202537
4134 22 3.2727084
4134 38 3.7771802
4134 95 2.4969778
4139 2 3.102808
4139 10 3.5430348
4139 11 3.4792795
4139 16 3.3341374
4139 58 2.9032023
4142 6 2.8052807
4142 13 2.4580858
4142 20 3.6052816
4142 31 2.3358047
4142 67 2.3205118
4143 5 1.499705
4143 12 3.041788
4143 13 2.0046444
4143 24 1.9278982
4143 57 1.4450828
4145 2 3.4995
4145 11 3.2588727
4145 12 3.283441
4145 32 3.1274116
4145 39 2.0427098
4153 2 2.8568554
4153 10 3.0473144
4153 23 3.0183742
4153 36 1.692796
4153 42 2.9287372
4162 4 2.80137
4162 15 2.693449
4162 17 2.246839
4162 31 2.3983824
4162 73 2.4579687
4169 1 3.2486773
4169 9 3.3823962
4169 12 3.320342
4169 26 2.448707
4169 52 2.3237138
4185 4 2.9507833
4185 26 2.4791732
4185 27 2.9495869
4185 44 3.1083038
4185 68 2.2313132
4189 2 2.9065673
4189 8 2.594224
4189 16 2.7051938
4189 21 2.9685812
4189 72 2.64332
4190 1 3.273488
4190 9 3.6353085
4190 12 3.4249187
4190 17 2.4751039
4190 65 2.5449903
4193 3 3.413601
4193 13 1.9921219
4193 18 1.7235582
4193 34 2.0158489
4193 76 1.6872866
4201 1 3.4661446
4201 7 2.9254541
4201 16 3.2079415
4201 19 2.354162
4201 50 2.2041187
4202 7 3.0943248
4202 17 2.115199
4202 25 1.9746846
4202 41 2.0844886
4202 52 2.1247177
4204 6 2.7137454
4204 22 3.0447474
4204 25 2.381605
4204 34 2.5730662
4204 64 2.6990933
4211 3 3.4387517
4211 5 2.6891325
4211 10 3.4800036
4211 20 3.3750808
4211 33 2.235838
4214 2 3.1787493
4214 12 3.4794977
4214 27 3.530426
4214 30 2.253764
4214 58 2.8816957
4220 2 2.7422497
4220 5 2.0067973
4220 16 2.9084077
4220 20 3.0654445
4220 45 2.2614038
4227 1 3.1572104
4227 8 2.7743266
4227 14 3.3485553
4227 22 2.8283336
4227 49 2.486274
4234 1 2.9633853
4234 9 3.2875822
4234 11 2.8696735
4234 16 2.9725492
4234 44 2.8607085
4235 1 3.0208282
4235 7 2.6823654
4235 8 2.5472746
4235 14 2.786977
4235 37 2.7267492
4239 1 2.7859704
4239 16 2.7644534
4239 23 2.8767283
4239 30 2.014757
4239 78 1.6472015
4240 2 2.7332826
4240 10 3.1745644
4240 12 3.0238106
4240 25 2.1280794
4240 52 2.102896
4245 8 2.8707008
4245 11 3.1484222
4245 15 2.406995
4245 24 2.3173351
4245 74 3.1640024
4246 3 3.5358589
4246 6 2.9504056
4246 7 3.532506
4246 9 3.7343397
4246 25 2.4132974
4247 2 3.1839325
4247 13 2.0020154
4247 19 2.304664
4247 38 3.555401
4247 72 2.8207772
4257 1 3.3034213
4257 6 2.6035917
4257 12 3.2800956
4257 38 3.4175847
4257 68 2.387308
4258 26 2.7734723
4258 29 2.217514
4258 34 2.2997472
4258 59 2.8538272
4258 73 2.663429
4261 1 3.170327
4261 11 3.0299659
4261 15 2.7610571
4261 29 2.1476414
4261 71 2.2914915
4273 7 3.0079174
4273 13 2.0153892
4273 18 1.9346256
4273 40 2.4814644
4273 62 3.227788
4282 1 3.3603008
4282 4 3.2455218
4282 9 3.733563
4282 21 3.179182
4282 38 3.6968396
4284 1 2.8996563
4284 14 2.9899185
4284 21 2.9523149
4284 33 2.2409773
4284 73 2.378786
4290 2 3.1509035
4290 6 2.8142638
4290 9 3.5450428
4290 15 2.2665908
4290 31 2.438977
4295 3 3.5418136
4295 10 3.5402582
4295 13 2.577812
4295 29 2.1004932
4295 91 2.0947337
4302 1 3.211561
4302 13 2.349468
4302 23 3.0967772
4302 29 2.3000867
4302 49 2.2245781
4310 10 3.0944934
4310 14 2.850342
4310 17 1.7288374
4310 24 2.0775661
4310 69 1.6256791
4311 2 3.3303456
4311 12 3.3381312
4311 19 2.5231395
4311 25 2.3055162
4311 62 3.6757667
4326 8 2.7060869
4326 16 3.3096836
4326 21 3.3469226
4326 31 2.4092133
4326 57 1.7881824
4329 1 3.0771368
4329 10 2.9165666
4329 13 1.891334
4329 41 1.5981518
4329 86 1.8107294
4336 1 3.4727426
4336 7 3.174666
4336 15 2.7029114
4336 19 2.25475
4336 42 3.1022696
4337 3 3.5383308
4337 14 2.594206
4337 27 3.3153963
4337 50 2.078469
4337 77 2.9582045
4358 2 3.3229547
4358 8 2.8147125
4358 10 3.4422998
4358 16 3.0912683
4358 68 2.3819067
4361 2 2.9358983
4361 6 2.5363657
4361 11 2.9705405
4361 22 2.7021146
4361 58 2.562537
4363 1 2.9635253
4363 7 2.8303397
4363 14 2.64463
4363 21 2.950413
4363 60 1.7662789
4365 2 3.4568684
4365 18 2.089625
4365 22 3.0800033
4365 35 2.99597
4365 56 2.4988418
4367 3 3.0033827
4367 15 1.9861541
4367 19 2.1992369
4367 28 2.7233715
4367 39 1.6282723
4381 3 3.5582683
4381 7 2.926012
4381 10 3.5446858
4381 21 3.0476427
4381 34 2.4521906
4393 7 3.2046244
4393 10 3.3406467
4393 11 3.1447606
4393 13 2.7159054
4393 39 2.4961872
4397 6 2.3788023
4397 18 1.5700555
4397 22 2.805986
4397 26 2.9284072
4397 49 2.0780187
4398 2 2.9992414
4398 9 3.7548597
4398 13 2.5798697
4398 22 2.9826553
4398 51 2.510774
4399 1 3.2848988
4399 7 3.3399456
4399 18 2.542071
4399 21 3.414649
4399 35 3.1066234
4406 2 3.3945339
4406 10 3.72794
4406 21 3.2878053
4406 35 2.6923568
4406 79 1.9697889
4413 4 2.845435
4413 15 2.3671658
4413 19 2.076301
4413 26 2.5899622
4413 36 1.968262
4419 3 3.080102
4419 11 2.9762475
4419 21 2.9398491
4419 32 2.52471
4419 59 2.1480894
4423 6 3.1261206
4423 10 3.506819
4423 11 3.2375531
4423 20 3.7840576
4423 95 1.7923937
4430 2 3.0341277
4430 11 3.207003
4430 14 3.2033007
4430 23 3.15646
4430 78 2.025938
4433 1 3.2825284
4433 5 2.6460202
4433 7 2.873396
4433 14 3.0834193
4433 46 2.8386445
4445 2 2.6952834
4445 8 2.9651613
4445 9 3.134136
4445 21 2.8964128
4445 38 3.1643984
4446 1 3.2537336
4446 15 2.6159093
4446 16 3.1910758
4446 53 2.0082889
4446 69 2.3077188
4450 1 3.1175995
4450 10 3.0207324
4450 12 2.9385664
4450 22 2.732921
4450 31 2.22371
4466 4 2.7504015
4466 14 2.8066945
4466 15 2.5097005
4466 27 2.9728372
4466 46 2.5607488
4490 2 2.7100875
4490 11 3.0574424
4490 14 3.020186
4490 25 1.9799473
4490 43 1.8661116
4492 1 3.0986073
4492 4 2.8542707
4492 9 3.599955
4492 12 3.3078961
4492 20 3.556425
4497 3 3.2288196
4497 11 3.0091286
4497 15 2.31737
4497 23 2.611476
4497 55 2.281557
4501 3 3.3307168
4501 5 2.3033862
4501 6 2.9680524
4501 33 2.1746626
4501 53 2.2038782
4502 3 3.1622758
4502 6 2.438374
4502 17 2.1334975
4502 25 1.9425871
4502 84 1.832329
4505 2 2.829548
4505 15 2.3091898
4505 17 1.685321
4505 19 1.8156495
4505 36 1.5703664
4509 2 2.976943
4509 8 3.0612109
4509 16 3.0874126
4509 20 3.3278873
4509 59 2.3679366
4517 5 2.5270448
4517 12 2.8299487
4517 14 2.5427895
4517 36 2.093038
4517 64 1.8892214
4532 8 2.9858863
4532 12 3.1349163
4532 13 2.3116477
4532 25 2.1589541
4532 39 2.7436464
4558 4 2.9334977
4558 10 3.2433429
4558 13 2.3686535
4558 30 2.1324108
4558 75 2.4574687
4564 2 3.150198
4564 9 3.4822311
4564 11 2.8345675
4564 16 3.1322706
4564 52 2.035629
4569 7 3.30452
4569 15 3.2106771
4569 18 2.5025597
4569 28 3.2876818
4569 53 2.7745056
4584 7 2.9647486
4584 11 3.0041456
4584 14 3.1920342
4584 27 3.2519119
4584 60 2.0062041
4586 1 3.1793368
4586 16 3.0463526
4586 22 2.6226876
4586 25 1.7657082
4586 53 2.0751457
4587 1 3.366819
4587 9 3.644768
4587 10 3.4555275
4587 24 2.668362
4587 48 3.3948367
4589 1 3.1006815
4589 9 3.2365465
4589 16 2.9561446
4589 21 3.0488145
4589 65 2.2475984
4594 1 3.06252
4594 3 3.3591344
4594 5 2.6814992
4594 9 3.4777145
4594 39 2.2163293
4600 7 2.9339664
4600 11 3.0938132
4600 13 2.086868
4600 35 2.5003433
4600 61 2.0597534
4603 1 3.4450574
4603 11 3.295226
4603 16 3.567377
4603 20 3.9345038
4603 35 2.9416203
4607 7 3.3694558
4607 13 2.793167
4607 15 3.088869
4607 24 2.7504597
4607 55 2.8848338
4608 1 3.608571
4608 5 2.9629283
4608 10 3.6886108
4608 41 2.5558836
4608 67 2.7738807
4609 1 3.3511686
4609 7 2.9109685
4609 10 3.252484
4609 17 2.053583
4609 49 2.2500482
4611 4 2.4958892
4611 9 3.2535028
4611 21 2.6441767
4611 29 1.4040374
4611 54 2.5506258
4614 2 2.9023867
4614 11 3.0103247
4614 13 2.5428152
4614 24 2.129806
4614 40 2.3443408
4622 2 2.9320931
4622 5 2.2092543
4622 6 2.5506465
4622 21 2.405258
4622 48 3.0844924
4630 2 3.2321877
4630 7 3.2294188
4630 8 2.885613
4630 26 3.1097558
4630 77 2.8035386
4633 6 2.6431673
4633 17 2.0206673
4633 20 3.127731
4633 31 2.1761582
4633 51 2.2200046
4637 3 3.350136
4637 5 2.1205583
4637 6 2.4297516
4637 9 3.395507
4637 45 2.8383696
4645 1 3.399883
4645 9 3.5682096
4645 10 3.3585875
4645 13 2.0021605
4645 62 3.698121
4649 6 2.9023416
4649 9 3.7111113
4649 20 3.6549385
4649 37 2.8168538
4649 64 2.5713394
4658 4 2.8612406
4658 6 2.7418623
4658 7 3.0473387
4658 31 2.5530202
4658 51 2.4867544
4671 3 3.7111945
4671 8 3.0854416
4671 13 2.5240507
4671 31 2.364654
4671 54 3.615602
4674 6 2.6072946
4674 8 2.9344614
4674 11 2.8645892
4674 17 2.3263435
4674 41 2.1672356
4678 1 2.610208
4678 21 2.6267402
4678 23 2.9669282
4678 28 2.5151231
4678 34 1.5911121
4685 5 2.449239
4685 15 2.765858
4685 22 3.055722
4685 37 3.2040896
4685 70 1.9822268
4688 4 3.120937
4688 7 3.076166
4688 10 3.5514739
4688 14 2.8709195
4688 29 2.1264403
4692 3 3.3950226
4692 14 3.1126623
4692 15 2.5962262
4692 18 1.8023627
4692 43 2.1349366
4701 1 3.534598
4701 18 2.2150018
4701 23 3.2398791
4701 27 3.3368287
4701 63 2.4308445
4706 1 3.3768952
4706 6 3.1420543
4706 7 3.1878648
4706 15 2.4812884
4706 35 2.7558055
4709 5 2.8396664
4709 9 3.817511
4709 12 3.3021517
4709 42 3.2815592
4709 52 2.4755943
4711 1 3.0549376
4711 5 2.57659
4711 9 3.5687869
4711 15 2.5556595
4711 42 3.1438127
4716 1 2.9919758
4716 17 2.3544843
4716 21 3.2921956
4716 39 2.254536
4716 53 2.3604918
4722 1 2.9970345
4722 13 2.1458502
4722 16 3.2770734
4722 28 3.2120895
4722 63 2.7455025
4726 1 3.1184955
4726 8 2.6124732
4726 12 2.885186
4726 31 2.227743
4726 39 2.546943
4730 3 3.749819
4730 20 3.5777335
4730 27 3.6837206
4730 30 2.8429098
4730 56 2.678899
4734 3 3.3137693
4734 6 2.7775357
4734 7 3.0558236
4734 19 2.6435833
4734 27 3.027807
4744 2 2.9711623
4744 5 2.1743362
4744 6 2.3174372
4744 22 2.8830705
4744 39 2.2996233
4745 1 3.1204336
4745 5 2.8487992
4745 13 2.2926624
4745 21 3.4379394
4745 44 3.5112512
4756 1 3.1369555
4756 8 3.0923812
4756 9 3.4146209
4756 22 2.8818643
4756 39 2.2086332
4757 3 3.48971
4757 15 2.4710536
4757 18 1.9626378
4757 23 3.5765474
4757 32 2.8590188
4766 3 3.1346889
4766 9 3.2480125
4766 11 2.7501006
4766 20 3.3160233
4766 51 2.0831835
4768 3 3.3113542
4768 6 2.4410625
4768 8 2.9503891
4768 18 1.9818609
4768 31 2.4177585
4770 1 3.6067193
4770 9 3.8293204
4770 11 3.4449766
4770 16 3.5453572
4770 63 2.8920074
4771 5 2.5512202
4771 9 3.2562919
4771 10 3.4954705
4771 30 2.7548807
4771 56 1.9606366
4778 2 3.0319269
4778 8 2.8187628
4778 14 2.9651468
4778 21 3.1458669
4778 35 2.5062466
4781 9 3.5607107
4781 14 3.331775
4781 18 1.9612659
4781 21 3.2103577
4781 73 2.5821269
4783 4 3.308927
4783 11 3.1780272
4783 12 3.6355214
4783 15 2.9400444
4783 39 2.0577116
4799 2 3.055655
4799 5 2.8913312
4799 6 2.63263
4799 24 2.594686
4799 34 2.6528733
4801 7 2.674748
4801 14 2.6072164
4801 16 3.027569
4801 27 3.1533759
4801 48 3.1128151
4818 2 3.016764
4818 20 3.2737796
4818 23 2.8306777
4818 33 1.7850366
4818 48 2.9353416
4821 2 2.9614112
4821 5 2.6903164
4821 16 3.008932
4821 24 2.3453197
4821 69 2.5424223
4827 1 3.289468
4827 10 3.0105412
4827 19 1.9825202
4827 24 2.2691073
4827 66 2.5771785
4836 3 3.2434323
4836 9 3.4844959
4836 10 3.3949993
4836 36 2.1788177
4836 47 2.3295758
4838 2 3.3400116
4838 13 2.3933554
4838 25 2.1528845
4838 27 2.9046736
4838 34 2.2530565
4853 1 2.928461
4853 4 2.5386865
4853 9 3.4496498
4853 14 3.0191805
4853 31 2.2285745
4861 2 3.3016348
4861 5 3.0188189
4861 14 3.3977602
4861 27 3.6595812
4861 49 2.699876
4869 5 2.2281272
4869 26 2.6626015
4869 31 2.5466683
4869 42 3.0780392
4869 67 1.869777
4871 3 3.2631054
4871 7 2.8614602
4871 12 3.2674556
4871 17 2.1640692
4871 80 3.341777
4874 2 2.9020438
4874 9 3.1750894
4874 12 2.867988
4874 17 2.1355546
4874 21 2.6349912
4876 3 2.9911149
4876 9 3.3308318
4876 10 2.8430178
4876 14 2.8032153
4876 66 2.6633148
4891 3 3.2996356
4891 6 2.5325205
4891 7 3.095624
4891 29 1.9545307
4891 72 2.5860596
4905 3 3.515153
4905 14 2.9993885
4905 15 2.7080817
4905 27 3.2780762
4905 65 2.0932
4907 9 3.626418
4907 23 3.2482173
4907 25 1.7715544
4907 35 2.5148613
4907 45 2.819122
4910 1 2.7288685
4910 8 2.4901674
4910 21 2.976987
4910 23 2.7956908
4910 62 2.9418626
4916 4 2.9447494
4916 12 2.8879876
4916 16 3.0102932
4916 27 2.8414001
4916 67 1.8568635
4922 4 2.3374634
4922 22 2.6851633
4922 26 2.9164934
4922 45 2.6902604
4922 63 2.593692
4927 1 3.1743655
4927 10 3.611296
4927 14 3.2490163
4927 27 3.4737635
4927 64 2.6906748
4928 3 3.670358
4928 10 3.5294516
4928 12 3.4343884
4928 18 2.1429
4928 29 1.9535213
4951 1 3.1976702
4951 7 3.2279582
4951 9 3.697103
4951 29 2.2371223
4951 39 2.2354352
4952 3 3.4367092
4952 11 3.0760632
4952 16 3.2211716
4952 23 3.2966466
4952 49 2.3151233
4953 2 2.6895363
4953 15 2.670266
4953 16 3.0006185
4953 22 2.8042936
4953 59 2.254692
4957 2 2.851179
4957 6 2.428339
4957 14 2.76974
4957 28 2.61398
4957 54 2.8306413
4965 1 3.6310964
4965 15 3.1228752
4965 16 3.5697343
4965 18 2.4402366
4965 43 2.5714524
4966 1 2.9244266
4966 7 3.085485
4966 8 2.4775515
4966 14 2.8070738
4966 22 2.4109082
4969 5 2.6760163
4969 7 3.120933
4969 8 2.8054261
4969 22 2.945734
4969 30 2.2337642
4971 2 3.1813867
4971 5 2.7584631
4971 6 2.6033792
4971 9 3.5594585
4971 75 2.2255325
4972 4 2.7805867
4972 9 3.693685
4972 15 2.2413464
4972 34 2.2755935
4972 61 2.5308423
4986 1 3.408404
4986 7 3.082747
4986 9 3.700086
4986 28 3.01676
4986 57 1.8201929
4989 3 3.7976022
4989 13 2.4758205
4989 15 3.0704987
4989 21 3.4736748
4989 33 3.1407561
4991 1 3.3172233
4991 12 3.1513488
4991 13 2.269401
4991 25 1.9873732
4991 56 1.8635588
4994 5 1.5147806
4994 13 1.4999901
4994 14 1.82889
4994 22 2.0762246
4994 42 2.3510175
