1 2 2.585535
1 5 2.8992472
1 13 3.1486409
1 59 1.3273748
1 75 3.2700691
5 5 2.606403
5 14 3.3959394
5 20 1.0
5 32 3.2112586
5 56 2.3434598
10 2 3.2296772
10 7 3.5248134
10 10 4.1605887
10 19 2.0996628
10 38 3.7177877
13 3 2.8306432
13 6 1.6285672
13 9 3.3376665
13 21 3.4953835
13 67 3.0082774
18 2 3.8971221
18 5 3.6466033
18 11 4.08799
18 14 3.8270154
18 45 3.7777164
22 20 4.0475593
22 27 1.8533329
22 29 2.2167656
22 36 2.378393
22 76 1.0
25 2 3.022161
25 7 2.6980238
25 10 3.0132928
25 20 4.070986
25 39 1.7974614
26 2 4.5280213
26 26 4.2201533
26 30 3.7608652
26 41 3.9592361
26 59 4.6397924
30 1 4.430527
30 9 4.7238564
30 11 4.321281
30 13 3.6396542
30 26 3.9699953
37 3 4.5015273
37 14 3.5830035
37 15 3.1214566
37 23 3.7271075
37 30 2.9551034
40 6 2.2754097
40 11 2.543667
40 19 1.7020371
40 28 2.1567626
40 48 2.9738703
43 5 3.181636
43 7 3.1853917
43 10 2.7560618
43 25 2.00069
43 59 1.0
78 2 2.5649512
78 13 1.6214163
78 18 1.4624046
78 20 2.831865
78 27 2.5833209
82 1 3.434539
82 7 4.0804424
82 15 3.4256063
82 29 2.8611221
82 68 3.5243192
83 7 1.3975915
83 17 1.2053224
83 24 2.4430323
83 40 1.9989172
83 62 3.5602431
85 2 3.2992663
85 13 2.5720398
85 14 3.5582688
85 19 2.6662056
85 43 2.7684188
88 3 3.420038
88 9 3.201986
88 20 3.6874597
88 30 1.9722618
88 48 2.915079
89 3 3.489777
89 8 5.0
89 11 3.975422
89 15 3.4912074
89 42 4.9191732
95 3 3.8752882
95 17 2.19934
95 19 2.5378916
95 24 2.941544
95 48 4.9744067
96 6 3.2131693
96 11 3.7902298
96 13 2.987848
96 16 3.614277
96 42 3.7297676
98 2 2.8739593
98 13 2.0078678
98 17 2.0267467
98 25 1.767351
98 32 3.053368
99 1 3.6017883
99 6 2.909998
99 9 3.642483
99 20 3.7936196
99 78 2.8053088
103 2 3.4653547
103 16 3.8012972
103 22 3.2898912
103 40 2.967036
103 51 3.1370263
106 1 4.5665483
106 7 3.6708999
106 8 2.3303337
106 13 3.2178507
106 28 3.3567905
107 2 3.0108588
107 12 3.4068985
107 19 2.274515
107 26 3.1100473
107 54 3.5006669
110 9 3.0288162
110 11 2.732645
110 12 2.5933409
110 20 2.95451
110 45 2.6652274
111 4 3.4607294
111 11 4.059523
111 16 5.0
111 28 4.106935
111 74 5.0
113 6 3.6725485
113 15 3.733089
113 22 3.0896916
113 34 3.252885
113 53 3.1122873
115 1 2.9500875
115 4 2.5610118
115 7 2.613747
115 13 2.0859838
115 42 2.7237139
137 2 3.0654652
137 15 2.1850204
137 17 1.708348
137 20 4.1175
137 37 3.1744447
139 3 2.1894011
139 14 1.7579443
139 18 1.0
139 32 1.062323
139 43 1.0
140 10 3.106159
140 13 2.3567114
140 16 4.0953255
140 24 2.45432
140 31 1.5855505
147 2 3.8064055
147 12 3.7667575
147 15 3.421591
147 32 3.3885915
147 66 3.7230933
155 1 3.455699
155 6 3.2393644
155 12 3.1217008
155 16 3.3154035
155 26 2.9973044
165 1 3.0387514
165 4 2.2930496
165 8 4.8734293
165 14 3.6770096
165 26 3.6556683
166 1 1.0
166 18 1.0
166 26 1.0
166 38 1.0
166 77 1.0
182 3 4.54783
182 10 4.3677382
182 16 4.208118
182 21 4.3099537
182 43 3.3988461
189 1 4.7581515
189 7 4.497059
189 12 4.02275
189 19 3.3867114
189 61 3.6099024
198 7 2.5641186
198 15 2.548705
198 17 2.371979
198 27 1.0029258
198 48 4.755439
202 1 4.678439
202 9 3.0345483
202 11 3.1479242
202 20 3.8578377
202 50 2.3442242
206 1 2.1224422
206 9 3.7507646
206 11 2.1741576
206 20 5.0
206 40 2.580392
213 3 2.8536813
213 8 1.0
213 12 2.2128868
213 34 1.0
213 58 1.5802284
214 1 4.031471
214 19 3.3702846
214 27 4.425778
214 30 3.2075324
214 64 3.2899036
219 3 3.3440394
219 14 2.6822197
219 16 3.1575475
219 21 2.8744931
219 73 2.053039
221 2 3.9465084
221 7 3.438477
221 18 3.0087008
221 29 2.9969633
221 69 5.0
222 13 2.922023
222 17 2.7130423
222 18 2.306439
222 38 3.4376833
222 48 3.6105413
224 6 3.225513
224 16 3.4654987
224 18 2.4266381
224 23 4.0407953
224 37 3.0661864
226 6 3.1249933
226 15 1.0
226 22 5.0
226 31 3.3354707
226 62 5.0
227 7 1.0
227 18 1.0
227 21 1.0
227 28 2.0718582
227 55 1.8453057
228 1 1.0
228 6 1.0
228 7 1.0
228 18 1.0
228 51 1.0
229 3 4.0229263
229 17 2.7937095
229 32 3.51859
229 59 2.9413643
229 91 2.9859483
234 2 1.465353
234 6 2.1713343
234 10 1.8106488
234 17 1.0
234 31 1.0
236 4 2.4650197
236 8 3.4496813
236 10 2.5299802
236 16 2.831538
236 43 1.593725
244 1 3.9398649
244 5 3.2891016
244 7 3.7215722
244 34 2.6995773
244 62 4.0046477
247 11 3.895883
247 13 2.885034
247 14 3.8370023
247 21 3.8858356
247 50 1.7528644
257 2 3.0607436
257 8 2.433699
257 11 2.8194683
257 15 2.678463
257 30 5.0
260 1 1.0
260 6 3.5799732
260 7 3.5623083
260 13 2.8408365
260 24 3.001946
268 1 2.4102557
268 5 1.0
268 7 1.0
268 14 1.1649529
268 44 3.5482779
273 1 4.0603466
273 11 3.7866225
273 15 3.4856803
273 29 2.8212683
273 52 3.0594192
277 4 3.2357905
277 7 3.3215604
277 8 3.210937
277 12 3.4486222
277 22 3.3985622
280 1 2.4724889
280 7 2.2258644
280 8 1.7085959
280 19 2.1442418
280 26 1.8760793
281 2 2.4745917
281 10 1.8806429
281 12 2.5534873
281 17 1.0
281 53 1.0
282 1 1.767716
282 4 1.7606255
282 16 1.0
282 30 1.0
282 64 1.0202504
284 2 3.7556458
284 7 3.9681973
284 8 5.0
284 12 3.7828836
284 36 3.0745463
293 2 2.6494763
293 5 2.2033548
293 7 2.670886
293 11 3.0317557
293 38 3.022974
297 2 3.9886346
297 12 3.982143
297 16 3.9596312
297 37 3.5819798
297 51 3.621173
300 3 5.0
300 7 3.3612084
300 12 3.4572725
300 21 3.314877
300 41 2.2913084
302 7 1.0
302 22 3.8805459
302 26 1.2642103
302 35 3.0481842
302 46 1.5365964
305 4 3.4617884
305 6 3.3709981
305 7 3.3782177
305 9 3.8257866
305 43 2.6226447
306 1 2.5002213
306 10 3.4595022
306 12 3.611525
306 22 3.0179727
306 66 3.3133895
312 9 4.1748543
312 15 3.1283734
312 16 3.778722
312 28 3.55102
312 45 2.9625325
326 2 2.611257
326 16 2.944053
326 17 2.1352556
326 25 1.8503995
326 87 2.0641637
327 1 4.0047965
327 9 3.9523726
327 15 3.469822
327 42 3.9169736
327 68 2.9463973
332 7 1.9925227
332 14 1.4531133
332 15 2.9154499
332 34 1.0965296
332 54 1.4128933
340 2 2.6356313
340 5 2.43632
340 7 2.9826791
340 24 2.2051528
340 40 2.0424392
341 2 3.7443256
341 5 3.5155268
341 6 3.8384352
341 19 3.1650796
341 65 2.9893584
345 1 3.6606376
345 11 3.8446095
345 13 3.0136302
345 19 3.0037227
345 49 1.0
347 6 3.0307767
347 16 3.042863
347 20 2.8087687
347 43 2.377658
347 72 3.184242
348 1 3.5518732
348 11 3.6555479
348 20 5.0
348 43 2.8021026
348 68 3.6971216
349 1 3.0179055
349 3 2.7314532
349 6 2.546554
349 15 2.5586214
349 28 2.5254688
352 2 1.0614092
352 9 2.4726806
352 16 1.0
352 24 1.0
352 37 1.5212514
360 1 1.0
360 8 1.0
360 12 1.0
360 14 1.0
360 38 1.0
363 3 3.7260303
363 14 3.3697467
363 21 3.6632473
363 26 2.652083
363 74 3.3617191
371 4 3.0046372
371 11 3.0471013
371 12 3.0018334
371 15 2.2415986
371 37 2.2171674
375 2 2.7882266
375 14 3.4729059
375 18 3.2067676
375 24 2.8740551
375 32 3.0236788
377 2 3.0715115
377 14 3.0702453
377 16 3.821145
377 38 3.0669482
377 56 2.6340187
381 6 1.9624119
381 11 2.2170718
381 15 1.9865775
381 29 1.0858116
381 37 1.9050473
393 4 4.197431
393 8 4.192318
393 12 4.16958
393 15 4.047937
393 22 3.8566737
399 3 3.9580448
399 8 3.4052033
399 9 3.4571445
399 19 2.74141
399 41 1.7939166
400 2 3.2364833
400 8 3.8860638
400 10 4.2722554
400 20 4.41605
400 32 3.5251708
405 5 1.6321528
405 10 2.5767496
405 16 3.0207515
405 20 1.097358
405 40 2.9587362
409 1 1.0
409 4 1.0
409 5 1.0
409 14 1.0
409 54 1.0247685
418 2 2.7987533
418 7 3.3434467
418 8 3.3352892
418 19 2.5657706
418 36 2.552581
429 1 1.2795033
429 24 1.0
429 28 1.2485532
429 43 1.0
429 73 1.0
432 6 1.1355069
432 14 1.6278565
432 16 1.2660584
432 22 1.741046
432 71 1.0
436 1 3.850595
436 12 3.7566342
436 17 2.7864897
436 28 3.3188362
436 39 2.7687721
437 1 1.0
437 9 2.4300406
437 10 1.1035753
437 17 1.0
437 37 1.0
443 4 4.244926
443 8 3.9779985
443 11 3.6824346
443 19 3.4184957
443 37 3.703097
452 3 4.5737333
452 12 3.2226348
452 13 1.5095189
452 34 1.2661669
452 58 4.8221674
454 8 3.38998
454 13 2.2439983
454 27 3.0393817
454 29 1.9086411
454 44 2.914305
455 3 3.0827634
455 6 2.488807
455 9 3.35671
455 15 2.859541
455 27 3.5432885
457 1 3.7107918
457 7 2.6596966
457 10 3.515246
457 16 3.036662
457 62 2.2164881
467 2 4.0766354
467 9 4.189392
467 12 4.314001
467 32 3.856269
467 64 3.6977386
469 2 2.3432927
469 4 3.4329054
469 5 2.8686316
469 16 3.140654
469 28 2.4630325
472 1 1.9263891
472 14 2.5109425
472 20 2.7061985
472 33 2.3820097
472 73 1.6832148
481 1 4.3183184
481 12 4.382799
481 13 3.8773303
481 22 4.362029
481 42 4.0893707
483 6 3.3247547
483 12 3.581764
483 14 3.5071533
483 21 3.6311016
483 54 3.665232
502 8 3.595129
502 12 2.9429946
502 19 1.0
502 35 2.1453602
502 56 1.8960084
509 3 3.3187394
509 18 1.9076817
509 24 2.201233
509 30 1.0
509 48 1.0701845
515 1 1.1173415
515 10 1.7482576
515 13 1.8795986
515 23 1.3772707
515 70 1.0
521 4 2.7874558
521 13 1.6683855
521 16 3.477485
521 24 2.547236
521 48 3.9574227
526 5 2.5226347
526 15 2.79846
526 16 3.205986
526 31 2.446256
526 82 1.6663346
537 4 3.6650033
537 10 4.1208587
537 11 4.0457373
537 19 3.4800787
537 26 3.9462807
538 1 2.0875688
538 7 2.246291
538 8 1.0
538 25 1.2395015
538 48 2.6556346
540 2 2.7971766
540 5 2.934488
540 7 3.0784097
540 23 3.8718374
540 51 2.46091
544 1 3.340037
544 13 2.7079878
544 23 3.8109803
544 26 3.331354
544 44 3.208448
545 4 2.962138
545 16 3.5625777
545 18 2.341056
545 37 3.0679967
545 87 1.451956
551 2 4.170039
551 7 4.0737796
551 8 3.9897518
551 37 3.9826818
551 72 3.4697807
553 4 1.3473963
553 7 1.2924919
553 8 1.0
553 15 1.0
553 38 2.0386238
556 1 3.2716322
556 6 1.8714215
556 9 3.422128
556 13 2.2029881
556 29 1.8804984
563 3 3.3339455
563 8 3.3823357
563 9 3.4559286
563 16 3.8578954
563 29 1.9371392
567 1 3.5849004
567 3 2.9840398
567 4 3.791216
567 9 3.39427
567 58 2.4865336
569 7 3.3594327
569 22 3.2171679
569 27 3.6351166
569 42 3.3893495
569 92 2.32554
571 1 1.0
571 9 3.1011677
571 10 2.7845056
571 15 1.7316358
571 53 1.0
578 4 3.2368765
578 15 3.1665618
578 22 2.9557695
578 39 2.7814121
578 47 3.1955872
582 1 2.1564176
582 13 1.4497747
582 27 2.1837513
582 41 2.6280348
582 51 1.9664603
583 2 4.382543
583 16 4.5175734
583 20 4.785624
583 41 3.509728
583 54 4.480565
585 1 1.7609713
585 15 1.0
585 17 1.0
585 26 1.0
585 48 5.0
586 1 4.100398
586 5 3.1785712
586 6 3.512908
586 10 3.9694865
586 65 2.845508
592 1 3.7906759
592 8 3.2701044
592 12 3.563393
592 14 3.3589048
592 39 2.7459273
598 8 3.5620968
598 20 3.4889026
598 28 3.413494
598 37 3.671404
598 56 3.4280057
602 2 2.7205243
602 8 2.5010376
602 15 1.8212427
602 20 3.8697028
602 35 2.602915
606 8 3.263825
606 19 3.422012
606 20 4.478361
606 27 4.293033
606 66 3.4508393
608 2 3.7534814
608 12 3.784398
608 13 2.89285
608 19 3.0292597
608 50 2.46697
611 1 5.0
611 9 4.1379867
611 11 3.6282475
611 18 2.1548517
611 66 3.9794114
612 5 1.0
612 12 1.0
612 17 1.0
612 24 1.0
612 81 1.0
613 2 2.987766
613 18 1.8658328
613 19 2.1998281
613 35 2.8654866
613 49 1.470965
618 3 3.3311348
618 6 3.1200705
618 11 3.2253275
618 18 2.041666
618 39 3.7935224
623 5 2.91637
623 11 3.5620763
623 14 3.484645
623 23 3.7496207
623 63 1.8055108
627 5 1.9320232
627 10 4.102434
627 16 3.5807397
627 22 3.7484994
627 51 2.820341
635 1 5.0
635 3 3.386926
635 5 2.4843976
635 10 2.797491
635 79 5.0
641 5 4.286548
641 10 4.728013
641 17 3.671974
641 30 3.6532784
641 52 3.7355025
642 1 3.702815
642 12 3.1919315
642 22 2.5372345
642 34 2.2642536
642 61 2.4959006
644 2 3.2413778
644 6 2.060456
644 8 3.113852
644 12 3.5699172
644 38 3.9064975
649 2 3.7077224
649 15 3.2807915
649 19 3.6259885
649 21 4.0072336
649 45 3.5038419
651 4 3.3062072
651 8 3.3858876
651 10 3.7559059
651 17 2.7265022
651 22 3.8555782
657 3 3.3061674
657 13 2.560604
657 16 3.5523155
657 23 3.3266988
657 36 3.3418334
659 6 1.0
659 15 1.9200692
659 23 1.9432788
659 32 3.1394346
659 52 1.1597366
669 7 3.9164448
669 18 2.0273414
669 19 1.0
669 30 1.0
669 77 3.1536276
670 4 3.8427472
670 13 3.2106879
670 15 3.5741134
670 27 3.7765858
670 64 3.2589025
674 1 3.2509856
674 4 2.9405642
674 5 1.7825816
674 15 1.8635733
674 75 1.0632323
696 3 3.8533063
696 7 3.358507
696 13 2.6404178
696 21 3.2738602
696 53 2.3861585
698 1 3.3157659
698 5 3.3604467
698 6 2.5344932
698 9 3.8687105
698 19 3.05264
699 5 2.518035
699 8 2.3761358
699 12 3.8211048
699 21 3.4735796
699 36 2.5147703
700 6 4.1570373
700 11 4.2365136
700 13 3.6257215
700 15 3.9043014
700 26 3.8544378
702 5 1.0
702 16 1.0
702 20 3.392922
702 27 2.6651464
702 55 1.5124872
705 1 2.9976194
705 6 1.0
705 9 5.0
705 42 4.7735476
705 64 3.7399542
711 5 5.0
711 12 3.4824407
711 22 4.0115037
711 32 3.014974
711 50 1.8534214
714 1 4.153115
714 3 4.24155
714 4 3.8694482
714 17 3.1078074
714 53 3.081462
716 1 1.6748317
716 9 1.8355439
716 11 1.5794793
716 28 1.262674
716 61 1.0
722 1 3.1279013
722 4 2.951334
722 6 3.0609655
722 15 3.0371914
722 43 2.1553655
725 7 3.7122226
725 12 3.4477584
725 13 3.0249205
725 26 2.7796726
725 41 2.145017
729 1 1.0
729 17 1.0
729 21 2.0360928
729 34 1.0
729 61 1.0127505
747 5 1.0
747 9 1.4753964
747 23 3.5104954
747 27 3.0991147
747 69 3.6058817
754 5 2.3848658
754 7 2.9920208
754 9 3.3285897
754 14 3.1919408
754 48 3.617885
756 2 2.313252
756 9 3.1254253
756 18 1.0
756 23 2.1987925
756 40 1.4760652
775 1 3.2125041
775 11 2.5303957
775 24 1.5017607
775 37 2.431161
775 65 1.4919231
783 1 3.084594
783 6 2.5063782
783 7 2.8127851
783 12 3.3089213
783 66 2.2985752
791 14 3.2001698
791 17 1.0
791 18 1.8280742
791 22 3.0065804
791 41 2.2283094
792 3 3.7643552
792 5 2.8407993
792 12 3.4590366
792 15 2.988137
792 38 3.9102907
796 2 3.3574526
796 12 2.7745347
796 21 2.5917983
796 23 3.0360086
796 46 4.164176
798 2 1.3302355
798 6 5.0
798 12 1.9131036
798 19 1.0
798 25 1.2348732
803 1 3.7948308
803 14 4.0570555
803 15 3.2861776
803 18 2.7760928
803 59 1.0
805 1 2.6701684
805 9 2.8332596
805 20 2.4031363
805 34 1.4214375
805 59 2.6703427
806 3 4.2472763
806 6 3.821756
806 9 4.255312
806 15 3.6664636
806 44 3.457052
819 3 4.249525
819 7 3.7298393
819 13 2.9857876
819 22 3.5673437
819 55 3.226177
820 9 3.9363713
820 20 3.7708035
820 21 3.4516182
820 38 3.7512274
820 59 2.6408875
824 1 2.4664135
824 7 2.5141866
824 9 3.5751948
824 21 2.859485
824 31 1.6004727
827 2 3.1694398
827 8 3.9833522
827 10 3.959673
827 34 2.7009068
827 41 3.8385136
828 6 3.1366959
828 13 2.6155648
828 18 1.631521
828 34 2.3895993
828 69 3.3623724
831 1 4.03105
831 6 3.512807
831 20 4.661571
831 27 4.94304
831 56 1.7876444
839 1 2.1662774
839 5 1.4776156
839 12 3.128506
839 17 1.5047764
839 26 2.3062916
842 5 3.6918676
842 7 3.9648104
842 18 2.719632
842 25 2.812476
842 42 4.0736837
847 1 2.8768053
847 6 3.4435096
847 14 1.9417024
847 24 1.5208023
847 40 1.0
848 2 4.066759
848 6 3.7953134
848 8 4.0308013
848 13 3.432253
848 22 3.845594
849 1 4.65522
849 9 3.1345797
849 13 2.9524765
849 22 2.9226375
849 66 4.827483
854 5 4.0732555
854 9 4.8780866
854 10 4.5574274
854 21 4.4799485
854 52 3.6479259
855 2 2.837857
855 11 2.9053192
855 13 1.7009975
855 21 2.8686948
855 61 1.9591699
865 9 3.3123767
865 12 2.731718
865 13 2.0547135
865 16 2.906564
865 37 2.6494975
874 2 2.5557694
874 7 2.2394223
874 9 3.6071537
874 14 2.9308617
874 21 3.1764188
878 1 3.466382
878 7 4.0311975
878 8 4.0305066
878 25 3.0160058
878 35 3.275231
882 2 3.189054
882 14 3.2038188
882 16 3.4000242
882 25 1.7404332
882 33 2.6176996
884 4 2.5741756
884 8 2.3956664
884 14 2.5477026
884 33 2.0365357
884 60 1.5499473
885 4 1.1487352
885 11 1.1142594
885 14 1.0989434
885 21 1.0
885 40 1.0
891 2 3.046516
891 23 3.657318
891 28 2.491801
891 38 2.0519652
891 68 2.6993375
892 1 3.1262088
892 13 1.4232295
892 16 1.0
892 24 1.0
892 33 1.0
915 6 2.2408144
915 11 2.3414087
915 12 2.4994411
915 20 3.0761902
915 55 1.0
917 1 3.3511322
917 5 2.669191
917 20 3.5274003
917 27 2.859385
917 88 2.385697
918 1 3.2374086
918 7 3.3780084
918 13 2.6045966
918 20 3.626841
918 32 2.6872597
920 2 4.934149
920 8 5.0
920 11 4.5924525
920 22 4.556484
920 48 4.715735
928 1 3.3109446
928 14 3.184876
928 28 3.0650368
928 32 2.792715
928 75 2.8147118
931 3 3.8103697
931 7 4.0264506
931 13 3.2198875
931 20 4.4150352
931 31 3.3868072
936 1 3.1362493
936 4 2.419254
936 6 1.6401622
936 18 1.0
936 51 1.012201
938 1 3.8096743
938 5 3.0566456
938 7 3.403173
938 21 3.6362138
938 53 2.540327
941 3 3.806929
941 13 2.3083525
941 14 3.1682212
941 22 3.07606
941 35 2.8377454
942 5 2.7111259
942 13 2.2542121
942 15 2.7252262
942 17 2.1940126
942 25 2.0562274
943 1 3.6527658
943 8 3.9065042
943 18 2.972114
943 36 3.142486
943 70 3.2890785
951 2 3.22094
951 7 3.0484607
951 13 2.6152573
951 22 2.8967733
951 74 2.6788163
954 10 3.8305874
954 12 3.545061
954 15 3.1186292
954 21 3.6027408
954 54 3.7284968
958 3 4.212992
958 18 3.2118914
958 22 3.5943134
958 39 3.4771435
958 65 3.2074857
976 9 4.109541
976 19 2.8131444
976 25 1.24915
976 30 2.7141626
976 94 1.2003274
977 12 2.8788188
977 20 3.4200568
977 22 3.11428
977 31 2.2270527
977 45 2.228742
980 1 1.0
980 5 3.09071
980 6 3.1845112
980 15 3.3690836
980 26 3.5827622
981 6 2.9217162
981 9 4.412148
981 15 1.0
981 17 2.59218
981 72 2.2551403
987 4 3.4119391
987 17 2.906288
987 18 2.6474152
987 29 2.5309207
987 47 2.994925
990 1 2.4958575
990 8 2.2634737
990 10 2.5039847
990 12 2.7518363
990 24 2.0213666
1006 1 1.0
1006 9 1.9934789
1006 11 1.5094427
1006 17 1.0
1006 43 1.0
1014 1 3.7618842
1014 7 3.474245
1014 9 4.242538
1014 25 2.4160833
1014 52 2.6400099
1017 4 2.0949962
1017 9 1.7382841
1017 11 1.6303283
1017 19 1.0
1017 57 5.0
1020 11 1.905625
1020 14 1.9788921
1020 16 2.7733428
1020 20 2.3411307
1020 67 1.303885
1022 1 2.6375964
1022 8 1.0
1022 9 2.1519656
1022 19 1.8970772
1022 37 1.4572798
1028 2 2.8157816
1028 14 2.9205732
1028 15 2.550189
1028 58 3.0069175
1028 82 1.5324984
1031 1 4.4939027
1031 10 4.778686
1031 14 4.32833
1031 20 4.88781
1031 75 3.8343272
1032 2 3.301482
1032 10 3.969832
1032 11 3.5753868
1032 21 3.504708
1032 44 3.8131332
1036 2 1.882783
1036 6 1.7068118
1036 8 1.7879741
1036 28 1.8371232
1036 49 1.4456058
1049 10 2.979245
1049 17 1.8033155
1049 19 2.5157945
1049 25 1.921607
1049 40 2.3214939
1057 2 2.4352055
1057 12 2.7753005
1057 15 2.1373725
1057 34 1.5620544
1057 51 1.9824512
1063 1 3.5268533
1063 6 2.3102095
1063 7 1.803608
1063 21 3.4458842
1063 83 2.094588
1066 5 1.810019
1066 12 3.67766
1066 13 2.1445808
1066 15 2.0769217
1066 62 2.3380492
1070 1 1.9414716
1070 4 1.7677288
1070 5 1.0
1070 24 1.0
1070 55 1.0
1071 2 3.2139874
1071 12 3.315975
1071 21 3.3357625
1071 32 2.8942525
1071 39 1.2115526
1085 1 2.9880202
1085 9 3.1319337
1085 11 2.8377476
1085 18 1.7600913
1085 51 2.5215597
1092 1 4.058411
1092 4 3.7035053
1092 8 3.9763284
1092 39 4.5018325
1092 62 3.2477467
1093 1 4.169513
1093 7 3.9064412
1093 13 3.3117
1093 22 3.471638
1093 38 4.228066
1095 3 3.8397565
1095 17 2.783113
1095 19 2.630631
1095 29 1.8650544
1095 36 2.5004528
1099 5 3.741775
1099 10 3.7563448
1099 12 3.7135131
1099 27 3.2349858
1099 59 5.0
1101 3 3.9805408
1101 5 3.0619307
1101 7 3.71846
1101 11 3.5499687
1101 51 3.1992128
1103 2 2.5654476
1103 5 2.8394904
1103 15 3.0164287
1103 24 5.0
1103 48 2.2092485
1106 1 1.0
1106 17 1.0
1106 20 1.0
1106 24 1.0
1106 68 1.0
1109 2 3.0139377
1109 7 3.3291738
1109 20 3.853716
1109 35 2.5402753
1109 41 1.0
1111 2 2.013392
1111 7 2.0557396
1111 10 2.3972101
1111 23 2.4040322
1111 42 1.0
1114 8 5.0
1114 17 1.4044547
1114 21 3.1789045
1114 27 3.3785415
1114 62 3.1074913
1120 1 2.7510211
1120 9 4.8914404
1120 11 4.0709953
1120 29 3.173368
1120 74 1.0
1129 5 1.8185416
1129 9 3.385082
1129 10 2.0483868
1129 19 1.0
1129 36 2.0368164
1136 1 2.5773396
1136 7 2.2501016
1136 9 2.6651845
1136 21 2.314768
1136 64 1.4225898
1150 11 3.4972472
1150 21 3.5170226
1150 25 2.7862751
1150 29 2.6612787
1150 41 2.4773872
1151 1 2.127436
1151 4 1.737956
1151 7 2.2920206
1151 29 1.5352085
1151 44 2.0616577
1155 3 4.634288
1155 15 3.192418
1155 16 4.2868586
1155 36 2.9792466
1155 77 3.9751587
1157 6 1.7103379
1157 8 1.34695
1157 9 1.2841896
1157 20 1.0
1157 42 1.4712119
1172 2 3.7870255
1172 10 4.025584
1172 11 3.739467
1172 25 2.929077
1172 66 3.1269019
1177 2 3.7022786
1177 29 3.993132
1177 34 4.0262575
1177 50 2.8152633
1177 59 2.6279225
1182 2 2.6621995
1182 7 2.6751516
1182 10 2.6069322
1182 14 3.3695695
1182 18 1.8765897
1185 3 1.0
1185 6 2.4178543
1185 7 1.0
1185 14 1.0
1185 31 1.0
1189 1 3.6260736
1189 5 2.824039
1189 6 2.9417026
1189 13 2.5774322
1189 26 2.7904346
1194 2 4.3820705
1194 18 3.3922677
1194 26 4.1840467
1194 39 3.6244526
1194 57 1.1710244
1205 1 2.7187827
1205 5 1.9652326
1205 10 2.6206686
1205 26 1.9600241
1205 48 2.507347
1209 1 3.5413744
1209 6 2.9588938
1209 7 3.0654485
1209 12 3.5792532
1209 37 3.4160483
1214 2 2.6522012
1214 24 1.7509325
1214 26 2.5010276
1214 43 1.8604504
1214 69 1.8116922
1216 1 2.2482967
1216 9 3.682136
1216 10 3.7169728
1216 17 2.3786945
1216 79 1.5991786
1224 1 4.0013695
1224 6 2.4095964
1224 32 3.5866606
1224 39 3.7069814
1224 45 3.7405932
1236 3 4.029115
1236 10 4.140514
1236 17 3.0867705
1236 38 3.9942498
1236 54 3.793255
1243 1 3.8605466
1243 9 3.9486492
1243 10 3.9194405
1243 21 4.423994
1243 29 3.550564
1245 3 3.485939
1245 12 2.709586
1245 17 2.0373225
1245 26 2.617394
1245 53 1.8174328
1246 4 3.508926
1246 11 3.6749108
1246 12 3.6401756
1246 19 2.6863422
1246 43 2.7092314
1249 7 2.7626884
1249 20 2.93464
1249 21 2.828092
1249 23 2.866027
1249 29 1.7587228
1268 2 2.3967328
1268 8 2.5352128
1268 10 3.0294473
1268 19 1.0911335
1268 33 1.6527109
1274 2 3.572317
1274 12 3.5587497
1274 14 3.0156806
1274 20 3.8212638
1274 52 2.8147168
1277 4 1.0
1277 9 1.9387475
1277 10 2.37302
1277 13 1.0
1277 33 1.0
1285 5 2.9622605
1285 12 3.6200128
1285 15 3.1023974
1285 19 2.678086
1285 70 2.0739024
1287 2 1.7626637
1287 8 2.5048962
1287 10 2.9093504
1287 24 1.5126033
1287 71 1.0
1288 2 2.9999983
1288 11 3.079229
1288 15 2.798189
1288 22 2.7588634
1288 47 2.50714
1289 7 1.0
1289 13 1.0
1289 21 1.0
1289 34 1.0
1289 54 3.6542263
1301 1 4.398864
1301 3 4.388359
1301 7 4.205956
1301 12 4.341085
1301 20 4.7324395
1303 8 5.0
1303 10 3.1718051
1303 11 2.805218
1303 36 2.2804248
1303 56 2.1577044
1308 1 3.9504569
1308 12 3.7804532
1308 14 3.4443786
1308 22 3.2310898
1308 37 3.594681
1309 2 3.7173486
1309 11 3.9650435
1309 14 3.6442838
1309 26 3.3644755
1309 65 2.8758595
1313 1 4.4575615
1313 6 4.264841
1313 10 4.2811923
1313 31 3.7949345
1313 58 4.0330358
1314 8 3.1606991
1314 13 2.3683758
1314 20 3.9230094
1314 28 3.158102
1314 60 1.945062
1318 4 3.5202658
1318 7 2.907064
1318 10 3.1806896
1318 15 3.0415416
1318 42 2.1683195
1323 4 2.3042178
1323 10 2.2240114
1323 14 2.6036682
1323 45 2.1944234
1323 67 3.383924
1327 3 2.7604735
1327 8 1.4637033
1327 12 2.2128835
1327 22 2.0101142
1327 28 2.003424
1330 3 4.2078876
1330 8 3.9453
1330 13 3.5446754
1330 29 3.2271523
1330 66 2.2207816
1335 1 4.1834598
1335 5 3.5512304
1335 9 4.1660204
1335 14 3.7660956
1335 40 3.36351
1336 3 4.422828
1336 10 3.7152162
1336 11 4.0320406
1336 24 2.8356566
1336 47 1.0
1337 10 2.653229
1337 14 1.895644
1337 16 1.7011367
1337 28 1.9556525
1337 51 1.2712171
1340 4 2.6952257
1340 12 2.8025212
1340 14 2.5255687
1340 43 1.9306121
1340 93 2.0874166
1343 1 4.3481197
1343 9 4.6049504
1343 13 3.607997
1343 26 4.0413885
1343 51 3.7964017
1344 4 3.304889
1344 6 3.1928642
1344 8 2.9755068
1344 18 2.0403738
1344 47 3.2118134
1357 6 1.2124023
1357 16 2.819346
1357 18 1.6581736
1357 28 2.3704648
1357 49 5.0
1360 1 3.878644
1360 6 5.0
1360 10 4.0170207
1360 23 3.7737713
1360 63 3.0337029
1361 2 2.5631828
1361 5 2.2203252
1361 9 2.8048935
1361 24 2.398236
1361 56 1.3979014
1364 1 1.9012372
1364 16 2.8659306
1364 25 1.0
1364 43 1.0
1364 53 1.2016983
1366 3 3.7670403
1366 6 3.8395221
1366 9 3.562228
1366 12 3.7616017
1366 47 3.3404095
1377 5 3.325056
1377 14 3.490246
1377 17 2.9327688
1377 28 3.329511
1377 53 3.4855416
1381 2 1.0
1381 7 1.0
1381 8 1.0
1381 21 1.0
1381 50 1.0
1382 2 4.0834117
1382 17 3.9274592
1382 18 3.421957
1382 24 3.669332
1382 51 4.2528353
1390 1 2.33229
1390 6 2.272436
1390 18 2.0838816
1390 25 1.5461181
1390 62 3.855641
1393 3 2.83149
1393 7 3.2935839
1393 8 2.0733478
1393 18 1.750422
1393 42 2.417759
1394 2 3.5656586
1394 5 3.258768
1394 6 3.684762
1394 14 3.232138
1394 38 3.4745736
1400 1 4.5583553
1400 6 3.9959035
1400 9 4.555536
1400 15 3.8171933
1400 40 3.5033832
1421 2 1.4690006
1421 6 2.1338968
1421 9 1.787215
1421 13 1.0
1421 27 2.3078089
1432 2 3.0690403
1432 7 3.1521852
1432 11 2.9555223
1432 22 3.0092404
1432 46 1.0
1438 9 3.2263114
1438 16 3.0274107
1438 20 3.766096
1438 28 2.9201477
1438 43 2.0492742
1439 3 4.214439
1439 5 3.8979013
1439 11 4.4552455
1439 18 3.4327621
1439 49 4.859479
1441 4 3.0671456
1441 11 3.4807134
1441 12 3.4206538
1441 16 3.7103653
1441 32 3.260655
1454 3 2.8764458
1454 6 2.7758322
1454 7 3.1374383
1454 12 3.5196927
1454 60 2.6610699
1460 5 2.8330696
1460 9 4.0069194
1460 11 3.6131907
1460 18 2.4354951
1460 39 2.65826
1464 2 3.7847745
1464 11 3.6297169
1464 13 2.9907622
1464 20 4.581668
1464 46 3.3082733
1468 6 3.435919
1468 18 2.2509286
1468 19 3.0232813
1468 24 3.0678623
1468 39 2.8132815
1469 2 2.1767924
1469 6 4.1111784
1469 10 1.7809693
1469 28 1.2044339
1469 49 1.0
1470 2 1.0
1470 5 1.0
1470 8 1.0
1470 12 1.0
1470 36 1.0
1473 1 2.8645058
1473 3 3.2465541
1473 4 2.6299226
1473 7 2.4611893
1473 35 2.0226183
1474 11 4.0326524
1474 17 3.1593406
1474 20 4.1418695
1474 25 3.3791463
1474 34 3.171178
1476 1 2.7038403
1476 7 3.1135614
1476 8 2.0952003
1476 13 1.8384726
1476 54 3.0612962
1478 2 3.935478
1478 12 3.9421597
1478 16 3.907187
1478 24 3.3250542
1478 50 2.790119
1483 8 5.0
1483 18 1.7759789
1483 20 3.4934387
1483 26 1.766294
1483 45 2.6221468
1489 2 3.7937145
1489 5 3.3450148
1489 8 3.760513
1489 24 3.22937
1489 38 3.7045803
1494 1 3.9457238
1494 26 3.6245112
1494 40 3.1086147
1494 46 1.0
1494 81 2.4105437
1499 1 3.693449
1499 10 3.663912
1499 12 3.2555025
1499 19 2.5857186
1499 59 3.2894814
1502 2 3.5376601
1502 5 2.7800667
1502 7 3.3615716
1502 15 2.7537599
1502 43 2.0154123
1507 1 3.904021
1507 16 3.5584447
1507 17 2.9880993
1507 34 2.859321
1507 74 3.0469396
1509 11 3.5550313
1509 17 2.7476583
1509 19 2.6246355
1509 32 2.936039
1509 68 3.5712795
1524 5 1.5160677
1524 11 2.3914566
1524 16 2.2070732
1524 29 1.3741107
1524 45 1.8546174
1532 3 3.4991279
1532 6 2.7825108
1532 7 2.9466655
1532 17 2.3684704
1532 41 2.0854561
1537 7 4.276185
1537 16 4.8500857
1537 17 3.4362705
1537 34 3.7954931
1537 51 3.9985962
1557 1 3.17965
1557 5 2.493658
1557 10 3.1642795
1557 20 3.375916
1557 83 2.1255317
1560 4 3.5883508
1560 10 3.757283
1560 12 3.5779586
1560 15 3.7404675
1560 32 2.950231
1561 6 3.276216
1561 8 3.7016993
1561 16 3.8884838
1561 22 3.5319216
1561 43 2.865914
1566 3 5.0
1566 15 5.0
1566 21 5.0
1566 30 5.0
1566 48 2.987247
1568 2 3.0856864
1568 11 2.8895905
1568 13 2.6378765
1568 26 2.2117999
1568 31 2.4272778
1578 2 1.1989617
1578 6 2.9104497
1578 13 1.0
1578 30 1.0
1578 49 1.0
1583 5 2.2029002
1583 8 2.3164873
1583 13 1.9295698
1583 20 2.7349293
1583 24 1.7188629
1585 1 3.0416043
1585 4 2.5725176
1585 5 2.9571958
1585 9 3.5630012
1585 34 2.4973454
1595 13 2.10278
1595 15 2.059701
1595 16 3.1521158
1595 25 2.3069253
1595 38 3.5762255
1598 2 4.3072968
1598 7 4.392866
1598 10 4.538712
1598 19 3.0674717
1598 50 3.539826
1607 1 3.3546498
1607 7 2.751432
1607 9 3.2333443
1607 16 2.663594
1607 39 2.3887842
1608 1 2.7620382
1608 7 2.1363573
1608 10 2.7861793
1608 20 2.2360635
1608 35 1.7989815
1609 3 2.0306902
1609 17 1.4592791
1609 18 1.11919
1609 44 1.309881
1609 65 1.2294784
1610 1 2.6776664
1610 9 1.9270276
1610 10 2.3053913
1610 17 1.5768754
1610 46 5.0
1614 2 2.1369686
1614 8 3.241547
1614 12 3.4608808
1614 16 1.0
1614 61 1.6003639
1624 3 3.9818382
1624 15 3.4266763
1624 18 2.72654
1624 24 2.9810565
1624 45 3.3791294
1635 2 2.6755517
1635 11 3.7419903
1635 14 2.5793853
1635 21 2.7705903
1635 27 2.0300236
1637 1 4.3865056
1637 6 4.1583424
1637 11 4.509223
1637 14 4.1991186
1637 40 3.7662992
1642 7 1.9093616
1642 10 2.256606
1642 14 1.9717754
1642 18 1.062019
1642 45 1.7468601
1648 6 1.0
1648 12 2.6212745
1648 14 2.3349752
1648 17 2.4524446
1648 39 1.0
1651 1 3.7473764
1651 9 3.8932943
1651 11 3.8567393
1651 23 3.7237093
1651 65 2.889763
1667 8 2.1162982
1667 13 1.6302189
1667 18 1.2000945
1667 22 2.0783572
1667 45 2.07095
1670 3 2.719763
1670 16 2.3875911
1670 18 1.1838299
1670 24 1.5319563
1670 71 1.0
1677 4 5.0
1677 11 1.0
1677 12 3.3726215
1677 25 2.7201304
1677 50 2.4767573
1685 2 4.209781
1685 5 3.5994434
1685 6 2.89264
1685 15 3.2887232
1685 34 2.969573
1706 5 1.7554677
1706 17 1.5804422
1706 21 2.5963538
1706 26 3.7056432
1706 44 3.482301
1707 1 3.4136071
1707 13 2.611972
1707 15 3.0273187
1707 23 3.4350505
1707 52 2.629839
1710 1 3.1576684
1710 10 3.2167013
1710 15 2.5025606
1710 19 2.209153
1710 32 2.6443548
1717 2 3.4840565
1717 7 3.793854
1717 9 3.6434987
1717 20 3.6976917
1717 51 2.9006689
1718 1 3.0410473
1718 8 1.0
1718 9 1.0071709
1718 21 1.2100855
1718 45 1.2574613
1719 4 1.0
1719 11 5.0
1719 13 5.0
1719 20 4.6034636
1719 43 3.6475825
1720 3 4.3879523
1720 6 4.1149254
1720 9 4.8231645
1720 21 4.539906
1720 48 4.4576735
1722 2 3.0344617
1722 7 3.041144
1722 10 2.1689813
1722 18 1.231181
1722 43 1.2096906
1725 6 4.129956
1725 21 4.254354
1725 25 3.581354
1725 34 3.6857655
1725 60 3.190943
1727 8 4.149651
1727 19 3.5910442
1727 23 4.265262
1727 31 3.4294708
1727 55 3.6305149
1739 4 1.0
1739 9 1.0
1739 20 1.0
1739 28 1.0
1739 44 3.5296092
1744 4 2.9883776
1744 14 2.9896753
1744 16 2.2812023
1744 30 2.9018497
1744 53 2.0970597
1751 6 2.3672235
1751 8 3.8778028
1751 15 2.9225616
1751 21 3.2838993
1751 44 3.2077482
1752 3 3.3678384
1752 22 3.1648529
1752 25 3.3408842
1752 32 2.9744601
1752 52 1.9887729
1754 7 3.0131354
1754 11 3.4833374
1754 13 2.364476
1754 15 2.904839
1754 31 2.639417
1760 1 2.5764675
1760 6 3.0867848
1760 7 2.9896665
1760 22 3.3800983
1760 47 3.0918527
1763 2 2.5884936
1763 8 3.0420427
1763 12 3.0624413
1763 20 3.8502417
1763 43 2.4020858
1768 1 4.9523454
1768 8 4.387598
1768 13 3.6621938
1768 24 3.3667538
1768 34 3.5804524
1787 1 1.0
1787 9 1.7007315
1787 11 2.0969303
1787 42 1.0
1787 77 2.004331
1790 9 3.5476007
1790 15 2.9358826
1790 16 3.2463875
1790 31 2.383011
1790 41 2.0939965
1794 6 2.8628771
1794 20 3.779111
1794 21 3.434431
1794 35 3.4598215
1794 56 2.8844824
1796 4 2.3553288
1796 14 2.946437
1796 17 1.9887275
1796 27 2.7119913
1796 68 2.5619953
1804 1 4.342854
1804 8 3.8089879
1804 17 3.3848615
1804 46 3.3775108
1804 66 3.9148238
1810 2 3.2194483
1810 11 3.6750865
1810 18 1.0
1810 39 2.8682983
1810 58 5.0
1815 4 2.377897
1815 14 2.8235192
1815 18 1.981904
1815 23 5.0
1815 37 2.4099565
1816 4 3.26889
1816 13 1.9400821
1816 15 2.2994366
1816 29 1.2448173
1816 47 1.4775972
1819 2 1.6462506
1819 5 1.8366176
1819 12 1.0
1819 27 1.0
1819 41 1.0
1822 1 2.9235299
1822 3 3.8584273
1822 4 2.5029094
1822 16 3.394998
1822 44 4.768299
1829 1 1.4031172
1829 7 3.1404085
1829 8 2.8249125
1829 12 2.9882076
1829 39 2.5342424
1835 2 2.1645203
1835 9 2.9133642
1835 12 2.0986462
1835 18 1.0
1835 39 1.0
1837 4 2.767018
1837 8 3.7285085
1837 20 3.8942575
1837 23 3.43257
1837 51 3.09601
1838 1 2.2844467
1838 4 3.1062558
1838 17 2.777038
1838 36 3.6086128
1838 43 2.355722
1841 3 5.0
1841 11 4.5989437
1841 15 5.0
1841 22 4.222898
1841 62 4.938613
1847 5 1.0
1847 15 1.0
1847 16 1.3479493
1847 26 1.4685223
1847 49 1.0
1850 5 1.0
1850 10 2.772833
1850 12 2.7091637
1850 24 1.2782547
1850 68 2.0388288
1856 2 2.6687288
1856 5 2.399437
1856 6 3.450651
1856 18 1.4512516
1856 49 3.2188587
1857 1 2.34363
1857 11 2.182406
1857 12 2.6477225
1857 21 2.1893265
1857 46 1.3346943
1860 1 3.4182093
1860 10 2.7532475
1860 11 3.1486137
1860 14 2.7067661
1860 26 3.4616995
1861 12 3.3547077
1861 19 2.676726
1861 23 3.7648606
1861 39 2.2148972
1861 78 1.5330384
1873 2 3.4472349
1873 11 3.1118746
1873 15 3.2524917
1873 25 2.8823023
1873 38 3.795448
1879 4 2.8839753
1879 9 4.096092
1879 10 2.9558327
1879 36 3.4033706
1879 43 2.8392956
1880 1 3.9033008
1880 9 1.0
1880 17 1.2898189
1880 44 5.0
1880 65 4.511749
1885 1 4.245182
1885 6 3.7932785
1885 10 4.3685284
1885 31 3.4571624
1885 51 3.6104918
1891 3 3.8575125
1891 8 3.8584085
1891 11 3.963352
1891 18 2.4768298
1891 29 2.824431
1892 4 2.2796304
1892 8 2.4957168
1892 13 1.9262233
1892 26 2.7187467
1892 32 2.6051524
1895 2 4.1602707
1895 18 3.340218
1895 19 3.455235
1895 32 3.6969204
1895 69 3.9151807
1898 1 3.6989946
1898 6 1.8745984
1898 13 2.8376782
1898 26 3.6153526
1898 46 2.6205688
1903 2 2.386825
1903 10 3.5075362
1903 12 2.7771297
1903 27 3.9280674
1903 47 2.225573
1907 14 4.199995
1907 18 2.4252162
1907 29 2.5349436
1907 35 3.8128116
1907 52 2.7470272
1908 1 2.062467
1908 9 2.6453366
1908 12 2.2422285
1908 15 1.7619457
1908 36 1.55218
1912 7 5.0
1912 11 3.2637808
1912 20 5.0
1912 31 2.307205
1912 60 1.3300586
1914 1 4.543654
1914 10 3.8889472
1914 11 3.8532512
1914 17 2.9213028
1914 41 2.7346077
1916 8 2.6737726
1916 12 2.769531
1916 22 2.5584972
1916 31 2.307116
1916 50 2.1096334
1918 1 3.239937
1918 10 3.083137
1918 13 2.2243176
1918 24 2.331441
1918 45 2.8083417
1925 7 3.6050792
1925 13 2.8775694
1925 14 3.5388088
1925 18 2.6295183
1925 42 3.5341687
1931 4 5.0
1931 18 1.0
1931 22 1.0
1931 47 1.0985878
1931 89 2.134631
1938 1 3.8282344
1938 4 3.7579186
1938 9 4.554916
1938 13 3.362867
1938 36 3.0322056
1945 3 4.4655232
1945 11 4.1581635
1945 12 4.028303
1945 40 3.1032243
1945 54 4.771458
1946 2 2.9758878
1946 6 1.7061198
1946 10 2.7673411
1946 15 1.9455669
1946 33 2.187009
1948 12 3.7981994
1948 25 2.3447022
1948 27 3.5841546
1948 39 2.3319206
1948 70 4.136589
1959 10 3.11011
1959 19 2.5010672
1959 22 2.9435132
1959 35 2.845116
1959 78 5.0
1969 3 2.781702
1969 7 2.4090066
1969 8 1.4168214
1969 19 2.4383843
1969 34 1.6173558
1972 6 2.111671
1972 13 2.1801076
1972 14 3.327521
1972 22 2.8261764
1972 33 2.4354954
1976 3 5.0
1976 10 2.9378657
1976 25 1.5686089
1976 28 2.0458736
1976 39 3.1030393
1978 1 3.4759655
1978 4 2.7942405
1978 12 3.185249
1978 24 2.5341206
1978 34 2.3460608
1982 1 3.7402155
1982 10 4.204064
1982 15 3.5867648
1982 31 3.200576
1982 57 5.0
1983 1 3.4708493
1983 12 3.0397635
1983 17 2.4899075
1983 20 2.5438972
1983 53 2.470004
1989 2 1.7672209
1989 9 2.5666263
1989 17 1.0
1989 22 2.111752
1989 51 1.346124
2003 3 2.8683953
2003 8 3.2710626
2003 10 3.6111584
2003 14 2.9683416
2003 36 2.6507442
2006 1 4.133014
2006 11 4.107914
2006 17 3.3546047
2006 23 4.2171354
2006 88 3.092373
2011 2 1.8790958
2011 16 1.8954831
2011 21 2.3085163
2011 29 1.0
2011 40 1.4520847
2014 3 3.802831
2014 8 4.5697284
2014 11 3.9988909
2014 18 2.9645734
2014 29 3.0102026
2024 5 2.8616312
2024 11 3.412133
2024 12 3.8008928
2024 24 2.7090576
2024 49 3.2180521
2027 7 1.0
2027 20 2.363007
2027 23 1.1998996
2027 30 1.0
2027 54 5.0
2031 6 2.4862385
2031 11 2.6180198
2031 13 2.4367273
2031 20 2.4342904
2031 49 4.423754
2032 1 4.335719
2032 8 3.6337628
2032 9 4.4466124
2032 31 3.5199127
2032 59 3.7779279
2044 4 1.5361626
2044 11 2.142726
2044 20 3.6426952
2044 31 1.0983398
2044 74 3.6528533
2055 2 2.8125706
2055 11 2.664831
2055 18 1.5948204
2055 23 2.9065337
2055 33 1.9832168
2058 3 3.6134424
2058 9 3.7826257
2058 10 3.1673977
2058 23 3.3325968
2058 44 2.7308664
2062 6 2.1080968
2062 33 1.2075584
2062 35 1.365306
2062 48 1.6420122
2062 58 1.0549083
2067 1 2.1116037
2067 5 1.0
2067 10 2.069651
2067 23 2.0930147
2067 54 2.978397
2069 6 2.6749952
2069 13 2.7039824
2069 24 2.7309284
2069 47 2.9246066
2069 71 1.0
2073 5 3.9685173
2073 8 2.7486455
2073 14 3.1581917
2073 23 2.572989
2073 43 1.5527854
2080 1 4.2436395
2080 5 3.0082965
2080 7 3.0748
2080 12 3.5317314
2080 34 2.887442
2081 3 4.2054343
2081 7 3.9514182
2081 9 4.5238643
2081 14 4.1239405
2081 36 3.4713383
2082 1 3.064804
2082 13 3.634004
2082 15 4.458086
2082 38 4.3366394
2082 67 5.0
2085 2 3.8801734
2085 7 3.6797817
2085 8 3.484684
2085 18 2.7813413
2085 45 3.3779154
2087 1 3.5243208
2087 4 3.4345298
2087 5 2.8558683
2087 13 2.6137447
2087 44 2.97643
2092 13 2.4560695
2092 17 1.729316
2092 32 2.9808977
2092 34 1.8126372
2092 47 2.2182367
2093 1 5.0
2093 8 3.6774065
2093 9 4.0661564
2093 15 3.347445
2093 31 3.4287155
2099 2 3.6118212
2099 11 3.4513636
2099 15 3.0483778
2099 26 3.2348142
2099 51 2.783065
2100 2 3.9405522
2100 15 4.7025023
2100 27 3.81849
2100 32 3.472432
2100 58 4.427931
2105 5 2.0510287
2105 9 2.7927275
2105 10 2.5498555
2105 17 1.6443484
2105 33 1.7172568
2106 1 3.9842873
2106 8 3.577189
2106 10 3.7149246
2106 25 2.1741588
2106 49 3.030511
2108 6 2.171643
2108 8 3.2395244
2108 9 3.4853594
2108 20 3.2344346
2108 60 1.833296
2122 11 2.9676192
2122 15 2.7345045
2122 18 2.111078
2122 44 1.4121304
2122 50 3.0694335
2124 1 3.629197
2124 3 4.081781
2124 8 3.9408202
2124 13 2.9560974
2124 49 1.0
2126 5 3.5690153
2126 8 4.069555
2126 11 4.0065727
2126 14 3.82723
2126 31 2.920928
2127 1 2.7127187
2127 4 3.084753
2127 6 2.4352913
2127 24 1.0
2127 85 1.0
2129 2 3.70657
2129 6 3.8404167
2129 10 4.220147
2129 18 2.9829395
2129 29 3.3975024
2132 1 4.1810026
2132 5 3.6946602
2132 9 4.5645175
2132 21 4.222738
2132 41 4.986722
2139 6 1.5983953
2139 15 1.0
2139 20 1.0
2139 32 1.4008011
2139 50 1.4517999
2144 10 1.992184
2144 19 1.0
2144 22 1.5429276
2144 27 3.7004883
2144 51 1.2375011
2148 1 1.0
2148 8 2.4354074
2148 15 2.9514735
2148 22 3.242303
2148 45 3.1642346
2159 4 2.5884366
2159 18 2.092206
2159 27 3.3055196
2159 31 2.663982
2159 53 1.9662148
2163 2 3.5040061
2163 5 2.866395
2163 8 2.9183433
2163 19 2.9020758
2163 50 2.303796
2168 2 4.196588
2168 4 3.9946783
2168 7 4.271751
2168 18 3.4545045
2168 69 3.483346
2179 9 4.5751147
2179 14 3.9719691
2179 16 4.1808248
2179 25 2.8517854
2179 41 3.5903115
2182 2 3.8321936
2182 4 3.7334087
2182 6 3.626511
2182 28 3.7879887
2182 38 4.0125985
2199 11 2.6968596
2199 18 1.4597758
2199 22 2.4144237
2199 32 2.4232037
2199 42 2.7182508
2208 1 4.0955534
2208 13 2.981422
2208 14 3.564602
2208 31 2.980948
2208 47 3.1310835
2218 5 3.3372
2218 7 3.4944632
2218 10 3.587182
2218 17 2.0784724
2218 41 1.0
2222 1 2.0875368
2222 15 1.1903682
2222 16 2.9278953
2222 33 1.0
2222 65 1.6451845
2224 1 3.4286811
2224 6 1.3547318
2224 7 2.9561138
2224 20 4.6257925
2224 43 2.4451754
2226 2 2.419719
2226 14 1.5424597
2226 17 1.3741035
2226 23 1.6814281
2226 74 3.2540379
2227 3 4.3005147
2227 7 3.157087
2227 13 1.1416795
2227 22 2.701677
2227 53 1.0
2234 1 4.733134
2234 10 4.7300873
2234 13 4.064558
2234 25 4.0786934
2234 52 3.6411889
2235 1 3.797741
2235 15 3.3785648
2235 18 2.6850572
2235 40 2.952738
2235 59 3.2043762
2238 9 3.4886622
2238 14 3.0375931
2238 22 3.0321097
2238 30 2.5716
2238 48 3.1666126
2242 1 3.9836938
2242 3 3.8103395
2242 6 3.7973924
2242 9 4.2883186
2242 22 3.4215965
2244 1 1.958612
2244 12 2.17596
2244 16 2.2104983
2244 21 1.9929031
2244 46 1.8462403
2247 3 3.9383025
2247 21 3.6870003
2247 23 3.927746
2247 28 3.3591921
2247 39 3.3091664
2263 1 4.442786
2263 3 4.1973996
2263 5 3.770911
2263 10 4.340551
2263 32 3.954535
2265 3 3.7349164
2265 12 3.2408547
2265 13 2.3964815
2265 18 2.0989861
2265 36 2.7808084
2268 4 3.935511
2268 6 2.6084948
2268 7 4.243187
2268 25 3.5748267
2268 70 3.1279318
2269 1 3.7939644
2269 3 4.0627317
2269 5 3.6776338
2269 18 2.9802454
2269 29 2.9359632
2270 1 3.827703
2270 7 1.2816249
2270 11 3.4820714
2270 20 2.5211067
2270 43 3.0539277
2272 4 1.0
2272 11 1.0934674
2272 13 1.0
2272 21 1.0
2272 38 3.7272995
2276 3 1.5159484
2276 10 1.9829218
2276 14 1.7820288
2276 23 2.062374
2276 58 2.3831654
2279 4 4.1954546
2279 13 3.7630906
2279 14 3.8373456
2279 16 2.972783
2279 28 4.055897
2292 2 2.7544534
2292 4 2.602292
2292 11 2.900984
2292 29 1.8023726
2292 57 1.0
2297 1 1.0
2297 8 2.2278597
2297 13 2.1859446
2297 17 1.3511236
2297 28 2.954794
2299 5 2.6940687
2299 7 3.3569832
2299 14 3.429703
2299 25 2.3940778
2299 39 2.6232631
2305 1 2.6394591
2305 9 4.1671023
2305 10 3.1857305
2305 23 2.9799688
2305 31 1.0
2306 2 2.9951658
2306 5 2.5706453
2306 8 2.8357165
2306 14 3.1031973
2306 52 1.9485741
2308 1 3.0119047
2308 9 3.0251305
2308 12 2.9511766
2308 28 2.6284354
2308 35 2.1947494
2314 3 4.085721
2314 18 2.3376718
2314 35 3.0718534
2314 44 5.0
2314 59 2.6702278
2315 1 1.0
2315 12 1.1084772
2315 16 1.0491014
2315 21 1.0
2315 64 1.0
2324 6 2.809624
2324 12 3.5533934
2324 20 4.347227
2324 36 2.2944343
2324 64 2.3095713
2327 1 4.0462513
2327 6 3.7239115
2327 11 4.0796175
2327 14 4.01728
2327 77 3.9930634
2330 1 2.7364798
2330 3 4.0527453
2330 4 3.610552
2330 16 4.0685964
2330 51 3.4498806
2335 1 2.4153485
2335 11 2.4638937
2335 14 2.4199984
2335 23 2.1540833
2335 54 3.5446565
2336 1 3.7844284
2336 13 2.730277
2336 14 3.1821692
2336 22 3.068567
2336 74 3.2423441
2348 2 2.4174151
2348 23 3.7769148
2348 29 1.8939366
2348 31 3.074585
2348 64 1.0
2350 3 2.5500054
2350 6 2.4076958
2350 13 3.095789
2350 17 2.6355286
2350 32 4.3240128
2351 3 2.738611
2351 11 3.628212
2351 14 2.2388415
2351 20 2.4704375
2351 47 2.2378974
2354 24 2.5452495
2354 31 2.4598842
2354 36 2.1795392
2354 41 5.0
2354 70 1.7818037
2361 9 3.8791203
2361 12 4.0400524
2361 15 3.5868292
2361 17 2.9132164
2361 43 3.2032921
2367 8 1.0
2367 20 4.0002594
2367 21 2.6408684
2367 26 1.0
2367 51 1.3517935
2369 1 3.427125
2369 4 2.9272714
2369 14 2.7299094
2369 25 2.5171185
2369 48 3.5647707
2388 1 1.8630106
2388 11 3.0573251
2388 16 3.460526
2388 19 2.7208645
2388 89 5.0
2396 3 1.8055367
2396 13 1.5930707
2396 14 1.0
2396 21 2.524374
2396 35 1.5574199
2398 4 2.3788414
2398 10 3.613041
2398 12 3.0971248
2398 17 2.7604265
2398 65 2.3875127
2403 1 4.364522
2403 9 4.8296256
2403 12 4.408408
2403 17 3.3230147
2403 46 3.464529
2407 6 2.3923306
2407 17 1.7365674
2407 23 3.228228
2407 31 1.5897925
2407 54 3.0228024
2408 3 4.4397445
2408 6 3.8362024
2408 12 4.359434
2408 16 4.5285544
2408 63 3.6034
2410 1 4.2249575
2410 12 4.0979724
2410 19 3.4346108
2410 68 3.6539545
2410 88 3.3508637
2412 4 2.1057343
2412 9 2.3293002
2412 12 2.4711273
2412 32 2.1604288
2412 59 1.2353523
2413 6 2.7862537
2413 23 3.1812134
2413 24 2.7400074
2413 34 1.8974886
2413 53 1.6015332
2417 4 3.1822457
2417 7 3.1598573
2417 8 2.7683566
2417 11 3.090666
2417 46 4.5725274
2419 1 4.1523585
2419 20 3.2911885
2419 22 3.650198
2419 28 3.722007
2419 60 1.7885016
2443 2 2.6450999
2443 14 2.6988041
2443 16 2.8297997
2443 22 2.4484525
2443 34 1.9034717
2452 4 2.6250525
2452 8 1.603965
2452 17 1.1367998
2452 30 1.0
2452 45 1.0
2454 1 3.810102
2454 9 4.3844666
2454 16 3.986595
2454 28 2.8080022
2454 67 1.8632283
2458 1 3.7392826
2458 6 3.6694646
2458 13 3.3252487
2458 26 3.4114113
2458 41 1.0
2460 1 2.509757
2460 14 2.061833
2460 16 2.4193733
2460 39 5.0
2460 57 1.1353596
2466 2 3.9646654
2466 13 3.6557074
2466 19 3.2947724
2466 29 3.4152331
2466 62 3.9728029
2473 5 2.1000469
2473 8 2.2469554
2473 9 3.7152157
2473 24 3.101324
2473 51 2.7654681
2476 6 3.0305147
2476 13 2.932022
2476 16 3.6448967
2476 32 4.2978134
2476 70 1.9701009
2477 5 2.4855785
2477 17 2.07528
2477 21 2.8573196
2477 25 1.9920183
2477 79 2.3570895
2478 4 4.304774
2478 9 4.833792
2478 12 4.540369
2478 14 4.5646353
2478 42 4.2154665
2490 2 2.9569392
2490 11 2.7312
2490 16 2.6928878
2490 31 2.2148867
2490 46 2.5926545
2493 5 3.026425
2493 10 3.7969847
2493 15 3.2907968
2493 19 2.6279056
2493 58 3.1457195
2495 1 4.6975856
2495 6 1.8116962
2495 8 1.0
2495 16 1.5600854
2495 65 1.4738177
2496 2 3.4143991
2496 8 2.6252825
2496 9 3.0314147
2496 19 2.6154659
2496 64 2.8491259
2505 2 3.4921367
2505 6 2.1144536
2505 9 3.388208
2505 21 3.188075
2505 76 2.4502473
2510 1 3.732059
2510 20 3.7727373
2510 21 3.4457548
2510 30 2.8954024
2510 61 2.0907514
2511 2 2.5930657
2511 6 1.0843902
2511 8 2.2990093
2511 19 2.0451221
2511 39 3.0306993
2522 12 3.3054726
2522 17 2.8006237
2522 22 3.037813
2522 32 2.8562112
2522 61 3.2931786
2523 1 2.692068
2523 12 2.5595188
2523 16 2.682222
2523 44 2.3747623
2523 77 5.0
2524 6 1.8098965
2524 12 2.684895
2524 14 1.9215748
2524 19 1.7677624
2524 42 1.0
2529 2 3.55512
2529 8 2.9925876
2529 11 3.1055696
2529 32 3.3293235
2529 64 3.7520008
2535 1 2.0219364
2535 11 2.1597452
2535 12 2.4511714
2535 23 2.1782694
2535 47 2.333353
2536 8 3.3503304
2536 15 3.1256902
2536 16 2.9541922
2536 24 2.152603
2536 44 1.0
2537 1 1.0
2537 4 2.7869985
2537 7 3.119145
2537 12 2.8694403
2537 27 3.255102
2547 2 1.636856
2547 6 3.002733
2547 16 1.1711165
2547 19 1.6246004
2547 38 1.1481898
2553 1 3.6833768
2553 6 3.2293625
2553 7 3.686347
2553 21 3.465659
2553 31 2.9089375
2557 3 3.6672978
2557 8 5.0
2557 20 4.070567
2557 24 3.2612896
2557 44 1.0
2563 6 1.8505429
2563 8 1.9760857
2563 10 2.0520813
2563 20 2.7920978
2563 78 1.2091048
2569 8 3.3856394
2569 17 3.17938
2569 18 2.936346
2569 26 3.6266103
2569 35 3.5184574
2572 3 3.5860198
2572 11 2.6195428
2572 13 1.9291654
2572 25 1.6651056
2572 89 3.420117
2573 3 4.4533687
2573 20 4.311281
2573 28 3.9805608
2573 38 4.258114
2573 69 3.2530928
2578 2 2.6898918
2578 10 1.2096123
2578 20 2.9397974
2578 35 2.1939788
2578 46 5.0
2579 2 3.9149213
2579 12 3.7868617
2579 17 2.8204136
2579 30 3.0360546
2579 61 2.756154
2590 5 3.229105
2590 7 2.8996
2590 9 4.1791787
2590 30 1.0
2590 94 3.106768
2598 4 3.242751
2598 11 3.2695565
2598 19 2.8421354
2598 51 2.6520185
2598 71 3.0547976
2599 3 1.7174985
2599 10 1.9792747
2599 11 1.9396731
2599 17 1.3795922
2599 76 1.0
2606 5 5.0
2606 13 2.070217
2606 15 2.0257046
2606 24 2.3780982
2606 72 2.5989602
2617 2 3.8326254
2617 5 3.4271407
2617 7 3.5078547
2617 15 3.5685399
2617 38 3.9214723
2618 5 3.0145442
2618 20 4.8591523
2618 22 2.6330686
2618 27 2.8485694
2618 44 1.0
2622 4 1.0
2622 10 2.6982696
2622 12 2.1341481
2622 42 2.848532
2622 62 2.5104818
2628 3 4.4475584
2628 8 3.8883324
2628 9 4.2485704
2628 14 4.0287695
2628 42 3.846075
2632 1 3.6058862
2632 3 3.9662871
2632 13 2.2256308
2632 29 2.3487072
2632 72 3.598651
2635 2 2.0721192
2635 6 1.598316
2635 9 2.4907744
2635 18 1.0
2635 31 1.4640319
2639 1 4.2476354
2639 4 3.8447878
2639 5 3.4151235
2639 19 3.3833406
2639 62 5.0
2640 3 3.361368
2640 11 2.908424
2640 14 3.042164
2640 30 2.303085
2640 67 2.4252129
2643 5 3.5916557
2643 12 4.082922
2643 15 3.6725993
2643 20 4.4765773
2643 28 3.9620295
2648 6 2.7744584
2648 11 1.9187808
2648 12 2.9405901
2648 38 2.6883392
2648 59 1.3760332
2651 3 4.0071597
2651 12 3.8424275
2651 13 3.0628273
2651 43 2.9395566
2651 95 1.0
2652 1 3.687985
2652 4 2.4687233
2652 6 2.932417
2652 9 3.1462712
2652 48 5.0
2654 6 2.938044
2654 13 2.6008763
2654 16 3.6164932
2654 23 3.6096542
2654 46 2.951634
2660 2 3.750461
2660 10 4.360882
2660 11 4.317726
2660 20 4.882529
2660 67 4.350671
2663 2 3.281831
2663 7 3.08475
2663 8 3.7040637
2663 22 3.2109854
2663 72 2.0779004
2665 5 2.565695
2665 14 2.9437425
2665 25 2.3945243
2665 27 3.0873115
2665 83 1.5367352
2668 2 3.1938195
2668 7 3.3297372
2668 10 3.2297807
2668 18 1.9791692
2668 31 2.2240548
2669 1 2.7977362
2669 8 3.4370737
2669 9 3.0614047
2669 24 2.0304554
2669 42 2.8938065
2672 6 3.5391333
2672 13 3.249334
2672 15 3.5222695
2672 22 3.6244004
2672 68 2.180696
2679 7 4.5537944
2679 19 1.379955
2679 20 3.9429946
2679 26 2.657619
2679 46 1.0
2685 2 4.1169004
2685 20 4.808936
2685 35 3.6686156
2685 43 3.1458654
2685 48 4.387516
2691 4 2.0032256
2691 10 2.891591
2691 12 2.699068
2691 22 2.545638
2691 48 3.2418432
2695 3 3.1169205
2695 12 2.0295212
2695 15 1.0752159
2695 18 1.0
2695 75 1.4182172
2696 2 2.5336041
2696 13 2.3201895
2696 17 2.051469
2696 26 3.0434434
2696 55 2.2054126
2698 2 3.2955732
2698 16 3.1698294
2698 18 1.4420869
2698 29 1.9040344
2698 55 2.7283568
2701 3 3.0472202
2701 12 3.0439124
2701 15 2.0370355
2701 29 1.7582524
2701 59 2.2273786
2702 2 3.8853195
2702 20 3.554053
2702 25 2.5656388
2702 39 3.252716
2702 45 3.843596
2703 3 3.1013699
2703 6 2.6602414
2703 13 1.953087
2703 31 1.9787045
2703 51 3.3248584
2707 3 4.1253724
2707 13 3.2483637
2707 22 3.4823601
2707 30 3.6974406
2707 65 3.0794306
2708 2 3.8729725
2708 9 4.2024083
2708 11 3.7974062
2708 26 3.710899
2708 31 3.1647608
2709 1 3.251435
2709 6 3.5159268
2709 13 2.976679
2709 18 2.3223002
2709 45 3.1297748
2710 10 4.1515937
2710 14 3.761554
2710 15 3.9780178
2710 19 3.3824599
2710 35 3.5414739
2712 9 3.710363
2712 19 2.697014
2712 20 4.0753393
2712 24 2.9236188
2712 29 2.8676817
2722 5 2.901209
2722 8 2.998928
2722 9 4.1998167
2722 16 4.350324
2722 35 3.0648985
2732 1 1.6240097
2732 22 1.3977001
2732 27 1.4207714
2732 33 1.042658
2732 42 1.1721674
2739 7 3.5889976
2739 13 3.0901957
2739 14 3.198943
2739 31 2.7837982
2739 43 3.1257374
2748 2 4.284929
2748 11 4.0934114
2748 17 3.362865
2748 20 4.662141
2748 47 3.9004884
2750 1 3.403678
2750 10 3.4301813
2750 11 3.3960001
2750 16 3.1836436
2750 86 1.0
2751 5 3.787653
2751 19 3.7533655
2751 20 4.262663
2751 32 4.240517
2751 57 2.602801
2752 4 2.3937628
2752 10 2.919583
2752 11 2.7763884
2752 29 1.9284388
2752 46 3.5996099
2758 6 3.797286
2758 11 4.104061
2758 23 4.086485
2758 31 3.5421028
2758 67 3.4528854
2761 9 4.3953104
2761 13 2.681685
2761 15 2.9776063
2761 32 3.5235205
2761 41 2.2475162
2764 3 2.935826
2764 16 3.2366743
2764 17 2.2662752
2764 46 2.9613643
2764 69 1.9328446
2769 5 2.4434516
2769 7 3.180203
2769 8 2.4311185
2769 17 1.7405293
2769 41 1.600239
2779 5 1.0
2779 20 3.253007
2779 21 1.0
2779 30 4.410623
2779 61 3.3151083
2780 5 2.272945
2780 14 2.662141
2780 19 1.9252138
2780 23 3.3180707
2780 28 2.497762
2784 1 3.4589508
2784 7 2.334197
2784 8 1.4421399
2784 13 1.9289654
2784 42 2.8671935
2785 1 3.1050131
2785 4 2.903687
2785 11 2.892466
2785 24 1.4269757
2785 51 1.7762617
2790 7 3.4489536
2790 15 3.0218155
2790 17 2.5922341
2790 38 3.9038563
2790 86 2.4352524
2795 1 1.8475703
2795 9 2.257072
2795 14 1.9146138
2795 43 1.1965411
2795 66 1.0
2802 3 3.9284909
2802 14 3.005887
2802 18 1.4420767
2802 39 2.4616988
2802 54 2.4057283
2807 2 3.8340554
2807 11 3.8935323
2807 12 3.9019368
2807 19 3.2550116
2807 33 3.2539065
2810 3 1.0
2810 6 1.0
2810 8 1.0
2810 16 1.0
2810 22 1.0
2819 2 1.0
2819 6 1.0
2819 9 2.1193924
2819 20 2.2710981
2819 65 1.0
2821 3 3.4210033
2821 7 3.6177711
2821 8 3.7762144
2821 10 4.1363773
2821 26 3.1677432
2826 1 4.5759053
2826 7 3.82521
2826 8 3.825885
2826 10 4.383093
2826 72 4.516017
2835 5 2.519415
2835 9 3.361047
2835 10 3.2739
2835 17 2.2666683
2835 20 3.4172816
2841 1 4.2194695
2841 8 4.504799
2841 9 4.8697543
2841 27 3.915285
2841 65 3.724512
2858 3 4.113542
2858 9 3.678959
2858 11 3.2688253
2858 16 3.0766954
2858 25 2.4706538
2862 3 5.0
2862 8 3.8304005
2862 9 4.5076427
2862 22 3.4348989
2862 46 1.899971
2871 4 2.4352849
2871 9 2.5540926
2871 13 1.6013932
2871 22 2.6218705
2871 72 1.0
2872 2 2.9218345
2872 13 2.3252108
2872 17 2.2073438
2872 38 3.2851768
2872 71 2.3581667
2878 4 3.3511655
2878 7 3.565176
2878 10 3.7428582
2878 40 3.0375144
2878 59 5.0
2880 4 3.3051672
2880 17 2.4507694
2880 20 4.1222234
2880 34 2.3120487
2880 48 3.5392332
2888 2 1.5777358
2888 4 2.2254853
2888 11 1.5230801
2888 18 1.0
2888 32 2.3016288
2894 7 2.9147785
2894 13 2.2884388
2894 16 2.4741952
2894 23 3.0522373
2894 39 1.0
2898 2 3.257335
2898 9 3.7292314
2898 13 2.6852684
2898 25 2.4296346
2898 44 3.674032
2899 1 3.7685711
2899 5 3.6178734
2899 12 3.7240345
2899 24 3.4724574
2899 66 3.0788786
2907 2 4.030839
2907 15 3.6915352
2907 20 4.30361
2907 26 3.5226011
2907 66 3.7230258
2910 1 3.4611044
2910 7 3.6832852
2910 9 4.2185426
2910 22 2.4434085
2910 36 2.761906
2912 2 3.8293717
2912 9 4.466094
2912 10 3.9172912
2912 43 2.6199267
2912 82 3.0716774
2917 3 4.1278996
2917 15 3.165912
2917 20 4.3129115
2917 25 2.4461563
2917 71 1.0
2918 4 3.1600897
2918 15 3.123117
2918 16 3.7322657
2918 30 2.6764562
2918 61 2.4534028
2922 1 1.0
2922 15 1.0
2922 16 1.0
2922 21 1.0
2922 31 1.0
2925 15 2.5055661
2925 33 2.9925337
2925 44 1.9907585
2925 48 3.199316
2925 63 2.2600443
2928 1 1.2165202
2928 18 1.0
2928 20 1.4792992
2928 32 1.0691044
2928 51 1.3413664
2930 2 2.6212819
2930 6 2.610721
2930 8 2.1395192
2930 20 2.7227106
2930 49 2.2447681
2934 2 2.1268115
2934 18 1.1440152
2934 19 2.381487
2934 24 2.8282511
2934 46 5.0
2938 1 2.1385403
2938 10 2.2006056
2938 11 1.7680517
2938 18 1.0
2938 72 1.0
2939 10 4.7828383
2939 15 4.005234
2939 25 3.5855627
2939 46 1.0
2939 54 5.0
2951 2 4.12956
2951 15 3.31348
2951 16 4.265489
2951 30 2.6931605
2951 52 3.0161572
2954 1 3.1859882
2954 9 3.4148657
2954 19 2.316483
2954 26 3.2543216
2954 63 1.831224
2959 6 2.868914
2959 14 3.3294787
2959 17 1.7074417
2959 21 3.052706
2959 54 3.4808047
2960 2 2.4643726
2960 7 1.9909661
2960 8 4.4477158
2960 19 1.5862839
2960 36 1.7577648
2962 2 4.1303487
2962 9 4.445503
2962 10 4.3364854
2962 19 3.631446
2962 34 3.401125
2965 10 2.913725
2965 21 3.2515237
2965 23 1.6068265
2965 29 1.6932421
2965 48 2.9346247
2974 2 2.7575333
2974 8 2.5331335
2974 9 3.1580768
2974 20 3.3196268
2974 41 1.2785754
2976 1 2.7413304
2976 6 2.3387578
2976 7 1.5026003
2976 12 2.238055
2976 32 2.5889654
2977 1 3.9064202
2977 11 3.3562903
2977 12 3.7084696
2977 27 4.326247
2977 68 2.620763
2980 3 4.0394483
2980 11 3.2461252
2980 12 3.181183
2980 14 3.1131763
2980 65 2.4206922
2982 2 4.2937784
2982 17 3.5109682
2982 18 3.2999473
2982 23 4.528615
2982 62 4.7715387
2988 8 1.0
2988 15 1.0
2988 16 2.1622772
2988 25 1.0
2988 54 2.1523964
2990 7 4.015646
2990 16 3.907597
2990 23 4.3068323
2990 42 3.8513875
2990 64 3.4770525
2997 4 3.2526526
2997 18 2.4041233
2997 19 2.7531445
2997 26 3.4320831
2997 52 2.6817183
3008 7 1.0
3008 11 1.0
3008 13 1.0
3008 24 1.0
3008 44 2.4141257
3014 5 4.2273903
3014 9 4.7703853
3014 21 4.3901334
3014 28 4.1997166
3014 59 5.0
3023 1 3.9996421
3023 16 3.8738956
3023 17 3.3044734
3023 32 3.8289275
3023 64 3.3089085
3026 1 5.0
3026 3 4.011103
3026 5 2.9610925
3026 14 3.488572
3026 25 2.6465664
3028 5 1.0
3028 12 1.7823799
3028 17 1.074309
3028 21 1.6816409
3028 37 1.7160826
3041 5 1.5158225
3041 15 1.6352701
3041 16 2.0341773
3041 24 1.2472318
3041 32 1.7162049
3045 4 3.414754
3045 16 2.9877603
3045 19 2.5562813
3045 37 2.82736
3045 66 3.069295
3055 2 3.1191876
3055 8 3.6256735
3055 10 4.1412873
3055 20 4.049475
3055 50 3.2029638
3060 2 3.1975486
3060 4 3.221686
3060 11 3.1899078
3060 13 2.4127865
3060 31 2.2002275
3061 2 3.2884243
3061 5 2.8808975
3061 7 2.7813578
3061 19 3.1298857
3061 53 3.049606
3065 1 3.5596328
3065 6 2.9968584
3065 27 3.9342313
3065 33 3.3073814
3065 62 5.0
3066 7 3.7622817
3066 15 3.5465837
3066 19 3.2037153
3066 24 3.572226
3066 54 3.5399277
3072 4 2.7128377
3072 21 3.1423345
3072 22 2.9010692
3072 34 1.6751326
3072 82 1.8065271
3073 3 4.4042845
3073 10 3.825638
3073 14 3.7624464
3073 19 3.1495996
3073 65 2.9567618
3075 6 1.0
3075 11 1.0
3075 16 1.0
3075 19 1.0
3075 48 1.709635
3079 1 2.9369116
3079 6 2.7905958
3079 8 1.7625372
3079 27 2.0967982
3079 47 2.4929097
3081 4 2.3445609
3081 7 2.6403682
3081 15 2.326238
3081 20 2.716446
3081 29 1.8521489
3082 1 2.305839
3082 3 1.3095615
3082 7 1.0
3082 10 1.4574354
3082 46 1.0
3084 1 2.7767732
3084 17 1.0
3084 27 1.5288881
3084 32 1.1366752
3084 62 1.1894633
3088 1 4.4008503
3088 4 4.0585318
3088 5 3.4719296
3088 20 3.9758384
3088 45 3.7341955
3089 1 4.293024
3089 14 4.113596
3089 15 3.9650078
3089 30 3.9142122
3089 53 3.338561
3098 1 3.4553127
3098 3 3.9864192
3098 10 3.9286942
3098 13 2.9356275
3098 36 2.864396
3107 5 2.7511811
3107 10 3.0818417
3107 12 2.8644295
3107 18 1.5775397
3107 43 1.9236401
3108 1 2.8011813
3108 6 2.497403
3108 9 3.0906358
3108 16 2.566573
3108 29 1.7489277
3109 1 1.0
3109 8 3.3800437
3109 9 3.7800398
3109 16 3.0135946
3109 40 2.40874
3110 2 2.6298516
3110 6 1.4801136
3110 7 2.381256
3110 13 1.6006243
3110 32 2.585049
3112 1 3.4427786
3112 4 3.4705958
3112 11 3.458658
3112 22 3.4370115
3112 31 2.6930778
3115 4 3.214169
3115 6 2.462009
3115 7 3.22847
3115 11 3.326701
3115 32 2.653499
3119 7 5.0
3119 9 5.0
3119 15 5.0
3119 39 3.874293
3119 64 4.45108
3122 1 3.7576032
3122 9 4.0767646
3122 13 2.8589754
3122 21 3.3917866
3122 61 2.0317566
3123 4 1.4610901
3123 7 1.8920194
3123 14 1.5227009
3123 22 1.6705465
3123 53 1.0
3133 1 1.0
3133 6 1.1815637
3133 8 1.0
3133 16 2.1064868
3133 63 1.928085
3135 2 4.335331
3135 16 3.2987187
3135 24 3.3194094
3135 30 2.4634683
3135 45 4.0696754
3142 1 3.3382366
3142 9 4.43891
3142 12 3.8286862
3142 20 3.990857
3142 44 5.0
3152 2 4.2446446
3152 7 4.1750603
3152 8 4.262219
3152 20 4.8686113
3152 29 3.4478297
3158 2 3.7028449
3158 6 3.6908033
3158 9 4.485418
3158 16 3.8947623
3158 81 2.8848782
3159 7 2.4258482
3159 13 2.001876
3159 15 1.6168087
3159 22 2.4055088
3159 55 2.2044587
3160 3 4.601592
3160 13 2.7673376
3160 16 3.858906
3160 25 2.5458026
3160 54 3.5561457
3164 1 3.68819
3164 11 3.71029
3164 16 3.861249
3164 25 2.7233338
3164 40 3.0004447
3171 5 3.0358458
3171 7 3.6590624
3171 10 4.1963935
3171 19 3.1736171
3171 54 5.0
3174 7 3.0785031
3174 16 3.6635313
3174 18 2.2398143
3174 31 2.6786845
3174 50 1.0
3180 7 2.456097
3180 10 2.558144
3180 12 2.2130654
3180 18 1.0478327
3180 61 1.0
3183 1 2.0887449
3183 6 2.0603075
3183 8 2.0196114
3183 10 2.6475525
3183 14 2.8635464
3184 5 3.5375218
3184 8 3.822821
3184 9 4.362749
3184 21 4.0490603
3184 47 2.9916642
3190 2 2.4257529
3190 7 2.5262997
3190 10 2.5705354
3190 14 2.5296936
3190 80 2.4070332
3198 3 3.6569667
3198 8 2.5948007
3198 9 3.4874332
3198 19 2.453918
3198 47 4.346858
3221 4 2.1819582
3221 8 2.302136
3221 9 2.8298585
3221 15 1.94153
3221 29 1.5297017
3226 6 3.4520748
3226 19 3.0286653
3226 22 3.5284092
3226 28 3.4384181
3226 64 2.9904573
3227 3 3.4517453
3227 8 4.043103
3227 11 4.608764
3227 16 3.9940293
3227 22 3.888673
3235 2 3.5143733
3235 6 3.0516057
3235 7 3.4125278
3235 18 2.4058115
3235 29 2.4783762
3237 3 2.6995454
3237 17 1.0
3237 20 2.4580853
3237 39 1.1591866
3237 71 1.0
3239 7 3.48346
3239 22 3.32234
3239 26 3.3448892
3239 30 2.18407
3239 45 3.0427258
3249 4 1.6734635
3249 6 2.6230795
3249 10 1.7700819
3249 17 1.0
3249 37 2.0398574
3256 1 2.8285704
3256 3 3.192952
3256 8 5.0
3256 18 1.7169818
3256 52 2.0114217
3272 1 4.1878557
3272 7 3.448519
3272 11 3.2527258
3272 15 2.9882555
3272 26 3.710954
3277 3 3.3505871
3277 7 4.1155953
3277 9 3.388355
3277 15 2.517937
3277 62 3.8971457
3278 6 2.468864
3278 22 2.5822015
3278 23 3.1659741
3278 26 2.4386811
3278 44 2.9387376
3279 2 1.0690811
3279 10 1.8886935
3279 12 1.2337703
3279 14 1.0
3279 26 1.0
3285 5 2.7522502
3285 13 3.362203
3285 14 2.6614323
3285 21 2.441339
3285 35 1.9303105
3286 2 2.244594
3286 4 1.8368175
3286 19 1.3291955
3286 23 2.2310338
3286 37 2.3181658
3289 5 3.4066978
3289 14 3.8773093
3289 16 4.0420084
3289 22 4.0601645
3289 73 3.6292403
3294 5 2.701454
3294 9 3.5031095
3294 11 2.975527
3294 22 2.6561801
3294 43 1.6451617
3296 8 3.5148354
3296 13 2.8333719
3296 14 3.4627395
3296 19 2.7306015
3296 54 3.1561086
3298 5 1.0
3298 8 1.0
3298 10 1.0
3298 27 1.1763209
3298 42 1.0
3299 1 4.2926946
3299 8 4.0497556
3299 32 3.9627187
3299 40 3.5786433
3299 58 4.0893497
3309 1 3.0046418
3309 10 2.055593
3309 16 1.8976891
3309 23 3.2495277
3309 35 1.0
3310 9 3.3696883
3310 11 2.9873219
3310 12 3.1098266
3310 21 3.3301196
3310 32 2.5137575
3316 2 2.8629227
3316 8 2.6756186
3316 9 2.7319086
3316 14 2.0277367
3316 31 1.0
3318 2 2.9117746
3318 13 2.6540618
3318 20 3.1412935
3318 33 2.556135
3318 70 1.0936744
3319 1 3.3108642
3319 8 1.0
3319 12 3.5215135
3319 19 2.8091788
3319 37 2.8220427
3320 5 2.5178423
3320 10 2.4496255
3320 13 2.4417741
3320 21 3.050637
3320 32 1.9530147
3337 1 2.5024822
3337 6 1.0
3337 12 1.8745891
3337 22 1.68989
3337 58 2.879591
3339 4 3.1307213
3339 11 3.2678907
3339 13 2.759598
3339 18 2.4585826
3339 26 2.967371
3356 9 3.417159
3356 13 2.7651193
3356 18 2.2466319
3356 24 3.0786207
3356 75 2.9734583
3370 1 2.9272804
3370 4 2.6501422
3370 11 2.758474
3370 19 1.9105216
3370 51 1.757164
3372 6 3.2883325
3372 16 2.9396255
3372 20 4.5780334
3372 23 2.6441047
3372 40 2.2894146
3378 8 1.0
3378 11 1.3293285
3378 14 1.0
3378 27 1.2119519
3378 43 5.0
3386 3 3.9572449
3386 14 3.5589864
3386 16 3.6749873
3386 27 3.8050246
3386 63 3.3333483
3388 1 2.9869769
3388 7 2.0893624
3388 8 2.101379
3388 16 2.5573468
3388 37 2.457612
3390 2 3.7484465
3390 7 3.6599016
3390 12 3.4456758
3390 18 2.315257
3390 47 3.2968745
3395 1 4.015911
3395 9 3.9384599
3395 10 3.7642615
3395 14 3.3357956
3395 21 3.3592472
3406 3 2.5016193
3406 13 1.0
3406 14 2.525013
3406 29 1.0
3406 70 1.0
3408 3 3.2653527
3408 10 3.2906191
3408 15 2.7101514
3408 29 2.0470197
3408 45 2.6653054
3414 5 3.9086566
3414 10 3.6314971
3414 12 2.9577582
3414 25 2.8853412
3414 56 4.2806726
3421 2 3.1691306
3421 8 3.1807039
3421 11 3.22609
3421 17 2.4089203
3421 76 2.4943264
3427 5 1.0
3427 9 1.2252138
3427 20 1.0
3427 30 2.9968052
3427 64 1.7445418
3440 2 2.6832507
3440 5 2.2714467
3440 6 3.145256
3440 9 3.3706422
3440 36 1.424633
3449 4 5.0
3449 8 1.1345835
3449 12 3.1092608
3449 23 1.0
3449 73 1.0
3451 1 3.839288
3451 4 3.5874352
3451 5 3.5143375
3451 20 4.2135067
3451 49 3.4700708
3455 2 2.1775856
3455 9 2.2962854
3455 16 2.2432325
3455 25 1.0
3455 52 1.1891117
3462 2 4.042657
3462 8 4.3802195
3462 13 3.3748465
3462 22 3.489793
3462 63 2.1373198
3464 1 1.745387
3464 10 2.7605069
3464 11 2.7817285
3464 14 3.032274
3464 48 2.2650983
3465 1 1.0
3465 8 2.2830288
3465 11 1.9686434
3465 15 2.1384883
3465 32 2.0547388
3469 2 3.653261
3469 9 3.8151813
3469 10 3.4833012
3469 27 3.6112995
3469 60 2.3486304
3481 1 1.7378939
3481 4 1.2461692
3481 8 1.0
3481 14 1.6027904
3481 48 1.4143759
3489 7 5.0
3489 13 2.8695087
3489 15 1.0
3489 47 1.6076562
3489 67 1.1725299
3500 5 3.1928105
3500 13 2.807436
3500 16 3.5708306
3500 27 3.576884
3500 42 4.0907307
3504 4 1.0
3504 15 1.0
3504 21 2.057481
3504 34 1.0
3504 55 1.0467613
3506 2 2.533194
3506 9 2.8387065
3506 23 2.5736222
3506 25 1.6040559
3506 38 2.709
3513 4 3.210457
3513 7 3.5129852
3513 9 4.287261
3513 15 3.2796125
3513 56 2.8269322
3533 2 2.5560427
3533 6 3.5505633
3533 11 3.599757
3533 27 2.9344301
3533 71 4.6477966
3536 4 2.685307
3536 7 2.6262145
3536 18 1.6855476
3536 25 1.9958233
3536 42 2.6816363
3558 4 2.8946598
3558 10 3.494712
3558 12 3.3375785
3558 25 2.191187
3558 53 1.9440472
3560 1 4.443206
3560 3 4.1487026
3560 6 3.7494278
3560 12 3.9345193
3560 49 3.0917282
3565 4 1.1778437
3565 13 2.7796843
3565 14 2.8523178
3565 32 2.554019
3565 40 2.6990798
3573 4 2.454204
3573 15 2.0873506
3573 16 2.2164094
3573 29 1.6034384
3573 83 1.4742241
3589 1 3.3985908
3589 6 2.7881868
3589 10 3.218284
3589 21 2.9795992
3589 48 3.497996
3600 7 1.0
3600 10 1.5690316
3600 14 1.0
3600 21 1.0
3600 60 1.0
3601 5 1.9185011
3601 9 3.894815
3601 11 1.0
3601 19 3.0442424
3601 64 1.7970994
3611 1 3.662658
3611 8 3.0700872
3611 11 3.1494343
3611 17 2.4449084
3611 43 2.0851014
3613 1 3.1423435
3613 8 2.0668182
3613 11 2.1950371
3613 14 1.9000676
3613 74 4.435728
3617 1 3.6675553
3617 7 3.0303998
3617 13 2.3432121
3617 19 2.5404181
3617 57 2.2047966
3620 4 5.0
3620 11 3.6153827
3620 14 3.3054123
3620 23 3.663438
3620 79 1.0
3622 1 4.4239817
3622 12 4.065041
3622 20 4.344076
3622 28 3.7386394
3622 36 3.3959093
3625 5 3.6982646
3625 10 4.45856
3625 13 3.6749763
3625 37 3.8480012
3625 49 3.7307653
3634 3 5.0
3634 20 4.051035
3634 21 2.9706984
3634 34 2.0027323
3634 63 2.1337326
3635 3 2.1139164
3635 10 3.0492754
3635 11 2.7642019
3635 20 2.123599
3635 51 2.3550172
3637 5 2.6376565
3637 15 3.150589
3637 16 3.349861
3637 24 2.7033396
3637 59 5.0
3643 1 2.319036
3643 9 2.1246133
3643 15 1.3478861
3643 23 1.8238982
3643 43 1.3354386
3644 7 1.0
3644 15 1.0
3644 19 3.1970615
3644 27 3.065929
3644 51 2.343303
3647 2 4.41176
3647 12 4.394543
3647 14 4.312587
3647 19 3.682707
3647 38 4.418634
3652 4 2.8276827
3652 6 1.7665417
3652 7 2.8873384
3652 18 1.557113
3652 29 1.9994829
3654 2 2.7013183
3654 7 2.32098
3654 9 3.4888847
3654 23 2.7557425
3654 45 2.2592492
3655 2 1.6683456
3655 5 1.1210961
3655 10 1.4454283
3655 41 1.0
3655 71 1.223305
3657 1 3.4267902
3657 10 3.6698492
3657 11 3.4719653
3657 19 2.6664906
3657 59 3.3553195
3668 2 3.500748
3668 5 3.0627863
3668 8 3.660811
3668 17 2.8222926
3668 46 3.5280595
3677 1 3.3604217
3677 3 4.2012663
3677 9 4.1255507
3677 14 3.8298469
3677 33 3.2797265
3680 1 3.4516008
3680 12 3.4929283
3680 15 2.6410766
3680 18 2.1409042
3680 36 2.41221
3685 2 3.1549194
3685 7 3.3523102
3685 26 3.0281572
3685 35 3.2860482
3685 48 4.6981983
3690 3 4.296962
3690 21 4.102536
3690 24 3.2741241
3690 34 3.3255856
3690 45 3.5688543
3693 4 2.744471
3693 7 2.9836626
3693 8 4.2876987
3693 11 2.9564023
3693 35 2.5548298
3703 2 2.8356786
3703 5 2.758384
3703 7 1.8944442
3703 13 3.0670776
3703 37 3.0872023
3705 6 2.8340175
3705 14 3.0481
3705 16 2.9648218
3705 22 2.8815145
3705 63 1.385064
3710 2 2.7766106
3710 4 2.4889665
3710 8 2.8435612
3710 15 1.7838858
3710 19 2.434176
3721 1 2.9797015
3721 4 2.4902282
3721 8 2.812841
3721 29 1.4438806
3721 65 1.7944608
3728 2 3.66929
3728 6 3.514767
3728 8 3.9835215
3728 15 3.327027
3728 34 2.9428685
3733 4 1.2473357
3733 11 2.4404142
3733 13 1.5939255
3733 21 3.301558
3733 52 1.5034255
3748 3 1.9108968
3748 20 2.0533428
3748 40 1.0
3748 43 1.0
3748 54 1.7666374
3752 6 2.9860537
3752 12 3.5720272
3752 14 3.302704
3752 24 3.0847259
3752 39 1.4979908
3782 3 4.078072
3782 10 3.608273
3782 12 3.4976783
3782 27 3.5061488
3782 49 2.9445274
3785 4 4.1101637
3785 18 2.7340822
3785 22 4.177491
3785 32 3.3674774
3785 71 1.5102335
3791 4 1.206455
3791 6 1.0
3791 7 1.346303
3791 15 1.0
3791 34 1.0
3796 1 4.183491
3796 5 3.8466902
3796 16 3.8413596
3796 27 3.6110308
3796 47 3.365742
3799 4 3.9003818
3799 15 3.2836123
3799 20 2.5404153
3799 30 3.510816
3799 50 2.6672885
3809 2 2.327435
3809 12 2.6595635
3809 13 1.9256473
3809 27 4.7983675
3809 42 2.5907493
3810 5 3.6338246
3810 7 3.744911
3810 9 4.572817
3810 15 2.817127
3810 33 3.5657432
3827 3 4.4323573
3827 20 4.81884
3827 22 4.120509
3827 36 3.7095962
3827 50 3.45927
3830 2 3.817861
3830 7 3.5280163
3830 14 3.658668
3830 19 2.9175391
3830 34 2.9742103
3836 5 1.0
3836 10 1.5001698
3836 12 1.7336073
3836 17 1.2380021
3836 50 1.6906531
3838 3 3.9181237
3838 5 2.9680376
3838 7 3.1727903
3838 16 3.3520155
3838 39 3.1217425
3839 1 3.7018886
3839 6 3.0846193
3839 11 3.731619
3839 16 4.2012806
3839 31 3.1872027
3842 5 2.4418385
3842 7 3.036397
3842 9 3.5628922
3842 16 3.2306647
3842 25 2.2482815
3845 3 3.3183699
3845 12 2.3156207
3845 14 2.4814684
3845 22 3.1561217
3845 37 2.6587694
3846 9 4.4928203
3846 18 3.261723
3846 22 3.9873478
3846 31 3.4967048
3846 55 3.3101585
3850 2 3.4509978
3850 13 2.7197096
3850 17 2.6846776
3850 23 3.2959442
3850 51 2.9642682
3854 6 3.4940162
3854 10 4.0906363
3854 11 3.963496
3854 27 3.9490783
3854 34 3.150583
3859 5 3.3226728
3859 9 3.8652854
3859 20 3.7867951
3859 34 2.80108
3859 50 3.2046468
3874 4 1.765909
3874 8 3.52945
3874 16 3.501853
3874 26 3.5178342
3874 62 3.2306628
3883 1 3.3673856
3883 7 2.6548054
3883 8 1.0
3883 16 2.1659417
3883 34 1.735759
3885 1 2.4529738
3885 13 1.3908594
3885 14 1.4293929
3885 25 1.2934382
3885 51 1.8331976
3909 1 5.0
3909 7 1.0
3909 8 2.857317
3909 23 2.4459846
3909 42 2.386227
3913 4 2.9039862
3913 6 4.450981
3913 11 1.992758
3913 18 1.1370418
3913 38 3.4409332
3923 3 1.427656
3923 5 1.710314
3923 6 1.0741489
3923 51 1.6564183
3923 75 1.0
3932 1 3.054774
3932 5 3.244643
3932 8 3.5692568
3932 17 2.7537498
3932 30 2.9299061
3934 2 3.8700728
3934 12 4.328589
3934 17 2.6417975
3934 23 4.5139
3934 71 1.0
3940 3 2.7442384
3940 9 2.4605565
3940 10 2.7610445
3940 24 1.4548695
3940 36 1.4047754
3942 2 2.1823297
3942 8 2.3101926
3942 11 1.464576
3942 21 2.2960906
3942 49 1.0
3948 3 4.3407507
3948 16 3.8794518
3948 22 3.7622712
3948 26 3.725635
3948 64 3.0509124
3953 1 1.3065675
3953 14 1.1415704
3953 23 1.5711837
3953 28 1.1912609
3953 52 3.0867476
3957 2 3.056743
3957 8 3.1086636
3957 16 4.090841
3957 33 3.283823
3957 54 3.131503
3961 3 2.8467963
3961 7 2.1162624
3961 8 2.1080396
3961 13 1.7167871
3961 30 1.5389135
3962 3 4.6692433
3962 9 3.278785
3962 18 1.1499445
3962 30 4.120808
3962 64 2.5472217
3967 6 1.0972606
3967 12 1.6847675
3967 13 1.0
3967 20 1.5368572
3967 25 1.0
3975 1 1.4525728
3975 6 1.0
3975 9 3.1639466
3975 16 3.9612417
3975 61 1.1039329
3976 1 2.8186543
3976 6 2.377424
3976 9 3.3743742
3976 14 2.962606
3976 28 2.8243518
3986 3 4.179614
3986 7 3.8422227
3986 8 3.3035042
3986 16 4.039744
3986 54 4.0833545
3988 3 4.449774
3988 8 3.4084291
3988 15 4.1641984
3988 28 4.3046765
3988 51 4.045344
3993 1 4.1234455
3993 4 4.1445127
3993 6 4.0073147
3993 11 4.112864
3993 32 3.859157
3995 3 3.9171844
3995 15 1.8096648
3995 22 2.9052563
3995 26 2.9753473
3995 73 1.361514
4000 4 4.0304146
4000 9 5.0
4000 14 1.0
4000 35 3.6400504
4000 66 1.0
4005 1 4.282157
4005 5 3.4399073
4005 12 4.517381
4005 23 3.9214897
4005 39 3.4085994
4007 2 4.0353518
4007 6 3.56099
4007 9 4.3440404
4007 18 2.869512
4007 37 3.6912084
4014 2 1.8919492
4014 25 1.1648998
4014 33 1.3309993
4014 37 1.2010636
4014 41 1.0
4017 4 2.6036873
4017 8 3.1121922
4017 11 3.294683
4017 14 3.2551892
4017 30 4.897119
4025 2 3.4498427
4025 8 5.0
4025 9 3.2368863
4025 13 2.7264476
4025 31 2.0537493
4027 6 2.729461
4027 10 3.4773974
4027 11 3.4888809
4027 16 3.0691807
4027 39 2.6267824
4037 7 4.2107997
4037 12 4.358517
4037 13 3.772854
4037 21 4.434349
4037 28 4.208927
4045 2 4.4879947
4045 13 4.12746
4045 17 3.5488853
4045 27 3.412093
4045 35 4.0820365
4047 7 1.0
4047 9 3.8196893
4047 13 2.8490102
4047 33 3.7743363
4047 42 2.316462
4051 9 2.4667697
4051 18 1.3184252
4051 21 2.21657
4051 31 1.4227059
4051 47 1.7207628
4055 3 4.368462
4055 6 3.7218628
4055 29 2.742517
4055 35 3.4310155
4055 46 3.6961694
4056 1 4.622857
4056 10 4.621317
4056 11 4.3846374
4056 19 3.9568303
4056 32 4.2790155
4057 7 3.4368002
4057 14 3.4893663
4057 16 3.6824968
4057 21 3.494674
4057 45 3.0218024
4058 1 3.106719
4058 5 3.5207567
4058 6 2.7621908
4058 17 2.9529066
4058 38 4.0606575
4063 7 4.435536
4063 22 4.377307
4063 26 5.0
4063 32 4.118304
4063 37 4.7340508
4064 5 2.921823
4064 12 3.5694115
4064 13 2.8355913
4064 20 3.6592515
4064 63 3.0634382
4067 5 2.819701
4067 12 3.189581
4067 13 2.4852076
4067 16 3.4818935
4067 37 2.6751711
4076 5 1.6037104
4076 8 1.2618638
4076 9 2.6227808
4076 25 1.2952522
4076 59 1.3186859
4093 2 3.1616466
4093 9 3.5176888
4093 12 2.950104
4093 17 1.5846936
4093 27 3.7829037
4098 2 4.346851
4098 14 4.2745214
4098 17 3.6472425
4098 25 3.5007334
4098 83 3.9456835
4108 4 3.1222968
4108 9 2.6687205
4108 10 2.685245
4108 25 1.5866297
4108 52 2.1150784
4112 6 2.8346503
4112 9 4.1880383
4112 11 3.750112
4112 17 2.3172584
4112 48 2.8780823
4113 2 1.8907831
4113 7 1.5028695
4113 14 1.9270661
4113 18 1.0
4113 39 1.0
4120 1 2.5646422
4120 19 1.885237
4120 20 3.2338448
4120 24 1.7862446
4120 48 2.7834234
4123 1 4.2423887
4123 10 2.7284331
4123 11 2.5713487
4123 22 1.2608898
4123 37 1.8965786
4130 2 2.579942
4130 6 2.2027097
4130 15 1.4930419
4130 19 1.9457359
4130 70 1.0
4134 3 4.173494
4134 10 4.3875117
4134 22 3.7207963
4134 38 3.9751728
4134 95 5.0
4139 2 3.1996803
4139 10 4.340031
4139 11 3.9678721
4139 16 3.507691
4139 58 3.1871524
4142 6 3.3497958
4142 13 2.824244
4142 20 4.0977793
4142 31 2.7139506
4142 67 3.1923952
4143 5 1.0
4143 12 1.8956101
4143 13 1.0
4143 24 1.2792279
4143 57 1.6198444
4145 2 4.315208
4145 11 4.0055704
4145 12 3.7685773
4145 32 3.8216043
4145 39 2.8764853
4153 2 3.424633
4153 10 1.695293
4153 23 5.0
4153 36 5.0
4153 42 1.0
4162 4 3.2194047
4162 15 2.7502434
4162 17 2.3233361
4162 31 2.5308318
4162 73 3.6674118
4169 1 2.6826105
4169 9 2.1945343
4169 12 2.9971125
4169 26 1.0
4169 52 1.729831
4185 4 1.5667835
4185 26 1.2018791
4185 27 2.926402
4185 44 1.2420965
4185 68 1.1187247
4189 2 2.6728761
4189 8 2.3383179
4189 16 2.6822333
4189 21 2.4774995
4189 72 4.392853
4190 1 4.0889316
4190 9 3.8992474
4190 12 3.7872474
4190 17 3.3350224
4190 65 2.9771373
4193 3 3.06463
4193 13 1.0
4193 18 1.0
4193 34 1.0
4193 76 1.0
4201 1 3.452283
4201 7 3.5486696
4201 16 3.5541883
4201 19 2.44984
4201 50 2.4012406
4202 7 2.2783105
4202 17 1.7920977
4202 25 1.3429394
4202 41 1.8939813
4202 52 1.7966409
4204 6 3.0347724
4204 22 3.8291893
4204 25 2.8894541
4204 34 4.316584
4204 64 4.2934365
4211 3 3.9739175
4211 5 3.2577982
4211 10 3.7108715
4211 20 4.114406
4211 33 3.1989489
4214 2 3.5440328
4214 12 3.69304
4214 27 3.8973536
4214 30 4.1407857
4214 58 3.4054925
4220 2 2.9765675
4220 5 1.9815955
4220 16 3.0304792
4220 20 2.6180785
4220 45 1.6272409
4227 1 3.224182
4227 8 4.2966356
4227 14 4.3046417
4227 22 3.2399745
4227 49 3.0914059
4234 1 2.5241733
4234 9 2.97936
4234 11 2.6601672
4234 16 2.4538536
4234 44 5.0
4235 1 3.5303886
4235 7 3.175925
4235 8 1.0
4235 14 3.254152
4235 37 3.124951
4239 1 2.5068583
4239 16 2.8667607
4239 23 3.1585276
4239 30 1.7969828
4239 78 1.0
4240 2 3.0444956
4240 10 3.6628962
4240 12 3.4602158
4240 25 3.1338453
4240 52 2.3576896
4245 8 3.3105984
4245 11 3.5742164
4245 15 3.1658661
4245 24 2.694488
4245 74 3.1011188
4246 3 4.0091906
4246 6 3.1300592
4246 7 4.4626484
4246 9 4.2212553
4246 25 2.6211367
4247 2 3.7472138
4247 13 2.5964828
4247 19 2.743203
4247 38 3.9057438
4247 72 2.3911285
4257 1 3.4614148
4257 6 2.4768639
4257 12 4.3191643
4257 38 4.390019
4257 68 2.8830013
4258 26 4.0957966
4258 29 2.6544113
4258 34 3.0157166
4258 59 2.7241511
4258 73 4.120385
4261 1 2.5290487
4261 11 2.3446937
4261 15 2.268373
4261 29 1.8864442
4261 71 2.5797896
4273 7 3.4042046
4273 13 2.7007985
4273 18 2.4740362
4273 40 2.4970274
4273 62 3.5900471
4282 1 4.376742
4282 4 3.7153192
4282 9 4.0762258
4282 21 3.8691223
4282 38 4.1295977
4284 1 5.0
4284 14 3.504982
4284 21 3.7125425
4284 33 2.9527514
4284 73 2.381614
4290 2 3.2853968
4290 6 3.1079648
4290 9 3.3508103
4290 15 2.4109704
4290 31 2.7663867
4295 3 1.8499987
4295 10 1.3333826
4295 13 1.0
4295 29 1.5706296
4295 91 1.0
4302 1 2.1608393
4302 13 4.6901183
4302 23 2.0377471
4302 29 4.1466627
4302 49 3.022049
4310 10 2.2129707
4310 14 2.531067
4310 17 1.019488
4310 24 1.2430236
4310 69 1.0
4311 2 3.6212714
4311 12 3.7382724
4311 19 3.018669
4311 25 2.8369162
4311 62 3.8561835
4326 8 4.174572
4326 16 3.8406594
4326 21 4.1292067
4326 31 2.8643064
4326 57 2.0683448
4329 1 2.6405144
4329 10 2.7148252
4329 13 1.7876997
4329 41 1.299714
4329 86 1.72633
4336 1 3.5107436
4336 7 4.1724896
4336 15 2.9526215
4336 19 1.9893677
4336 42 2.9054787
4337 3 2.4473145
4337 14 2.1731462
4337 27 2.5378346
4337 50 2.0372324
4337 77 2.4433014
4358 2 2.9134953
4358 8 2.2384405
4358 10 2.7959132
4358 16 3.3253565
4358 68 2.782621
4361 2 2.3434882
4361 6 2.9666305
4361 11 2.6542537
4361 22 2.1916144
4361 58 1.8189919
4363 1 3.2344275
4363 7 2.8533363
4363 14 3.4127135
4363 21 3.2732246
4363 60 1.4741871
4365 2 4.558975
4365 18 3.6685023
4365 22 5.0
4365 35 4.3838425
4365 56 5.0
4367 3 3.2765956
4367 15 1.157593
4367 19 1.5611261
4367 28 2.2948132
4367 39 1.0
4381 3 4.37492
4381 7 4.4651675
4381 10 4.422073
4381 21 4.2160916
4381 34 3.618524
4393 7 5.0
4393 10 3.5210443
4393 11 3.8407478
4393 13 3.5257046
4393 39 2.4268036
4397 6 1.4346653
4397 18 1.0
4397 22 1.6981404
4397 26 2.0440502
4397 49 1.0
4398 2 3.7306166
4398 9 4.1806974
4398 13 3.036337
4398 22 3.5265477
4398 51 2.913992
4399 1 3.8042226
4399 7 4.060624
4399 18 3.1874657
4399 21 4.1290464
4399 35 3.8555725
4406 2 2.716972
4406 10 2.8202138
4406 21 3.1383314
4406 35 2.1968973
4406 79 1.0
4413 4 2.0811996
4413 15 1.0
4413 19 1.8278584
4413 26 1.9219687
4413 36 1.0
4419 3 3.9188669
4419 11 3.5509934
4419 21 3.6472902
4419 32 2.877753
4419 59 1.0
4423 6 3.6236546
4423 10 4.197534
4423 11 3.9668474
4423 20 4.4229283
4423 95 2.848238
4430 2 2.8582778
4430 11 2.9905534
4430 14 3.0264857
4430 23 3.4669259
4430 78 5.0
4433 1 3.8619404
4433 5 2.784508
4433 7 3.1044536
4433 14 3.2772963
4433 46 2.7082129
4445 2 2.0621865
4445 8 2.7397416
4445 9 2.561337
4445 21 2.7629929
4445 38 2.448285
4446 1 3.6956713
4446 15 3.218369
4446 16 3.5417356
4446 53 2.7532768
4446 69 2.9298396
4450 1 2.3318205
4450 10 2.2684672
4450 12 2.5986824
4450 22 2.2175932
4450 31 2.0695102
4466 4 2.09091
4466 14 2.2611809
4466 15 1.9332225
4466 27 2.23175
4466 46 2.3505497
4490 2 3.43898
4490 11 2.9179194
4490 14 3.4459586
4490 25 2.1797285
4490 43 4.133542
4492 1 3.6383505
4492 4 3.471909
4492 9 4.0060787
4492 12 3.5506446
4492 20 3.9518862
4497 3 3.4372215
4497 11 1.2267686
4497 15 1.0
4497 23 1.1260493
4497 55 2.2174737
4501 3 3.482762
4501 5 2.948296
4501 6 2.9683414
4501 33 2.5084481
4501 53 2.425402
4502 3 3.0258791
4502 6 4.8682623
4502 17 1.0554426
4502 25 1.0
4502 84 1.0
4505 2 1.8485665
4505 15 1.5956496
4505 17 1.2771821
4505 19 1.1046689
4505 36 1.1735587
4509 2 3.5857325
4509 8 3.376121
4509 16 3.485624
4509 20 3.854139
4509 59 2.4048
4517 5 1.4956969
4517 12 1.4851712
4517 14 1.4283595
4517 36 1.0
4517 64 1.1225517
4532 8 3.0993896
4532 12 3.2111404
4532 13 2.6357508
4532 25 2.498617
4532 39 3.174405
4558 4 3.7635427
4558 10 4.181906
4558 13 3.4528847
4558 30 4.205537
4558 75 3.5891223
4564 2 3.1358557
4564 9 3.500866
4564 11 2.8706586
4564 16 3.2763534
4564 52 2.0783207
4569 7 4.4973745
4569 15 4.0241547
4569 18 2.9373004
4569 28 4.1356487
4569 53 3.9175825
4584 7 2.9023468
4584 11 3.2722135
4584 14 3.2531006
4584 27 3.1065528
4584 60 1.7365242
4586 1 2.8983583
4586 16 3.0440962
4586 22 2.7186353
4586 25 1.913613
4586 53 2.1006165
4587 1 4.335554
4587 9 4.749263
4587 10 4.3254647
4587 24 3.7540488
4587 48 4.0161324
4589 1 4.166873
4589 9 4.2232018
4589 16 3.7206533
4589 21 3.7131462
4589 65 3.0503843
4594 1 2.169045
4594 3 4.1927137
4594 5 3.587305
4594 9 4.360694
4594 39 1.0
4600 7 3.3867438
4600 11 3.346037
4600 13 2.7138286
4600 35 2.896274
4600 61 2.324562
4603 1 4.080065
4603 11 3.9876947
4603 16 4.066725
4603 20 4.1390624
4603 35 3.7332525
4607 7 4.2305164
4607 13 3.7626872
4607 15 3.9552917
4607 24 3.506415
4607 55 3.9464514
4608 1 4.3283143
4608 5 3.5918832
4608 10 4.3338814
4608 41 3.4677463
4608 67 3.3931112
4609 1 4.0899215
4609 7 3.620962
4609 10 3.9259822
4609 17 2.941381
4609 49 1.3521179
4611 4 2.7124739
4611 9 4.8483124
4611 21 1.0
4611 29 1.0
4611 54 5.0
4614 2 2.9484005
4614 11 3.4125528
4614 13 2.6369045
4614 24 3.0063405
4614 40 2.9820633
4622 2 1.0
4622 5 1.0
4622 6 1.3387179
4622 21 1.0
4622 48 5.0
4630 2 3.999808
4630 7 3.9244988
4630 8 3.965228
4630 26 3.753804
4630 77 3.878615
4633 6 2.482019
4633 17 1.5392358
4633 20 2.23695
4633 31 1.8685724
4633 51 2.3311014
4637 3 1.986074
4637 5 1.2257991
4637 6 2.0290904
4637 9 1.9086736
4637 45 2.8816452
4645 1 3.7840672
4645 9 3.9913669
4645 10 3.582253
4645 13 2.423587
4645 62 3.9188802
4649 6 3.007461
4649 9 4.920141
4649 20 2.1424613
4649 37 1.0
4649 64 2.1297498
4658 4 3.6436007
4658 6 3.2591777
4658 7 4.0813875
4658 31 3.1448255
4658 51 3.4266481
4671 3 4.449408
4671 8 3.9230897
4671 13 3.4494863
4671 31 2.6435833
4671 54 4.2354593
4674 6 2.629473
4674 8 2.415384
4674 11 2.871722
4674 17 2.598756
4674 41 3.0725114
4678 1 2.376258
4678 21 2.167327
4678 23 2.469733
4678 28 2.2645445
4678 34 1.0
4685 5 3.4179077
4685 15 3.6496017
4685 22 4.4038806
4685 37 4.194049
4685 70 3.2626452
4688 4 4.127525
4688 7 3.6637084
4688 10 4.4118075
4688 14 2.9750128
4688 29 2.7406645
4692 3 3.1488295
4692 14 2.8812017
4692 15 2.3623083
4692 18 1.9677726
4692 43 5.0
4701 1 4.370934
4701 18 3.3887222
4701 23 4.089655
4701 27 3.7541819
4701 63 3.3401036
4706 1 4.1464367
4706 6 3.4841056
4706 7 3.5161
4706 15 2.8802328
4706 35 3.0219622
4709 5 3.6860476
4709 9 4.5286527
4709 12 3.9676335
4709 42 4.4325185
4709 52 3.272674
4711 1 2.4684129
4711 5 2.2645092
4711 9 3.4218304
4711 15 1.9750962
4711 42 2.9054635
4716 1 3.3458793
4716 17 3.490315
4716 21 3.988211
4716 39 5.0
4716 53 3.4201944
4722 1 4.3085747
4722 13 3.3128374
4722 16 4.153864
4722 28 3.9079137
4722 63 3.5545363
4726 1 2.5961573
4726 8 1.6383121
4726 12 2.5419457
4726 31 1.593718
4726 39 1.0
4730 3 4.6564627
4730 20 3.6405916
4730 27 5.0
4730 30 3.494569
4730 56 2.1465988
4734 3 3.7522418
4734 6 2.5547342
4734 7 3.8763866
4734 19 3.309022
4734 27 3.1930604
4744 2 3.2614627
4744 5 2.3640947
4744 6 1.7685987
4744 22 2.7325444
4744 39 1.0
4745 1 4.1445475
4745 5 3.4947374
4745 13 3.2848885
4745 21 3.927079
4745 44 3.8418393
4756 1 3.1622179
4756 8 2.5197737
4756 9 3.1930146
4756 22 2.5948622
4756 39 1.1217
4757 3 3.1689515
4757 15 2.2611032
4757 18 1.942142
4757 23 3.0783813
4757 32 2.4825733
4766 3 1.2644578
4766 9 2.8112404
4766 11 2.1136265
4766 20 2.0134635
4766 51 1.0325404
4768 3 3.0958524
4768 6 2.4263754
4768 8 2.4130735
4768 18 2.2784274
4768 31 2.305543
4770 1 4.1670103
4770 9 4.56546
4770 11 4.1916385
4770 16 4.1581283
4770 63 3.7862134
4771 5 2.2389946
4771 9 3.0898025
4771 10 3.4725642
4771 30 2.6089864
4771 56 2.1042979
4778 2 2.961197
4778 8 2.4996138
4778 14 3.1876445
4778 21 2.9715946
4778 35 3.2724931
4781 9 4.5144587
4781 14 3.6326513
4781 18 2.5213342
4781 21 3.731048
4781 73 4.9287376
4783 4 3.3856559
4783 11 3.7975135
4783 12 4.0465126
4783 15 3.366424
4783 39 2.4389336
4799 2 4.0599585
4799 5 3.5166507
4799 6 2.954293
4799 24 3.188169
4799 34 2.9222288
4801 7 2.370122
4801 14 2.7473738
4801 16 2.8123596
4801 27 2.9913554
4801 48 3.3210456
4818 2 2.5829277
4818 20 5.0
4818 23 3.3510797
4818 33 1.0171179
4818 48 2.8921807
4821 2 4.0811462
4821 5 3.700616
4821 16 3.3082805
4821 24 3.0870783
4821 69 3.8004875
4827 1 3.502944
4827 10 3.0522945
4827 19 1.8762163
4827 24 2.1582344
4827 66 3.3451433
4836 3 2.8083925
4836 9 3.7713094
4836 10 3.8764899
4836 36 2.8454704
4836 47 1.0
4838 2 3.9015477
4838 13 1.7875615
4838 25 1.80567
4838 27 2.5448327
4838 34 2.1151428
4853 1 3.2220752
4853 4 2.5596359
4853 9 3.4613004
4853 14 2.852935
4853 31 2.3118176
4861 2 3.2456024
4861 5 2.7002268
4861 14 2.4205542
4861 27 3.2093174
4861 49 2.369215
4869 5 1.6782734
4869 26 3.0058951
4869 31 2.6145086
4869 42 3.2521536
4869 67 2.2180014
4871 3 3.1906552
4871 7 2.0640807
4871 12 3.388656
4871 17 1.9671193
4871 80 1.8147058
4874 2 2.673153
4874 9 3.0147128
4874 12 2.677749
4874 17 1.8570707
4874 21 2.67306
4876 3 3.078651
4876 9 4.1795683
4876 10 3.831139
4876 14 3.7297273
4876 66 4.031773
4891 3 3.7716331
4891 6 2.9340615
4891 7 3.3625534
4891 29 2.399883
4891 72 3.558446
4905 3 3.5287287
4905 14 3.1451766
4905 15 2.7093394
4905 27 3.4942255
4905 65 2.2343056
4907 9 3.8771396
4907 23 3.3714974
4907 25 2.0834625
4907 35 2.7317033
4907 45 2.8792007
4910 1 3.8856215
4910 8 3.5769243
4910 21 3.6305602
4910 23 3.5257068
4910 62 5.0
4916 4 2.0588622
4916 12 2.4582777
4916 16 3.0323124
4916 27 1.917031
4916 67 1.0
4922 4 1.2552143
4922 22 1.0
4922 26 1.0
4922 45 1.8737081
4922 63 3.8864288
4927 1 4.9317403
4927 10 4.507077
4927 14 4.2815137
4927 27 3.756618
4927 64 3.8941302
4928 3 4.4077687
4928 10 4.2755265
4928 12 3.8489342
4928 18 2.5219495
4928 29 2.310972
4951 1 3.495914
4951 7 4.0613737
4951 9 4.4171424
4951 29 3.097275
4951 39 3.2245355
4952 3 2.2328825
4952 11 3.0665574
4952 16 4.8908105
4952 23 2.8635921
4952 49 2.2653604
4953 2 3.2372181
4953 15 3.0107515
4953 16 3.2104285
4953 22 2.9880219
4953 59 3.0595007
4957 2 2.62754
4957 6 2.1163006
4957 14 2.6098416
4957 28 2.4482853
4957 54 2.6789863
4965 1 4.740796
4965 15 3.9858463
4965 16 4.2978396
4965 18 3.394155
4965 43 3.437593
4966 1 2.5537207
4966 7 2.1680458
4966 8 1.784369
4966 14 2.2151475
4966 22 1.8307734
4969 5 2.88484
4969 7 3.1256855
4969 8 2.9138455
4969 22 2.5133033
4969 30 2.0118437
4971 2 3.328454
4971 5 2.5977538
4971 6 2.1059432
4971 9 3.1440194
4971 75 2.2331583
4972 4 1.0
4972 9 2.6166844
4972 15 1.0
4972 34 1.0
4972 61 3.3499098
4986 1 3.7236753
4986 7 3.75352
4986 9 5.0
4986 28 3.394088
4986 57 2.7161226
4989 3 3.8796322
4989 13 3.092999
4989 15 3.39411
4989 21 3.699118
4989 33 3.3244328
4991 1 3.3178906
4991 12 2.799616
4991 13 2.2575805
4991 25 1.6758757
4991 56 1.8067361
4994 5 1.0
4994 13 1.0
4994 14 1.0
4994 22 1.0
4994 42 1.0496244
