1 2 2.7719798
1 5 2.5691059
1 13 2.1773133
1 59 1.9617138
1 75 2.2569742
5 5 2.6021256
5 14 2.9012094
5 20 3.431936
5 32 2.939536
5 56 2.176006
10 2 3.2273304
10 7 3.396411
10 10 3.4432523
10 19 2.1546798
10 38 3.3614645
13 3 2.8710873
13 6 2.4581683
13 9 3.3376665
13 21 3.1308007
13 67 2.2403264
18 2 3.6013365
18 5 2.812991
18 11 3.2877173
18 14 3.2634118
18 45 2.9764767
22 20 3.6068554
22 27 3.2880654
22 29 2.1951869
22 36 2.2663543
22 76 2.522527
25 2 3.0166023
25 7 2.697626
25 10 3.0167584
25 20 3.4459748
25 39 2.1396484
26 2 3.5638595
26 26 3.3202875
26 30 2.927511
26 41 2.6530733
26 59 2.970264
30 1 4.0738482
30 9 3.8734474
30 11 3.3597026
30 13 3.3492653
30 26 3.171456
37 3 3.8833537
37 14 3.1624413
37 15 3.1066146
37 23 3.301264
37 30 2.6326575
40 6 2.2773187
40 11 2.8210843
40 19 1.7777617
40 28 2.3687313
40 48 2.987953
43 5 2.8973255
43 7 3.1661816
43 10 3.3474407
43 25 2.0425189
43 59 2.695528
78 2 2.5512993
78 13 1.7652041
78 18 1.8193928
78 20 3.0019968
78 27 2.9471922
82 1 3.434539
82 7 3.2263093
82 15 2.863779
82 29 2.6238458
82 68 2.8344676
83 7 2.9815168
83 17 1.9390681
83 24 2.4149818
83 40 2.1711166
83 62 3.4956925
85 2 3.301914
85 13 2.5811872
85 14 3.0774772
85 19 2.609378
85 43 2.178987
88 3 3.4144406
88 9 3.201986
88 20 3.650125
88 30 2.0865483
88 48 2.92457
89 3 3.1914186
89 8 3.4918387
89 11 3.1061225
89 15 2.4338114
89 42 3.0457609
95 3 3.91194
95 17 2.1768265
95 19 2.5340822
95 24 2.949491
95 48 3.647647
96 6 2.8858864
96 11 3.587579
96 13 2.865105
96 16 3.3183177
96 42 3.6081436
98 2 2.8896813
98 13 2.0261924
98 17 2.0316236
98 25 1.8056448
98 32 2.704763
99 1 3.3731112
99 6 2.918923
99 9 3.6542075
99 20 3.4756825
99 78 1.9800678
103 2 3.4704063
103 16 3.4567218
103 22 2.9688878
103 40 2.8314452
103 51 2.7849898
106 1 3.4945095
106 7 3.5186186
106 8 2.8624308
106 13 2.6796863
106 28 3.0016031
107 2 3.0781453
107 12 3.2320666
107 19 2.443463
107 26 3.003043
107 54 3.1348186
110 9 3.2580483
110 11 2.9893801
110 12 3.0749414
110 20 3.4381154
110 45 2.6641219
111 4 3.4687817
111 11 3.436093
111 16 3.4702322
111 28 3.2552052
111 74 2.9089422
113 6 2.6867888
113 15 3.2446568
113 22 2.80209
113 34 2.9237926
113 53 2.3944857
115 1 2.973589
115 4 2.570031
115 7 2.6214392
115 13 2.0934117
115 42 2.893497
137 2 2.8810856
137 15 2.2901745
137 17 1.7979182
137 20 3.3325577
137 37 2.9413662
139 3 2.946839
139 14 2.5649457
139 18 1.0
139 32 2.382409
139 43 1.0
140 10 3.1130688
140 13 2.3567114
140 16 3.0296998
140 24 2.419498
140 31 2.1980913
147 2 3.3650892
147 12 3.600852
147 15 3.200964
147 32 3.124123
147 66 3.0288937
155 1 3.2864666
155 6 3.080732
155 12 3.1269772
155 16 3.3109465
155 26 2.9683576
165 1 3.3197606
165 4 2.6982877
165 8 3.0110502
165 14 3.250349
165 26 3.521721
166 1 2.816816
166 18 1.0
166 26 2.3671687
166 38 2.9492273
166 77 2.6546123
182 3 4.0231442
182 10 3.6784472
182 16 3.5522065
182 21 3.458925
182 43 2.4863534
189 1 3.6074128
189 7 3.3799238
189 12 3.5213408
189 19 2.813861
189 61 2.5757985
198 7 2.628839
198 15 2.5526175
198 17 2.0257823
198 27 1.6934723
198 48 3.0204942
202 1 3.3940146
202 9 3.1869152
202 11 3.1298423
202 20 3.4727106
202 50 2.096201
206 1 3.142943
206 9 3.4993453
206 11 2.9984713
206 20 3.4095695
206 40 2.483025
213 3 2.8116283
213 8 2.7339065
213 12 2.244304
213 34 1.5818878
213 58 2.374537
214 1 3.5061462
214 19 2.598585
214 27 3.7434688
214 30 1.8543615
214 64 2.4944232
219 3 3.242269
219 14 2.8875673
219 16 3.0375586
219 21 2.9933567
219 73 2.5082548
221 2 3.1123824
221 7 3.3057973
221 18 2.1500638
221 29 2.5087132
221 69 2.249398
222 13 2.7516403
222 17 2.615165
222 18 2.0816648
222 38 3.4345698
222 48 3.3574502
224 6 2.9118893
224 16 3.4775503
224 18 2.3568666
224 23 3.692232
224 37 3.1018434
226 6 2.9658265
226 15 3.0025165
226 22 3.0030625
226 31 2.8168836
226 62 3.4237678
227 7 1.9646944
227 18 1.0
227 21 2.7551477
227 28 2.5807548
227 55 1.995271
228 1 2.7164447
228 6 2.3225439
228 7 2.611417
228 18 1.0
228 51 1.7987397
229 3 3.4593036
229 17 2.6818657
229 32 2.935417
229 59 2.580798
229 91 2.2221837
234 2 2.2463746
234 6 2.1713343
234 10 2.9408386
234 17 1.6314857
234 31 1.9747009
236 4 2.5592904
236 8 2.6261811
236 10 3.2091184
236 16 2.8847198
236 43 1.7548938
244 1 3.2570205
244 5 2.715458
244 7 3.2960763
244 34 2.5120487
244 62 3.7277358
247 11 3.3405383
247 13 2.2262125
247 14 2.9526205
247 21 3.5432477
247 50 1.8489946
257 2 3.0732722
257 8 3.186416
257 11 2.8345819
257 15 2.675571
257 30 2.9008756
260 1 3.0776029
260 6 2.805327
260 7 3.5317173
260 13 2.7080395
260 24 2.3119898
268 1 2.835846
268 5 2.0500891
268 7 2.1385446
268 14 1.5775719
268 44 2.6086566
273 1 3.4867673
273 11 3.0462208
273 15 2.749406
273 29 2.173907
273 52 2.5876024
277 4 3.227062
277 7 3.2999048
277 8 3.2077556
277 12 3.296655
277 22 3.267295
280 1 3.0810235
280 7 2.8372056
280 8 2.7374125
280 19 2.141574
280 26 2.6694818
281 2 2.5142274
281 10 2.8870902
281 12 2.6188657
281 17 1.944487
281 53 1.8737175
282 1 3.0059776
282 4 2.333716
282 16 2.5496492
282 30 2.1925719
282 64 1.9782568
284 2 3.1308556
284 7 3.1737447
284 8 2.9114358
284 12 3.5924728
284 36 2.4784267
293 2 2.6611042
293 5 2.2111685
293 7 2.673071
293 11 3.027599
293 38 3.0421734
297 2 3.3938277
297 12 3.4761586
297 16 3.6056173
297 37 3.2878945
297 51 3.4245863
300 3 3.4137747
300 7 3.1286278
300 12 3.4263115
300 21 3.3117402
300 41 2.2913084
302 7 3.3358784
302 22 3.3730488
302 26 3.2205853
302 35 2.8260303
302 46 2.9134505
305 4 3.0951226
305 6 3.077978
305 7 3.3995683
305 9 3.7669742
305 43 2.5308044
306 1 3.29789
306 10 3.3258643
306 12 3.45233
306 22 3.0008051
306 66 2.6871574
312 9 4.015967
312 15 3.1389885
312 16 3.4227633
312 28 3.2191212
312 45 2.9979284
326 2 3.0331366
326 16 3.1273985
326 17 2.1877651
326 25 2.0606794
326 87 2.0980208
327 1 3.2495813
327 9 3.53244
327 15 2.7762187
327 42 3.3928246
327 68 2.7065585
332 7 2.58044
332 14 1.923552
332 15 2.558074
332 34 1.8669921
332 54 2.4329338
340 2 2.8543203
340 5 2.43632
340 7 2.9826791
340 24 2.2106955
340 40 2.0812583
341 2 3.518045
341 5 2.6825805
341 6 3.2252135
341 19 3.003276
341 65 2.4120293
345 1 3.6458256
345 11 3.288031
345 13 2.9045358
345 19 2.965965
345 49 2.8474264
347 6 2.568983
347 16 3.042863
347 20 3.2342236
347 43 2.2257962
347 72 2.6530893
348 1 3.5584803
348 11 3.1606345
348 20 3.7743013
348 43 2.622925
348 68 2.5002708
349 1 3.0179055
349 3 3.0622544
349 6 2.546554
349 15 2.5586214
349 28 2.660232
352 2 2.3381312
352 9 2.9841056
352 16 2.5117018
352 24 1.0
352 37 1.865154
360 1 2.6120954
360 8 2.3010027
360 12 1.5228496
360 14 2.3079042
360 38 2.6633518
363 3 3.72838
363 14 3.3867004
363 21 3.112279
363 26 2.724131
363 74 3.0831232
371 4 2.9963305
371 11 3.046621
371 12 3.000318
371 15 2.2377884
371 37 2.4037404
375 2 2.781321
375 14 3.0978532
375 18 2.0398667
375 24 2.6334314
375 32 2.9751186
377 2 3.0715115
377 14 3.0702453
377 16 3.272638
377 38 3.2520163
377 56 2.535452
381 6 2.4453244
381 11 2.496756
381 15 2.3882537
381 29 1.5175294
381 37 2.4686391
393 4 3.487106
393 8 4.016354
393 12 3.378065
393 15 3.7882988
393 22 3.630467
399 3 3.5683053
399 8 2.9491916
399 9 3.518361
399 19 2.7478368
399 41 2.008492
400 2 3.2364833
400 8 2.8641045
400 10 3.5233061
400 20 3.4977973
400 32 3.3565578
405 5 2.1465082
405 10 3.3100083
405 16 3.049362
405 20 3.7386694
405 40 2.7135596
409 1 2.4857664
409 4 2.191345
409 5 1.0
409 14 2.2206283
409 54 1.7362633
418 2 2.877975
418 7 3.404528
418 8 2.9630063
418 19 2.568974
418 36 2.2586272
429 1 2.9463022
429 24 2.1341438
429 28 2.6709392
429 43 1.809298
429 73 2.0396175
432 6 2.6425807
432 14 2.9026995
432 16 2.9926486
432 22 2.1970606
432 71 2.4528527
436 1 3.2868834
436 12 3.4971876
436 17 2.6541471
436 28 2.9435992
436 39 2.6247516
437 1 2.6961517
437 9 2.323016
437 10 2.7500463
437 17 1.0
437 37 2.1250956
443 4 3.410117
443 8 3.1457193
443 11 3.7058158
443 19 2.8600008
443 37 3.1532452
452 3 3.609612
452 12 3.0247262
452 13 2.0617456
452 34 1.6360029
452 58 2.629927
454 8 2.965212
454 13 2.3012135
454 27 3.0967162
454 29 2.1697137
454 44 3.32987
455 3 3.2471087
455 6 2.492512
455 9 3.35671
455 15 2.849479
455 27 3.216954
457 1 3.131571
457 7 2.878418
457 10 3.3720922
457 16 3.036662
457 62 3.247187
467 2 3.496267
467 9 3.8608549
467 12 3.5521867
467 32 3.2332046
467 64 2.8491724
469 2 2.8950152
469 4 2.5975394
469 5 2.6905496
469 16 3.06956
469 28 2.5112894
472 1 3.0251758
472 14 2.4775908
472 20 3.4266326
472 33 2.3721354
472 73 2.272683
481 1 3.518586
481 12 3.4659412
481 13 3.397161
481 22 3.306404
481 42 3.4453392
483 6 2.9994662
483 12 3.1513474
483 14 2.953109
483 21 3.2573307
483 54 3.1672764
502 8 2.3416889
502 12 2.9363704
502 19 1.9039571
502 35 2.134855
502 56 1.8181851
509 3 3.3187394
509 18 1.9076817
509 24 2.198487
509 30 2.3829393
509 48 3.1528623
515 1 2.9505904
515 10 3.0873668
515 13 1.928435
515 23 2.5107126
515 70 1.509552
521 4 2.7589452
521 13 2.296367
521 16 3.4814568
521 24 2.5389075
521 48 3.731431
526 5 2.5226347
526 15 2.7926865
526 16 3.205697
526 31 2.4520996
526 82 1.723593
537 4 3.525818
537 10 3.5767395
537 11 3.8004656
537 19 2.6958134
537 26 3.075984
538 1 3.0716603
538 7 2.919672
538 8 2.639808
538 25 1.5913068
538 48 2.842862
540 2 2.91082
540 5 2.9447072
540 7 3.0784097
540 23 3.2769074
540 51 2.5725677
544 1 3.340037
544 13 2.7095685
544 23 3.3470047
544 26 3.2877154
544 44 3.208448
545 4 2.962138
545 16 3.4299881
545 18 2.0842357
545 37 2.9969873
545 87 1.945354
551 2 3.4318154
551 7 3.3463178
551 8 3.2306643
551 37 3.1587374
551 72 3.1551924
553 4 2.5135198
553 7 2.5400193
553 8 2.4876585
553 15 2.0656183
553 38 3.0020463
556 1 2.958418
556 6 2.4640405
556 9 3.4850285
556 13 2.2029881
556 29 1.8804984
563 3 3.155642
563 8 2.679416
563 9 3.3932598
563 16 3.086718
563 29 1.9371392
567 1 3.3923523
567 3 3.228775
567 4 2.9946916
567 9 3.3929312
567 58 2.6545165
569 7 3.3015895
569 22 2.794233
569 27 3.4498425
569 42 3.0388994
569 92 2.3760912
571 1 3.0964906
571 9 3.1007767
571 10 2.9199727
571 15 2.5522416
571 53 1.6916797
578 4 3.218613
578 15 2.7741861
578 22 2.9746351
578 39 2.4809968
578 47 2.913894
582 1 2.9777737
582 13 1.6375915
582 27 2.4184291
582 41 1.8879037
582 51 2.0894694
583 2 3.9472475
583 16 3.8650975
583 20 3.6813602
583 41 2.4002173
583 54 3.5664382
585 1 2.8548522
585 15 2.0889082
585 17 1.8099222
585 26 2.401954
585 48 2.9763362
586 1 3.363729
586 5 2.6891823
586 6 3.1415124
586 10 3.6927245
586 65 2.6880748
592 1 3.3206937
592 8 2.999478
592 12 3.46208
592 14 3.1113195
592 39 2.6788588
598 8 2.81345
598 20 3.4889026
598 28 3.3751888
598 37 2.772751
598 56 2.2838397
602 2 2.773193
602 8 2.7320666
602 15 2.4620464
602 20 3.8095593
602 35 2.598825
606 8 3.263825
606 19 2.7640634
606 20 3.8462703
606 27 3.5339355
606 66 2.9989932
608 2 3.2422369
608 12 3.6747928
608 13 2.821591
608 19 2.8973756
608 50 2.1682982
611 1 2.6985974
611 9 3.3093557
611 11 2.9115217
611 18 2.0299113
611 66 2.602212
612 5 1.1933722
612 12 2.7054853
612 17 1.7846256
612 24 1.8349669
612 81 2.763012
613 2 2.987766
613 18 1.8367294
613 19 2.3538969
613 35 2.6865845
613 49 2.2949436
618 3 3.3311348
618 6 3.086778
618 11 3.192065
618 18 2.041666
618 39 2.439988
623 5 2.7734618
623 11 3.4455843
623 14 3.3785563
623 23 3.7006276
623 63 2.6627674
627 5 2.2886612
627 10 3.932224
627 16 3.3184223
627 22 2.8318582
627 51 2.5873976
635 1 2.7590601
635 3 3.386926
635 5 2.4915302
635 10 3.366258
635 79 2.1726127
641 5 2.8208485
641 10 3.493885
641 17 3.1251707
641 30 2.9014497
641 52 3.0474896
642 1 3.184486
642 12 3.199116
642 22 2.5602148
642 34 2.264486
642 61 1.7529426
644 2 3.2462745
644 6 2.8773148
644 8 2.8802013
644 12 3.236504
644 38 3.8175662
649 2 3.4051652
649 15 2.9397388
649 19 2.6561954
649 21 3.687034
649 45 3.3706472
651 4 3.3084476
651 8 3.3443303
651 10 3.711558
651 17 2.5101984
651 22 3.11379
657 3 3.321281
657 13 2.560604
657 16 3.5208936
657 23 3.3763483
657 36 3.088184
659 6 2.8078494
659 15 2.8603678
659 23 2.6840909
659 32 3.0816784
659 52 2.3338645
669 7 2.8422744
669 18 2.006011
669 19 1.726674
669 30 2.1227238
669 77 2.7635074
670 4 3.1174333
670 13 2.888068
670 15 2.9416704
670 27 3.6585405
670 64 2.6172242
674 1 3.0732586
674 4 2.9481084
674 5 1.8448939
674 15 1.9305723
674 75 2.284834
696 3 3.8193884
696 7 3.037218
696 13 2.5880814
696 21 3.2592878
696 53 2.3513846
698 1 3.3157659
698 5 3.1591742
698 6 2.7986612
698 9 3.5150135
698 19 2.7753458
699 5 2.5403123
699 8 3.2119572
699 12 3.2309413
699 21 3.3232782
699 36 2.5106363
700 6 3.1574237
700 11 3.464235
700 13 2.8219805
700 15 3.117526
700 26 3.2403316
702 5 2.203242
702 16 2.342272
702 20 3.027965
702 27 2.6706982
702 55 2.1137109
705 1 3.0712674
705 6 2.5638506
705 9 3.699548
705 42 3.1943948
705 64 2.6092792
711 5 2.4200902
711 12 3.4402263
711 22 3.1726277
711 32 2.9762797
711 50 2.051209
714 1 3.752418
714 3 3.941383
714 4 3.1366863
714 17 2.9405773
714 53 2.6058638
716 1 3.0899365
716 9 3.0971448
716 11 2.9092507
716 28 1.8166951
716 61 1.9449625
722 1 3.1321254
722 4 2.951334
722 6 3.042962
722 15 3.0240088
722 43 2.1553655
725 7 2.8576543
725 12 3.3514028
725 13 2.3765519
725 26 2.7796726
725 41 2.145017
729 1 3.0807989
729 17 2.0700672
729 21 3.0775964
729 34 1.2264086
729 61 2.0911238
747 5 1.9927351
747 9 3.658269
747 23 3.2424157
747 27 3.0981317
747 69 2.0521004
754 5 2.4090855
754 7 2.9920208
754 9 3.3503304
754 14 3.0145938
754 48 3.619256
756 2 2.3496184
756 9 3.1152008
756 18 1.0
756 23 2.753931
756 40 1.841075
775 1 3.1212068
775 11 2.919183
775 24 1.8606176
775 37 2.5424335
775 65 1.8883154
783 1 3.084594
783 6 2.5215816
783 7 2.8127851
783 12 3.0436573
783 66 2.7074075
791 14 3.0867043
791 17 1.3213451
791 18 1.8420388
791 22 2.592925
791 41 1.9215784
792 3 3.4748678
792 5 2.6607604
792 12 3.3441305
792 15 2.9250293
792 38 3.629407
796 2 3.0048938
796 12 2.905172
796 21 3.0416884
796 23 3.1478028
796 46 2.296785
798 2 2.7116652
798 6 3.6979187
798 12 3.0107486
798 19 1.4959598
798 25 1.4648685
803 1 3.7044709
803 14 3.3895915
803 15 3.1860268
803 18 2.2495382
803 59 2.6943817
805 1 2.919637
805 9 3.2694652
805 20 3.1491077
805 34 2.0513043
805 59 2.1493912
806 3 3.7354023
806 6 3.100848
806 9 4.095942
806 15 2.947549
806 44 3.3844972
819 3 3.5312004
819 7 3.586636
819 13 2.6272075
819 22 3.3349323
819 55 3.0243802
820 9 3.3588212
820 20 3.4309587
820 21 3.152562
820 38 3.4557338
820 59 2.3411214
824 1 2.8853478
824 7 2.7122185
824 9 3.3038282
824 21 2.8705535
824 31 1.9556819
827 2 3.180501
827 8 2.8206103
827 10 3.4033263
827 34 2.6458242
827 41 2.2172875
828 6 2.6410778
828 13 2.531633
828 18 1.7733493
828 34 2.1615732
828 69 2.286485
831 1 3.7438931
831 6 2.8255937
831 20 3.5420518
831 27 3.4248261
831 56 2.116657
839 1 2.507003
839 5 2.2258506
839 12 2.9358628
839 17 1.7120785
839 26 2.6090164
842 5 3.141229
842 7 3.282439
842 18 2.6470833
842 25 2.6950755
842 42 3.7170942
847 1 2.8768053
847 6 3.0188966
847 14 2.649227
847 24 1.6919757
847 40 2.012033
848 2 3.8577044
848 6 3.5903838
848 8 3.269991
848 13 2.7047095
848 22 3.1364276
849 1 3.2459242
849 9 3.1891515
849 13 2.8574762
849 22 2.9226375
849 66 2.667337
854 5 3.019156
854 9 3.887608
854 10 3.7450218
854 21 3.5594435
854 52 2.7165346
855 2 2.8581398
855 11 2.9176145
855 13 2.2810347
855 21 3.0274882
855 61 2.016662
865 9 3.3123767
865 12 2.7310143
865 13 2.0469556
865 16 2.906666
865 37 2.6494975
874 2 3.0335166
874 7 2.9226656
874 9 3.59666
874 14 2.9595237
874 21 3.1764188
878 1 3.4567528
878 7 3.296901
878 8 3.727767
878 25 2.8251367
878 35 2.6829207
882 2 3.193839
882 14 3.206298
882 16 3.3686368
882 25 2.190239
882 33 2.4254918
884 4 2.884458
884 8 2.5260267
884 14 2.6429112
884 33 2.1226244
884 60 1.6250303
885 4 2.41857
885 11 2.489586
885 14 2.460793
885 21 2.3023865
885 40 1.8299619
891 2 3.046516
891 23 3.1141605
891 28 2.887785
891 38 3.3160524
891 68 2.5453598
892 1 3.0764303
892 13 2.0015113
892 16 1.3467624
892 24 1.3161049
892 33 2.0102658
915 6 2.6150646
915 11 2.542518
915 12 2.955152
915 20 3.2030673
915 55 2.3981414
917 1 3.3429544
917 5 2.665417
917 20 3.5274003
917 27 3.2521403
917 88 2.3823392
918 1 3.2374086
918 7 2.99891
918 13 2.6010454
918 20 3.6064227
918 32 2.7862103
920 2 3.4196932
920 8 3.075362
920 11 3.9483924
920 22 3.124732
920 48 4.241132
928 1 3.3109446
928 14 3.1936326
928 28 3.065517
928 32 2.8004174
928 75 2.618092
931 3 3.4876294
931 7 3.8183331
931 13 2.6355262
931 20 3.593471
931 31 2.4503415
936 1 3.1362493
936 4 2.8804162
936 6 2.7251124
936 18 1.0
936 51 2.6152081
938 1 3.4296093
938 5 3.0400405
938 7 3.4138646
938 21 3.634183
938 53 2.526296
941 3 3.29289
941 13 2.3103316
941 14 3.1252236
941 22 2.6673226
941 35 2.4352643
942 5 2.7165992
942 13 2.2625628
942 15 2.7287102
942 17 2.1940126
942 25 2.056759
943 1 3.5580838
943 8 3.5265555
943 18 2.1846716
943 36 2.4857962
943 70 1.9608932
951 2 3.228567
951 7 3.0484607
951 13 2.6145332
951 22 2.8944757
951 74 2.823183
954 10 3.6911478
954 12 3.4162543
954 15 2.6720667
954 21 3.4172013
954 54 3.3007512
958 3 3.565179
958 18 2.0362194
958 22 3.3612554
958 39 2.4336624
958 65 2.4118288
976 9 3.7823591
976 19 2.5626557
976 25 1.9990402
976 30 2.5167572
976 94 1.4375616
977 12 3.1698895
977 20 3.4583142
977 22 3.010105
977 31 2.3123791
977 45 2.7247188
980 1 3.2702692
980 5 3.0801616
980 6 2.801158
980 15 3.17977
980 26 3.4491234
981 6 2.8919632
981 9 3.570692
981 15 2.7270834
981 17 2.4443574
981 72 2.8604722
987 4 3.0891054
987 17 2.698293
987 18 2.5270503
987 29 2.4444005
987 47 2.8795497
990 1 3.2365654
990 8 2.9285722
990 10 3.304822
990 12 2.862066
990 24 2.1448934
1006 1 2.3456666
1006 9 3.0227275
1006 11 2.6022565
1006 17 1.9013389
1006 43 1.4690423
1014 1 3.2193959
1014 7 2.9673502
1014 9 3.557046
1014 25 2.382673
1014 52 2.504344
1017 4 2.3801198
1017 9 2.9982047
1017 11 2.7489948
1017 19 2.0805635
1017 57 1.5381035
1020 11 2.9476173
1020 14 2.9528375
1020 16 3.0369492
1020 20 3.313861
1020 67 2.1712887
1022 1 2.9970028
1022 8 2.9723682
1022 9 1.874877
1022 19 1.886565
1022 37 2.6035175
1028 2 2.8072999
1028 14 2.918837
1028 15 2.5532315
1028 58 2.476042
1028 82 1.724777
1031 1 3.7804415
1031 10 3.574084
1031 14 3.7808614
1031 20 3.6150575
1031 75 2.8370304
1032 2 3.301482
1032 10 3.9984949
1032 11 3.554933
1032 21 3.494811
1032 44 3.012762
1036 2 2.7723546
1036 6 1.7746421
1036 8 2.5187304
1036 28 2.0941906
1036 49 2.0053124
1049 10 2.9923472
1049 17 2.0356932
1049 19 2.499052
1049 25 1.9147422
1049 40 2.3214939
1057 2 2.9118426
1057 12 2.7617311
1057 15 2.5987508
1057 34 1.8167537
1057 51 2.2050614
1063 1 3.5137084
1063 6 2.911959
1063 7 3.1421158
1063 21 3.3952487
1063 83 2.5174017
1066 5 1.9723585
1066 12 3.4665194
1066 13 2.207318
1066 15 2.5889823
1066 62 3.0756874
1070 1 2.852999
1070 4 1.9191811
1070 5 2.1995006
1070 24 1.9138343
1070 55 2.0100825
1071 2 3.2139874
1071 12 3.315975
1071 21 3.301876
1071 32 2.882911
1071 39 2.5877037
1085 1 3.0892358
1085 9 3.175374
1085 11 3.0259202
1085 18 1.848055
1085 51 2.5523262
1092 1 3.3014119
1092 4 3.3014185
1092 8 2.981248
1092 39 2.571955
1092 62 3.3280466
1093 1 3.4686038
1093 7 3.1743681
1093 13 3.0241146
1093 22 3.3783019
1093 38 3.6099215
1095 3 3.6572325
1095 17 2.269448
1095 19 2.6097643
1095 29 1.9362075
1095 36 2.5110345
1099 5 3.0787635
1099 10 3.1131296
1099 12 3.0534732
1099 27 3.1819189
1099 59 1.8772581
1101 3 3.946329
1101 5 3.0458546
1101 7 3.1114554
1101 11 3.465037
1101 51 2.752147
1103 2 2.735129
1103 5 2.5073476
1103 15 2.5550067
1103 24 1.728806
1103 48 2.9856613
1106 1 2.8309693
1106 17 1.0
1106 20 2.4023175
1106 24 1.6644541
1106 68 1.81019
1109 2 3.0139377
1109 7 3.2654717
1109 20 3.7724779
1109 35 2.5391324
1109 41 2.110766
1111 2 2.305466
1111 7 2.4341314
1111 10 3.1583374
1111 23 2.82907
1111 42 2.4212773
1114 8 2.6404364
1114 17 2.0354402
1114 21 3.2991543
1114 27 3.0039163
1114 62 3.1231844
1120 1 3.4165068
1120 9 3.6007879
1120 11 3.5059135
1120 29 2.311347
1120 74 3.0267246
1129 5 2.0025692
1129 9 3.3147433
1129 10 3.0041175
1129 19 2.251036
1129 36 2.0417616
1136 1 2.614329
1136 7 2.2902212
1136 9 2.7584975
1136 21 2.8491788
1136 64 1.8732452
1150 11 3.0336907
1150 21 3.3849275
1150 25 2.2383852
1150 29 2.3313982
1150 41 2.3529615
1151 1 2.8602273
1151 4 2.0224395
1151 7 2.258473
1151 29 1.7710211
1151 44 2.3441083
1155 3 3.5440161
1155 15 2.8132038
1155 16 3.7126043
1155 36 2.444092
1155 77 3.1806898
1157 6 2.5121934
1157 8 2.6004586
1157 9 3.0702026
1157 20 2.7199452
1157 42 2.8054917
1172 2 3.255816
1172 10 3.1486664
1172 11 2.9086587
1172 25 2.0245533
1172 66 2.7465615
1177 2 3.35279
1177 29 2.3894548
1177 34 2.6825392
1177 50 2.2246592
1177 59 2.8504236
1182 2 3.0029619
1182 7 2.6962647
1182 10 3.2033665
1182 14 2.9953277
1182 18 1.9888936
1185 3 2.6948931
1185 6 2.2944212
1185 7 1.0
1185 14 1.0
1185 31 1.0
1189 1 3.6287386
1189 5 2.8196573
1189 6 2.9392452
1189 13 2.5763052
1189 26 2.7879484
1194 2 3.564045
1194 18 1.9572235
1194 26 2.7992778
1194 39 2.0376136
1194 57 1.6691933
1205 1 2.9855618
1205 5 2.1115239
1205 10 3.2369094
1205 26 2.682863
1205 48 2.9466567
1209 1 3.2258253
1209 6 2.89791
1209 7 3.0654485
1209 12 3.1261582
1209 37 2.7660208
1214 2 2.6555314
1214 24 1.9736922
1214 26 2.5010276
1214 43 1.8604504
1214 69 1.8316885
1216 1 3.3191934
1216 9 3.5248244
1216 10 3.4005644
1216 17 2.3786945
1216 79 2.4103775
1224 1 3.3705037
1224 6 2.8401
1224 32 3.2982082
1224 39 3.248094
1224 45 2.9045303
1236 3 3.674343
1236 10 3.6110091
1236 17 2.596628
1236 38 3.6679678
1236 54 3.4435506
1243 1 3.7098358
1243 9 3.5603523
1243 10 3.5022893
1243 21 3.2165344
1243 29 2.3097534
1245 3 3.205302
1245 12 2.9758859
1245 17 2.1275868
1245 26 2.6763942
1245 53 2.0330832
1246 4 3.0677457
1246 11 3.5174134
1246 12 3.5947871
1246 19 2.6916916
1246 43 2.4370728
1249 7 2.999572
1249 20 3.4838758
1249 21 2.9338086
1249 23 3.205357
1249 29 1.8728884
1268 2 2.4307048
1268 8 2.546627
1268 10 3.0294473
1268 19 1.1064208
1268 33 1.6378471
1274 2 3.1776896
1274 12 3.4536781
1274 14 3.0131762
1274 20 3.6306896
1274 52 2.4226677
1277 4 2.4730966
1277 9 3.255484
1277 10 3.2312026
1277 13 2.0980258
1277 33 1.974411
1285 5 2.9002893
1285 12 3.2199771
1285 15 3.0161402
1285 19 2.6805384
1285 70 2.0017316
1287 2 2.6427135
1287 8 2.541167
1287 10 2.9072592
1287 24 2.0776024
1287 71 2.393364
1288 2 3.007176
1288 11 3.079229
1288 15 2.8013031
1288 22 2.7637959
1288 47 2.512904
1289 7 2.7594094
1289 13 1.0988805
1289 21 2.5926776
1289 34 1.5968252
1289 54 2.9091775
1301 1 3.618315
1301 3 3.7616594
1301 7 3.390826
1301 12 3.5322433
1301 20 3.8827357
1303 8 2.624715
1303 10 3.1759436
1303 11 2.805218
1303 36 2.1533668
1303 56 2.2269602
1308 1 3.3215725
1308 12 3.7195923
1308 14 3.457982
1308 22 3.2424529
1308 37 3.0352852
1309 2 3.4692502
1309 11 3.4495816
1309 14 3.3998842
1309 26 3.2256782
1309 65 2.6219406
1313 1 3.6587954
1313 6 3.190324
1313 10 3.7388058
1313 31 2.852797
1313 58 3.2640693
1314 8 3.1649554
1314 13 2.3683758
1314 20 3.9164915
1314 28 3.158715
1314 60 1.9426173
1318 4 3.0296023
1318 7 2.9454134
1318 10 3.3740163
1318 15 2.960346
1318 42 2.8455038
1323 4 2.2694294
1323 10 2.9224875
1323 14 2.5773232
1323 45 2.1935241
1323 67 1.8907819
1327 3 2.682473
1327 8 2.7032335
1327 12 2.2376015
1327 22 1.984014
1327 28 2.715257
1330 3 3.4170225
1330 8 3.3439143
1330 13 2.7212682
1330 29 2.3176968
1330 66 2.8843622
1335 1 3.4838972
1335 5 2.8380418
1335 9 3.7064936
1335 14 3.2725399
1335 40 2.704998
1336 3 3.5915747
1336 10 3.4179087
1336 11 3.1364775
1336 24 2.7027555
1336 47 2.5256648
1337 10 3.1072059
1337 14 2.4180963
1337 16 2.939031
1337 28 2.6642697
1337 51 1.8321383
1340 4 2.7262993
1340 12 3.0361507
1340 14 2.709685
1340 43 1.937507
1340 93 2.0849125
1343 1 3.5464299
1343 9 3.8081462
1343 13 3.3378325
1343 26 3.2545085
1343 51 3.0779674
1344 4 3.2561672
1344 6 3.052999
1344 8 2.9755068
1344 18 2.1160777
1344 47 2.7400172
1357 6 2.5164137
1357 16 2.82908
1357 18 1.6913788
1357 28 2.6589649
1357 49 1.9500991
1360 1 3.294995
1360 6 3.1800044
1360 10 3.6271937
1360 23 3.4530652
1360 63 2.7098446
1361 2 2.939798
1361 5 2.1982908
1361 9 3.2256076
1361 24 2.3072026
1361 56 1.7607487
1364 1 2.812998
1364 16 2.8696067
1364 25 1.3013093
1364 43 1.8362585
1364 53 1.852205
1366 3 3.7602823
1366 6 3.8056903
1366 9 3.5706887
1366 12 3.7127113
1366 47 2.8641012
1377 5 2.549432
1377 14 3.3503919
1377 17 2.6862404
1377 28 3.1905038
1377 53 2.548913
1381 2 2.4020333
1381 7 2.5064278
1381 8 2.3454046
1381 21 2.6403148
1381 50 1.0
1382 2 3.9720552
1382 17 2.505285
1382 18 2.9342642
1382 24 2.672096
1382 51 2.909331
1390 1 3.1308708
1390 6 2.373314
1390 18 2.0838816
1390 25 2.0381403
1390 62 3.6210985
1393 3 3.35725
1393 7 3.2289538
1393 8 2.9913874
1393 18 1.5473764
1393 42 3.2466824
1394 2 3.0343575
1394 5 2.5019932
1394 6 2.8523915
1394 14 2.9216533
1394 38 3.375165
1400 1 3.6207478
1400 6 3.1522765
1400 9 3.8433442
1400 15 3.1123788
1400 40 2.8418486
1421 2 2.4822266
1421 6 2.116587
1421 9 2.9233065
1421 13 1.7702619
1421 27 2.4262493
1432 2 3.0690403
1432 7 2.9486694
1432 11 2.9575968
1432 22 2.9705334
1432 46 2.5330462
1438 9 3.226826
1438 16 3.0274107
1438 20 3.5478544
1438 28 2.9047725
1438 43 2.0472546
1439 3 3.7841282
1439 5 2.9949284
1439 11 3.4791238
1439 18 2.4499552
1439 49 2.9166157
1441 4 3.0671456
1441 11 3.4494934
1441 12 3.4094422
1441 16 3.6378188
1441 32 2.866112
1454 3 2.9986334
1454 6 2.7758322
1454 7 3.166186
1454 12 3.0862472
1454 60 1.6226692
1460 5 2.8330696
1460 9 3.6910484
1460 11 3.5523558
1460 18 2.3929813
1460 39 2.657745
1464 2 3.6807714
1464 11 3.47325
1464 13 2.5738766
1464 20 3.6757798
1464 46 2.9441688
1468 6 2.9252
1468 18 2.2564325
1468 19 2.5073962
1468 24 2.500782
1468 39 2.712419
1469 2 2.1793222
1469 6 2.3004527
1469 10 3.0044081
1469 28 2.3565662
1469 49 2.1285934
1470 2 2.6187947
1470 5 1.9611157
1470 8 1.0
1470 12 2.567499
1470 36 1.2306318
1473 1 2.8327968
1473 3 3.2465541
1473 4 2.6027308
1473 7 2.874179
1473 35 2.0802011
1474 11 3.412038
1474 17 3.0029469
1474 20 3.7358634
1474 25 3.044755
1474 34 2.5344045
1476 1 3.1544118
1476 7 3.0994425
1476 8 2.8629427
1476 13 2.4933739
1476 54 3.0584102
1478 2 3.6839437
1478 12 3.309968
1478 16 3.779653
1478 24 2.6168654
1478 50 2.6334336
1483 8 2.8414276
1483 18 1.8027638
1483 20 3.4934387
1483 26 2.7880008
1483 45 2.6828327
1489 2 3.6175015
1489 5 2.8401673
1489 8 3.5074077
1489 24 3.0017633
1489 38 3.7009885
1494 1 3.514523
1494 26 3.070452
1494 40 3.0471075
1494 46 2.963704
1494 81 2.4496794
1499 1 3.6425643
1499 10 3.6648111
1499 12 3.255135
1499 19 2.5863962
1499 59 2.8865044
1502 2 3.5169153
1502 5 2.7851586
1502 7 3.3601968
1502 15 2.7503579
1502 43 2.007172
1507 1 3.2686834
1507 16 3.4336448
1507 17 2.321136
1507 34 2.5867732
1507 74 2.7993383
1509 11 3.0741365
1509 17 2.2576535
1509 19 2.6148825
1509 32 2.9270928
1509 68 2.1000533
1524 5 2.3142743
1524 11 2.9381845
1524 16 3.1391954
1524 29 1.6855015
1524 45 2.1978874
1532 3 3.5004292
1532 6 2.7825108
1532 7 2.9466655
1532 17 2.3683515
1532 41 2.0711787
1537 7 3.9485822
1537 16 3.579121
1537 17 3.281676
1537 34 2.6220822
1537 51 3.387023
1557 1 3.17965
1557 5 2.493658
1557 10 3.1625369
1557 20 3.3774269
1557 83 2.2471204
1560 4 2.8682399
1560 10 3.2619073
1560 12 3.4211988
1560 15 3.3225303
1560 32 2.8816762
1561 6 3.2193506
1561 8 3.5528295
1561 16 3.6488905
1561 22 2.9910572
1561 43 2.2749684
1566 3 3.4945006
1566 15 2.676083
1566 21 3.3017669
1566 30 2.6711066
1566 48 3.1701603
1568 2 3.0856864
1568 11 2.8890696
1568 13 2.3692644
1568 26 2.7414494
1568 31 2.4274273
1578 2 2.7867007
1578 6 2.3806152
1578 13 1.3870201
1578 30 2.019555
1578 49 1.8997573
1583 5 2.2050748
1583 8 2.3818429
1583 13 1.9638784
1583 20 3.2523708
1583 24 1.6961596
1585 1 3.0635414
1585 4 2.6853611
1585 5 2.5405552
1585 9 3.5313554
1585 34 2.2160468
1595 13 2.110375
1595 15 2.237265
1595 16 3.1087923
1595 25 2.007341
1595 38 3.2657046
1598 2 4.05983
1598 7 3.5118003
1598 10 3.6401124
1598 19 3.0887444
1598 50 2.6754525
1607 1 3.370165
1607 7 2.82166
1607 9 3.388372
1607 16 2.8590207
1607 39 2.3887842
1608 1 2.9981995
1608 7 2.7707105
1608 10 3.0782099
1608 20 3.2626202
1608 35 2.428526
1609 3 3.2826576
1609 17 2.1061747
1609 18 1.238914
1609 44 2.929402
1609 65 2.0295427
1610 1 2.6987724
1610 9 2.9706564
1610 10 3.0311396
1610 17 1.9864386
1610 46 2.6822853
1614 2 2.8493786
1614 8 2.448733
1614 12 2.8898654
1614 16 2.8815632
1614 61 1.6295147
1624 3 3.952063
1624 15 2.8135324
1624 18 2.435977
1624 24 2.7288742
1624 45 2.8677444
1635 2 2.6794674
1635 11 2.9605508
1635 14 2.774743
1635 21 2.7732747
1635 27 2.9728699
1637 1 3.4571476
1637 6 3.2499943
1637 11 4.090814
1637 14 3.4694228
1637 40 2.8322818
1642 7 2.7374728
1642 10 3.0361495
1642 14 2.7420895
1642 18 1.6996092
1642 45 2.0356097
1648 6 2.1714742
1648 12 2.7637372
1648 14 2.8633611
1648 17 2.1677682
1648 39 1.8037642
1651 1 3.242369
1651 9 3.504217
1651 11 3.1477175
1651 23 3.4872692
1651 65 2.6826382
1667 8 2.1242168
1667 13 1.6538126
1667 18 1.2832352
1667 22 2.4411454
1667 45 2.3765144
1670 3 3.0511851
1670 16 2.7972732
1670 18 1.592302
1670 24 1.704156
1670 71 2.029217
1677 4 2.8269615
1677 11 2.91265
1677 12 3.3421588
1677 25 2.219896
1677 50 2.2446303
1685 2 3.8829513
1685 5 3.2147527
1685 6 2.89264
1685 15 2.901323
1685 34 2.5932233
1706 5 1.982215
1706 17 2.15453
1706 21 3.0328825
1706 26 2.686265
1706 44 2.5773745
1707 1 3.4136071
1707 13 2.6141207
1707 15 3.0302598
1707 23 3.4367614
1707 52 2.6217754
1710 1 3.1576684
1710 10 3.2184274
1710 15 2.5015306
1710 19 2.2634177
1710 32 2.798664
1717 2 3.3804624
1717 7 3.0373995
1717 9 3.58087
1717 20 3.6136246
1717 51 2.6687815
1718 1 3.0410473
1718 8 2.7510498
1718 9 1.3076824
1718 21 2.8631809
1718 45 2.4601753
1719 4 3.4651356
1719 11 3.5796351
1719 13 2.7317379
1719 20 3.7805398
1719 43 2.4549284
1720 3 4.0881205
1720 6 3.0451937
1720 9 3.8853543
1720 21 3.6981385
1720 48 3.5395606
1722 2 3.0129197
1722 7 2.8145504
1722 10 2.9775956
1722 18 1.3794916
1722 43 1.5659252
1725 6 3.144184
1725 21 3.329435
1725 25 2.6370566
1725 34 3.2128026
1725 60 2.6118624
1727 8 3.0021157
1727 19 2.5317268
1727 23 3.5941432
1727 31 2.9722493
1727 55 3.1400566
1739 4 2.499469
1739 9 3.175391
1739 20 2.771079
1739 28 2.5505223
1739 44 2.695629
1744 4 2.9851718
1744 14 2.9961789
1744 16 3.0657043
1744 30 2.477774
1744 53 2.1009147
1751 6 2.476624
1751 8 2.6957884
1751 15 2.5566661
1751 21 3.1948583
1751 44 2.9125564
1752 3 3.376408
1752 22 3.1238153
1752 25 2.2959828
1752 32 2.9744906
1752 52 2.4239268
1754 7 3.0131354
1754 11 3.1243665
1754 13 2.3612506
1754 15 2.8911555
1754 31 2.611652
1760 1 3.2157774
1760 6 3.0403416
1760 7 2.9868555
1760 22 3.307882
1760 47 2.6665437
1763 2 3.1983166
1763 8 3.0420427
1763 12 3.1407864
1763 20 3.719564
1763 43 2.3101087
1768 1 4.162124
1768 8 3.0186534
1768 13 2.6483757
1768 24 2.558872
1768 34 2.5039988
1787 1 2.8453948
1787 9 3.1428719
1787 11 2.70098
1787 42 2.6850245
1787 77 2.7623606
1790 9 3.504759
1790 15 2.6415539
1790 16 3.2282097
1790 31 2.383011
1790 41 2.0939965
1794 6 2.8838065
1794 20 3.779111
1794 21 3.434431
1794 35 2.937069
1794 56 2.7837727
1796 4 2.8017466
1796 14 2.946437
1796 17 2.0266147
1796 27 3.1110601
1796 68 2.3629384
1804 1 3.6217866
1804 8 3.278644
1804 17 2.6874158
1804 46 3.164598
1804 66 3.1026878
1810 2 3.254812
1810 11 2.753281
1810 18 1.5265408
1810 39 1.7282821
1810 58 2.6054459
1815 4 2.4634898
1815 14 2.7969406
1815 18 1.7580415
1815 23 2.9609172
1815 37 2.462734
1816 4 3.161502
1816 13 2.5071745
1816 15 2.5305648
1816 29 2.2031336
1816 47 2.4882038
1819 2 2.7772992
1819 5 1.9186908
1819 12 2.7522478
1819 27 2.7122035
1819 41 1.333352
1822 1 2.939914
1822 3 3.381892
1822 4 2.528203
1822 16 2.8347814
1822 44 2.8988328
1829 1 3.2174754
1829 7 3.138856
1829 8 2.8091075
1829 12 3.0014014
1829 39 2.532136
1835 2 2.739163
1835 9 2.8827791
1835 12 2.9654894
1835 18 1.6655296
1835 39 2.1174083
1837 4 2.7759836
1837 8 3.631888
1837 20 3.472651
1837 23 3.404338
1837 51 2.6155925
1838 1 3.5996802
1838 4 3.105079
1838 17 2.776941
1838 36 2.7239497
1838 43 2.3738105
1841 3 3.7852945
1841 11 3.3263779
1841 15 3.064206
1841 22 3.7348938
1841 62 3.84014
1847 5 2.0293634
1847 15 1.8844229
1847 16 2.7317183
1847 26 2.036002
1847 49 1.9208636
1850 5 1.5767647
1850 10 2.9788656
1850 12 2.9244242
1850 24 1.7760329
1850 68 2.0398676
1856 2 2.6808486
1856 5 2.399437
1856 6 2.625112
1856 18 1.5269915
1856 49 2.2946286
1857 1 3.031535
1857 11 2.9181018
1857 12 2.7821424
1857 21 2.5096629
1857 46 2.5023484
1860 1 3.1115222
1860 10 3.0046747
1860 11 3.1215584
1860 14 2.7021885
1860 26 2.7364626
1861 12 3.322383
1861 19 2.720612
1861 23 3.2038212
1861 39 2.298087
1861 78 1.8457699
1873 2 3.4487898
1873 11 3.1086798
1873 15 3.232824
1873 25 2.8657734
1873 38 3.766403
1879 4 2.8839753
1879 9 3.4163098
1879 10 3.0436227
1879 36 3.087552
1879 43 2.0727801
1880 1 3.449046
1880 9 3.4746075
1880 17 1.9998473
1880 44 3.1634796
1880 65 2.1376283
1885 1 3.8443084
1885 6 3.4470017
1885 10 3.4783604
1885 31 2.6362343
1885 51 3.1724303
1891 3 3.5224218
1891 8 3.5164165
1891 11 3.6769457
1891 18 2.1108017
1891 29 2.598514
1892 4 2.3874633
1892 8 2.5018468
1892 13 2.165801
1892 26 2.717852
1892 32 2.6051524
1895 2 3.8553925
1895 18 2.31701
1895 19 3.1021743
1895 32 3.2256296
1895 69 2.827079
1898 1 3.3682928
1898 6 2.7025135
1898 13 2.8028526
1898 26 2.7995586
1898 46 2.7488723
1903 2 2.982917
1903 10 3.5178308
1903 12 2.8005424
1903 27 3.3860633
1903 47 2.3058324
1907 14 3.0564718
1907 18 2.350409
1907 29 2.322157
1907 35 2.7460248
1907 52 2.4938602
1908 1 3.1121986
1908 9 2.779189
1908 12 2.9425344
1908 15 2.4939392
1908 36 1.7967371
1912 7 2.7168858
1912 11 2.9819417
1912 20 3.8773475
1912 31 2.3100367
1912 60 1.7180306
1914 1 3.3483438
1914 10 3.390127
1914 11 3.4904692
1914 17 2.4139972
1914 41 2.5005214
1916 8 2.661484
1916 12 3.0433924
1916 22 2.6948893
1916 31 2.3087318
1916 50 2.0532775
1918 1 3.239937
1918 10 3.111833
1918 13 2.263604
1918 24 2.331441
1918 45 2.6527903
1925 7 3.057611
1925 13 2.4698167
1925 14 3.2942421
1925 18 2.3199787
1925 42 3.4129658
1931 4 2.4834535
1931 18 1.0
1931 22 2.2349226
1931 47 1.9349568
1931 89 2.3106692
1938 1 3.615693
1938 4 3.0817144
1938 9 4.096985
1938 13 2.5627027
1938 36 2.4057431
1945 3 3.652949
1945 11 3.4369376
1945 12 3.6502044
1945 40 2.9241743
1945 54 3.3825138
1946 2 2.9758878
1946 6 2.4935317
1946 10 3.12329
1946 15 2.2081058
1946 33 2.1950176
1948 12 3.6806176
1948 25 2.3661275
1948 27 3.1335166
1948 39 2.3401923
1948 70 2.2010784
1959 10 3.1053152
1959 19 2.3967333
1959 22 2.7452905
1959 35 2.5212715
1959 78 1.8894243
1969 3 3.3184335
1969 7 2.3064435
1969 8 2.7691495
1969 19 2.4416592
1969 34 1.6121719
1972 6 2.1605616
1972 13 2.185097
1972 14 3.3355274
1972 22 2.8218524
1972 33 2.4475849
1976 3 3.455234
1976 10 2.9892566
1976 25 1.6268725
1976 28 2.6030629
1976 39 2.11525
1978 1 3.5076222
1978 4 2.8117733
1978 12 3.185249
1978 24 2.5464225
1978 34 2.3460608
1982 1 3.2886832
1982 10 3.7432847
1982 15 2.7430296
1982 31 2.7072344
1982 57 1.8654345
1983 1 3.4708493
1983 12 3.3491414
1983 17 2.4899075
1983 20 3.5238526
1983 53 2.461193
1989 2 2.940059
1989 9 2.7496557
1989 17 2.0541768
1989 22 2.694764
1989 51 2.128778
2003 3 3.3916774
2003 8 3.1353095
2003 10 3.5476074
2003 14 2.9683416
2003 36 2.263176
2006 1 3.626815
2006 11 3.4651551
2006 17 2.6924443
2006 23 3.6108692
2006 88 2.688346
2011 2 2.534507
2011 16 2.6050422
2011 21 2.3964927
2011 29 1.2044561
2011 40 1.8648657
2014 3 3.9022133
2014 8 2.8872612
2014 11 3.3159635
2014 18 2.7502408
2014 29 2.3144991
2024 5 2.8616312
2024 11 3.412133
2024 12 3.4443798
2024 24 2.7090576
2024 49 3.0439227
2027 7 2.4080477
2027 20 2.4914355
2027 23 1.3492808
2027 30 1.9748615
2027 54 2.9657948
2031 6 2.822652
2031 11 3.0310729
2031 13 2.4367273
2031 20 3.3189712
2031 49 2.6540146
2032 1 3.687006
2032 8 3.2624786
2032 9 3.7613163
2032 31 2.8586612
2032 59 2.8655972
2044 4 2.7196841
2044 11 2.4077876
2044 20 3.50147
2044 31 1.4801297
2044 74 2.7080436
2055 2 2.8125706
2055 11 2.678
2055 18 1.6166959
2055 23 2.9675374
2055 33 1.9819614
2058 3 3.607132
2058 9 3.7750115
2058 10 3.1675193
2058 23 3.3138673
2058 44 2.7109396
2062 6 1.9159074
2062 33 1.9903846
2062 35 2.1475303
2062 48 2.626152
2062 58 2.3006494
2067 1 2.8671587
2067 5 2.1295931
2067 10 2.5911596
2067 23 2.6071439
2067 54 2.9775572
2069 6 3.0776198
2069 13 2.7039824
2069 24 2.7329354
2069 47 2.924825
2069 71 2.834656
2073 5 3.5018392
2073 8 2.8459175
2073 14 3.154724
2073 23 3.294355
2073 43 2.287574
2080 1 3.174733
2080 5 3.0249588
2080 7 3.0748
2080 12 3.4996724
2080 34 2.298396
2081 3 4.1508036
2081 7 3.226089
2081 9 4.249623
2081 14 3.894922
2081 36 2.5846803
2082 1 3.0377061
2082 13 2.3059483
2082 15 2.073096
2082 38 3.330478
2082 67 2.1444714
2085 2 3.352185
2085 7 3.5863273
2085 8 3.1285822
2085 18 2.5302243
2085 45 3.107317
2087 1 3.3132179
2087 4 3.0663345
2087 5 2.8261979
2087 13 2.6169765
2087 44 2.6849737
2092 13 2.1054797
2092 17 1.8897796
2092 32 2.883108
2092 34 1.9113395
2092 47 2.2159982
2093 1 3.0353444
2093 8 2.9336774
2093 9 4.065159
2093 15 3.4236307
2093 31 2.4925716
2099 2 3.3410578
2099 11 3.0755448
2099 15 2.9313376
2099 26 3.2037292
2099 51 2.7594597
2100 2 3.6386466
2100 15 2.789855
2100 27 3.3074472
2100 32 3.012452
2100 58 2.6146932
2105 5 2.1645694
2105 9 2.858341
2105 10 3.1335318
2105 17 2.0101244
2105 33 2.2005289
2106 1 3.1993442
2106 8 2.75887
2106 10 3.5504055
2106 25 2.164679
2106 49 2.7665362
2108 6 2.697352
2108 8 2.6970193
2108 9 3.497176
2108 20 3.268243
2108 60 1.8188803
2122 11 2.9676192
2122 15 2.6588354
2122 18 1.8812867
2122 44 2.8323846
2122 50 2.0999553
2124 1 3.4016373
2124 3 3.3027549
2124 8 2.8246837
2124 13 2.2971506
2124 49 2.4374592
2126 5 3.3492181
2126 8 3.8747435
2126 11 3.9563508
2126 14 3.2603438
2126 31 2.907961
2127 1 3.2750037
2127 4 3.0803282
2127 6 2.680823
2127 24 2.027252
2127 85 3.2449841
2129 2 3.646976
2129 6 3.5725677
2129 10 3.547437
2129 18 2.3169336
2129 29 2.4246259
2132 1 4.03144
2132 5 2.85419
2132 9 4.1533647
2132 21 3.644052
2132 41 2.2175524
2139 6 2.5212932
2139 15 1.7764349
2139 20 3.5562084
2139 32 2.667978
2139 50 1.553841
2144 10 3.079216
2144 19 1.902809
2144 22 2.3814602
2144 27 3.210937
2144 51 2.3500428
2148 1 3.1398833
2148 8 2.682214
2148 15 2.6764102
2148 22 2.8098087
2148 45 2.9879954
2159 4 2.866537
2159 18 2.0518029
2159 27 3.2099946
2159 31 2.3189564
2159 53 2.0628383
2163 2 3.0132253
2163 5 2.7066176
2163 8 2.9183433
2163 19 2.4289823
2163 50 2.231816
2168 2 3.482145
2168 4 3.356561
2168 7 3.3966475
2168 18 2.433308
2168 69 2.7175343
2179 9 3.9712539
2179 14 3.2318408
2179 16 3.3972144
2179 25 2.4155858
2179 41 2.410964
2182 2 3.3955503
2182 4 3.6415982
2182 6 3.4893851
2182 28 3.1715465
2182 38 3.8504891
2199 11 2.720336
2199 18 1.8894515
2199 22 2.587772
2199 32 2.7135913
2199 42 2.7979753
2208 1 3.363629
2208 13 2.5365655
2208 14 3.4362638
2208 31 2.516342
2208 47 2.9763594
2218 5 2.619209
2218 7 2.947242
2218 10 3.4880505
2218 17 2.0842445
2218 41 1.8439671
2222 1 2.9959438
2222 15 2.1449218
2222 16 2.9122834
2222 33 2.0782483
2222 65 1.6974605
2224 1 3.375726
2224 6 2.7493756
2224 7 2.9753282
2224 20 3.5893235
2224 43 2.3046248
2226 2 2.8013115
2226 14 2.6727247
2226 17 1.9334465
2226 23 2.2797487
2226 74 2.6112332
2227 3 3.5354257
2227 7 3.1119728
2227 13 2.2639964
2227 22 2.707617
2227 53 2.1321397
2234 1 3.2946045
2234 10 3.9672527
2234 13 2.4670742
2234 25 2.296612
2234 52 2.829854
2235 1 3.7987943
2235 15 2.998972
2235 18 2.1105378
2235 40 2.5357013
2235 59 2.4354079
2238 9 3.4886622
2238 14 3.0375931
2238 22 3.0341218
2238 30 2.5467997
2238 48 3.3255174
2242 1 3.9574487
2242 3 3.8383615
2242 6 3.7624123
2242 9 3.9579759
2242 22 3.4174576
2244 1 2.7557995
2244 12 2.22626
2244 16 2.2621114
2244 21 2.7235382
2244 46 2.4843602
2247 3 3.6188352
2247 21 3.1425543
2247 23 3.2825668
2247 28 2.9754848
2247 39 2.453785
2263 1 3.8194697
2263 3 4.024311
2263 5 2.8627822
2263 10 3.4816935
2263 32 3.6824622
2265 3 3.3542547
2265 12 3.2333918
2265 13 2.3964815
2265 18 2.0894282
2265 36 2.344623
2268 4 3.1110313
2268 6 2.9664812
2268 7 4.0800505
2268 25 2.3998368
2268 70 2.1110911
2269 1 3.408772
2269 3 3.9550548
2269 5 2.8286574
2269 18 2.6745863
2269 29 2.750133
2270 1 3.8373837
2270 7 2.6073682
2270 11 3.447509
2270 20 3.3019185
2270 43 2.2207727
2272 4 2.7760994
2272 11 2.159534
2272 13 1.3158544
2272 21 1.9337078
2272 38 3.494189
2276 3 2.9327793
2276 10 2.8881314
2276 14 2.2865045
2276 23 2.3966012
2276 58 2.3415973
2279 4 3.3272483
2279 13 3.4255428
2279 14 3.7269793
2279 16 3.1216967
2279 28 3.3247268
2292 2 2.7646635
2292 4 2.7728071
2292 11 2.900984
2292 29 1.8279691
2292 57 1.6055827
2297 1 3.143238
2297 8 2.831218
2297 13 2.2056575
2297 17 1.5122619
2297 28 2.9490147
2299 5 2.6929715
2299 7 3.0131314
2299 14 3.254651
2299 25 2.3466163
2299 39 2.5662
2305 1 3.3775191
2305 9 3.5640466
2305 10 3.2088408
2305 23 3.2360225
2305 31 2.3253453
2306 2 2.9951658
2306 5 2.5750418
2306 8 2.8357165
2306 14 3.0986943
2306 52 1.9679477
2308 1 3.0035367
2308 9 3.0957065
2308 12 2.9511766
2308 28 2.7926936
2308 35 2.2834044
2314 3 3.421087
2314 18 2.3893332
2314 35 2.6971939
2314 44 3.012904
2314 59 2.592657
2315 1 2.363567
2315 12 2.4122539
2315 16 1.5977199
2315 21 2.4572134
2315 64 1.5084318
2324 6 2.809624
2324 12 3.4645753
2324 20 3.4549112
2324 36 2.2944343
2324 64 2.3334162
2327 1 3.25425
2327 6 3.4016864
2327 11 3.8449082
2327 14 2.997114
2327 77 3.0649683
2330 1 3.467897
2330 3 3.9216945
2330 4 3.1753447
2330 16 3.9847841
2330 51 2.8912957
2335 1 3.1898916
2335 11 2.6882424
2335 14 3.1311471
2335 23 3.1816
2335 54 3.1387942
2336 1 3.5874822
2336 13 2.4719305
2336 14 3.1453261
2336 22 3.0420494
2336 74 2.7231455
2348 2 2.6433682
2348 23 3.1102836
2348 29 1.9533485
2348 31 2.3939412
2348 64 2.0309165
2350 3 3.3518524
2350 6 2.639092
2350 13 2.5580497
2350 17 2.6463807
2350 32 2.871162
2351 3 2.9421227
2351 11 2.932221
2351 14 2.8134959
2351 20 2.8112285
2351 47 2.325776
2354 24 2.534222
2354 31 2.4598842
2354 36 2.1789958
2354 41 2.3047867
2354 70 1.9409742
2361 9 3.7972074
2361 12 3.2150824
2361 15 2.8523562
2361 17 2.6036143
2361 43 2.2893286
2367 8 2.4398737
2367 20 3.2569795
2367 21 2.6408684
2367 26 2.4592433
2367 51 2.0931213
2369 1 3.2314239
2369 4 2.9272714
2369 14 2.73678
2369 25 2.4215322
2369 48 3.2446156
2388 1 3.0608897
2388 11 3.062445
2388 16 3.027063
2388 19 2.626428
2388 89 3.057907
2396 3 2.9791608
2396 13 1.954271
2396 14 1.8481202
2396 21 2.5286956
2396 35 2.1219
2398 4 2.6002095
2398 10 3.2108102
2398 12 3.0971248
2398 17 2.6717842
2398 65 2.1738055
2403 1 3.3844483
2403 9 3.7985618
2403 12 3.3312922
2403 17 3.0674415
2403 46 3.3117876
2407 6 2.4046502
2407 17 1.8730899
2407 23 3.0435104
2407 31 2.151911
2407 54 3.0234783
2408 3 3.74636
2408 6 3.623807
2408 12 3.5126505
2408 16 3.9578705
2408 63 2.8926005
2410 1 4.2504473
2410 12 4.08362
2410 19 2.581543
2410 68 2.750629
2410 88 2.7423902
2412 4 2.2940829
2412 9 3.2025414
2412 12 2.593681
2412 32 2.3304338
2412 59 2.0234606
2413 6 2.860502
2413 23 3.258725
2413 24 2.6685665
2413 34 2.0738835
2413 53 1.9269726
2417 4 3.1849236
2417 7 3.1577911
2417 8 2.7413073
2417 11 3.090666
2417 46 2.769188
2419 1 3.24258
2419 20 3.454943
2419 22 2.9156382
2419 28 2.9201822
2419 60 1.8748747
2443 2 2.7006593
2443 14 2.6945949
2443 16 2.9580593
2443 22 2.4853668
2443 34 1.9328445
2452 4 3.0526938
2452 8 3.0581663
2452 17 2.1556344
2452 30 2.533638
2452 45 2.6362042
2454 1 3.2357981
2454 9 3.2883096
2454 16 2.9858348
2454 28 2.8080022
2454 67 2.0257218
2458 1 3.3721585
2458 6 2.8563612
2458 13 2.6511524
2458 26 3.0439544
2458 41 2.6867514
2460 1 3.2013457
2460 14 2.886382
2460 16 3.0625432
2460 39 2.7129645
2460 57 1.9446628
2466 2 3.2426555
2466 13 3.0595012
2466 19 2.5731757
2466 29 2.222251
2466 62 3.4918442
2473 5 2.3309448
2473 8 2.787595
2473 9 3.4093423
2473 24 2.3090336
2473 51 2.6674376
2476 6 3.0183072
2476 13 2.9201434
2476 16 3.6476855
2476 32 3.316319
2476 70 1.9656494
2477 5 2.4855785
2477 17 2.0753584
2477 21 2.8619955
2477 25 1.9911454
2477 79 2.0341458
2478 4 3.4244523
2478 9 3.9146242
2478 12 3.605956
2478 14 3.4806705
2478 42 3.58141
2490 2 2.9569392
2490 11 3.0276263
2490 16 3.0484993
2490 31 2.243005
2490 46 2.711081
2493 5 2.9323525
2493 10 3.3826153
2493 15 3.1028721
2493 19 2.6326027
2493 58 3.050161
2495 1 3.0919747
2495 6 2.1864715
2495 8 2.8278303
2495 16 3.1697907
2495 65 2.2149136
2496 2 3.217738
2496 8 2.9978755
2496 9 3.086863
2496 19 2.6001241
2496 64 2.8325179
2505 2 3.0865378
2505 6 2.1803455
2505 9 3.3966978
2505 21 3.1856575
2505 76 2.4118507
2510 1 3.5946698
2510 20 3.8601418
2510 21 3.4311357
2510 30 2.506183
2510 61 2.2244482
2511 2 2.6227815
2511 6 2.2927842
2511 8 2.6560519
2511 19 2.0054982
2511 39 2.2905178
2522 12 3.3054726
2522 17 2.4482965
2522 22 3.037813
2522 32 2.876759
2522 61 2.3280315
2523 1 3.6744614
2523 12 3.409179
2523 16 3.5456207
2523 44 3.2847273
2523 77 3.4923494
2524 6 2.7227829
2524 12 3.0722208
2524 14 2.4871533
2524 19 2.0236976
2524 42 2.9050531
2529 2 3.1864228
2529 8 3.025464
2529 11 3.0978317
2529 32 3.2218773
2529 64 2.4303179
2535 1 3.0200815
2535 11 2.5331316
2535 12 2.9241934
2535 23 2.9982245
2535 47 2.3770685
2536 8 2.9417582
2536 15 3.2700233
2536 16 2.968521
2536 24 2.1399443
2536 44 2.9575732
2537 1 2.8059113
2537 4 2.78135
2537 7 3.105739
2537 12 2.8722212
2537 27 3.2544854
2547 2 2.8586266
2547 6 2.9437115
2547 16 2.8580391
2547 19 2.2595124
2547 38 2.386786
2553 1 3.3318965
2553 6 3.070164
2553 7 3.6754909
2553 21 3.4581127
2553 31 2.6928601
2557 3 3.672162
2557 8 3.1546454
2557 20 3.747321
2557 24 2.5601075
2557 44 2.895142
2563 6 2.1920123
2563 8 2.9523778
2563 10 3.334511
2563 20 3.4952507
2563 78 1.9321303
2569 8 3.294801
2569 17 2.5318584
2569 18 2.3308127
2569 26 3.3216062
2569 35 3.0488877
2572 3 2.936382
2572 11 2.6195428
2572 13 1.9291654
2572 25 1.6675354
2572 89 2.4234507
2573 3 3.8053608
2573 20 3.6112292
2573 28 3.0532286
2573 38 3.5289414
2573 69 2.2974339
2578 2 2.6568246
2578 10 2.9791071
2578 20 3.298824
2578 35 2.240478
2578 46 2.5284555
2579 2 3.3881595
2579 12 3.701037
2579 17 2.779966
2579 30 2.7253714
2579 61 2.6379154
2590 5 2.8470082
2590 7 2.866211
2590 9 3.6944714
2590 30 2.3919702
2590 94 2.158458
2598 4 3.1714942
2598 11 3.0558238
2598 19 2.7892942
2598 51 2.655315
2598 71 2.3693507
2599 3 3.1151702
2599 10 2.4935808
2599 11 2.900427
2599 17 1.6210264
2599 76 2.1911287
2606 5 2.8013358
2606 13 2.3163254
2606 15 2.3837302
2606 24 2.2790265
2606 72 2.6296782
2617 2 3.3961143
2617 5 3.1115403
2617 7 3.2219367
2617 15 3.0178149
2617 38 3.7683964
2618 5 2.7719595
2618 20 3.5221474
2618 22 2.7588656
2618 27 2.9587426
2618 44 3.2117095
2622 4 2.17892
2622 10 2.6982696
2622 12 2.5139654
2622 42 2.7887812
2622 62 2.5935113
2628 3 3.532137
2628 8 2.9292953
2628 9 4.1102443
2628 14 3.24177
2628 42 3.8784723
2632 1 3.467887
2632 3 3.4355917
2632 13 2.2427297
2632 29 2.3458729
2632 72 2.8760195
2635 2 2.8759155
2635 6 2.5639002
2635 9 2.6593623
2635 18 1.2289093
2635 31 2.190786
2639 1 3.6090798
2639 4 3.1838648
2639 5 2.8283617
2639 19 3.1545522
2639 62 3.4946442
2640 3 3.4327765
2640 11 3.284127
2640 14 3.0581203
2640 30 2.4137087
2640 67 2.478617
2643 5 3.4146
2643 12 3.4528239
2643 15 3.4763243
2643 20 4.1265254
2643 28 3.216615
2648 6 2.5447123
2648 11 2.737418
2648 12 2.9405901
2648 38 2.780383
2648 59 1.9129448
2651 3 3.3675065
2651 12 3.1352296
2651 13 2.747055
2651 43 1.9003899
2651 95 2.0236812
2652 1 3.140947
2652 4 2.6519034
2652 6 2.5732124
2652 9 3.1312907
2652 48 3.0754993
2654 6 2.938044
2654 13 2.6008763
2654 16 3.5933418
2654 23 3.3864
2654 46 2.9449024
2660 2 3.4831414
2660 10 3.3225677
2660 11 3.240279
2660 20 3.56081
2660 67 2.4666355
2663 2 3.18097
2663 7 3.08475
2663 8 2.968338
2663 22 3.126022
2663 72 2.9268453
2665 5 2.565695
2665 14 2.9437425
2665 25 2.39996
2665 27 3.0873115
2665 83 2.417547
2668 2 3.1869264
2668 7 3.305351
2668 10 3.2297807
2668 18 1.9791692
2668 31 2.2133594
2669 1 2.794007
2669 8 2.646985
2669 9 3.0614047
2669 24 2.0304554
2669 42 2.909836
2672 6 2.896399
2672 13 2.9513054
2672 15 3.259844
2672 22 3.4678254
2672 68 2.6031575
2679 7 2.8923194
2679 19 2.0635278
2679 20 3.5820823
2679 26 2.7337294
2679 46 2.4549158
2685 2 3.4917269
2685 20 3.898139
2685 35 3.0640447
2685 43 2.5740955
2685 48 3.6812508
2691 4 2.7361176
2691 10 2.9491363
2691 12 2.9845457
2691 22 2.5432248
2691 48 3.199358
2695 3 3.0956366
2695 12 2.627684
2695 15 1.5714818
2695 18 1.5289087
2695 75 2.0099912
2696 2 2.909987
2696 13 2.312655
2696 17 2.0659165
2696 26 2.7401376
2696 55 2.2027743
2698 2 3.2387166
2698 16 3.1265452
2698 18 1.8266038
2698 29 1.9040344
2698 55 2.2673192
2701 3 3.0625148
2701 12 3.0439124
2701 15 2.515443
2701 29 1.7928379
2701 59 2.1766253
2702 2 3.8741047
2702 20 3.5584147
2702 25 2.5601532
2702 39 2.645672
2702 45 2.9177592
2703 3 3.0967975
2703 6 2.6617575
2703 13 1.9613965
2703 31 1.990333
2703 51 2.3338542
2707 3 3.9252694
2707 13 2.4017422
2707 22 2.8688376
2707 30 2.4964893
2707 65 2.6267495
2708 2 3.6717553
2708 9 4.1466465
2708 11 3.278993
2708 26 2.914575
2708 31 2.5722983
2709 1 3.251435
2709 6 2.9042814
2709 13 2.6046271
2709 18 2.2999792
2709 45 2.9496005
2710 10 3.8992438
2710 14 3.171125
2710 15 2.875479
2710 19 2.5766225
2710 35 2.8569684
2712 9 3.7210944
2712 19 2.6495068
2712 20 4.065659
2712 24 2.527128
2712 29 2.2737122
2722 5 2.9111898
2722 8 2.878824
2722 9 4.105891
2722 16 3.437868
2722 35 2.6648002
2732 1 2.7758353
2732 22 2.442292
2732 27 2.6022372
2732 33 1.4750313
2732 42 1.9804997
2739 7 3.4682035
2739 13 2.6132903
2739 14 3.216061
2739 31 2.677846
2739 43 2.4216862
2748 2 3.3866074
2748 11 3.7571676
2748 17 2.3349473
2748 20 3.5811791
2748 47 2.864377
2750 1 3.4343934
2750 10 3.4250317
2750 11 3.0378091
2750 16 3.1836436
2750 86 2.1035166
2751 5 3.3306608
2751 19 2.6430204
2751 20 3.8194633
2751 32 3.1600516
2751 57 2.5907753
2752 4 2.430154
2752 10 2.9372497
2752 11 2.816715
2752 29 2.0168715
2752 46 2.401602
2758 6 3.4024067
2758 11 3.3631985
2758 23 3.6827648
2758 31 2.679657
2758 67 2.5864615
2761 9 3.992057
2761 13 2.6332905
2761 15 2.8358328
2761 32 2.9185374
2761 41 2.2475162
2764 3 3.4234164
2764 16 3.2366743
2764 17 2.2660213
2764 46 2.8943832
2764 69 1.9984068
2769 5 2.429004
2769 7 2.928455
2769 8 2.672554
2769 17 2.1662643
2769 41 1.692051
2779 5 2.3340764
2779 20 3.3784623
2779 21 3.1783042
2779 30 2.503457
2779 61 2.1018808
2780 5 2.2753825
2780 14 2.6678169
2780 19 2.2164607
2780 23 2.954622
2780 28 2.556269
2784 1 3.3231905
2784 7 2.481647
2784 8 2.6536865
2784 13 2.2437382
2784 42 2.8671935
2785 1 3.1050131
2785 4 2.9109464
2785 11 2.892466
2785 24 2.0563774
2785 51 2.5375938
2790 7 3.2389414
2790 15 2.9246995
2790 17 2.288137
2790 38 3.88478
2790 86 2.3847263
2795 1 3.1156158
2795 9 2.9135847
2795 14 3.0773559
2795 43 2.017715
2795 66 2.5333803
2802 3 3.5908718
2802 14 2.8070865
2802 18 1.7996973
2802 39 2.476989
2802 54 2.9789577
2807 2 3.4948995
2807 11 3.1896355
2807 12 3.2400925
2807 19 2.6264925
2807 33 2.5787508
2810 3 2.4288595
2810 6 1.8170438
2810 8 1.9423726
2810 16 2.224149
2810 22 1.9180014
2819 2 2.483188
2819 6 2.0394735
2819 9 2.8066044
2819 20 2.5758736
2819 65 1.4311615
2821 3 3.4210033
2821 7 3.186355
2821 8 3.558646
2821 10 3.5022132
2821 26 3.1585476
2826 1 3.6083965
2826 7 3.3809075
2826 8 3.265254
2826 10 3.688407
2826 72 3.1897821
2835 5 2.519415
2835 9 3.361047
2835 10 3.2739
2835 17 2.2666683
2835 20 3.4172816
2841 1 3.7057886
2841 8 5.0
2841 9 3.9414384
2841 27 3.8475404
2841 65 2.6092513
2858 3 3.5755203
2858 9 3.6661184
2858 11 3.251485
2858 16 3.0808856
2858 25 2.2254748
2862 3 3.107665
2862 8 2.8304675
2862 9 3.4474914
2862 22 3.1781018
2862 46 2.6298423
2871 4 2.879002
2871 9 2.7318602
2871 13 1.8962
2871 22 2.648828
2871 72 3.0980096
2872 2 2.9256153
2872 13 2.3237271
2872 17 2.2057536
2872 38 3.2767754
2872 71 2.3676884
2878 4 3.401714
2878 7 2.9312866
2878 10 3.2868543
2878 40 2.4586873
2878 59 2.265925
2880 4 3.3110569
2880 17 2.429486
2880 20 3.5390244
2880 34 2.3156686
2880 48 3.1072607
2888 2 2.5228057
2888 4 2.5074837
2888 11 2.4684927
2888 18 1.0
2888 32 2.267707
2894 7 2.8371909
2894 13 2.2501218
2894 16 2.554892
2894 23 2.8285058
2894 39 1.7278552
2898 2 3.257335
2898 9 3.7321024
2898 13 2.685287
2898 25 2.4296346
2898 44 3.3607624
2899 1 3.7344854
2899 5 2.651602
2899 12 3.5562286
2899 24 2.3073921
2899 66 2.827153
2907 2 3.094681
2907 15 2.6757932
2907 20 3.8842053
2907 26 2.9717503
2907 66 2.7753298
2910 1 3.1975074
2910 7 3.064954
2910 9 4.0523205
2910 22 2.4910865
2910 36 2.6350067
2912 2 3.27021
2912 9 4.2473307
2912 10 3.7727478
2912 43 2.390059
2912 82 3.4334118
2917 3 3.5564406
2917 15 3.1739376
2917 20 4.0051637
2917 25 2.4485652
2917 71 2.1189733
2918 4 3.1600897
2918 15 3.115144
2918 16 3.3413439
2918 30 2.690419
2918 61 2.490159
2922 1 2.4812374
2922 15 1.8830945
2922 16 1.0
2922 21 2.4340658
2922 31 1.6841502
2925 15 2.7101772
2925 33 2.6645465
2925 44 3.0026824
2925 48 3.222835
2925 63 2.3967547
2928 1 1.9544721
2928 18 1.6949524
2928 20 3.210693
2928 32 2.4946861
2928 51 1.81319
2930 2 2.6155217
2930 6 2.610721
2930 8 2.7618334
2930 20 3.2143402
2930 49 2.1746387
2934 2 2.6994047
2934 18 1.4518602
2934 19 2.3740242
2934 24 2.678343
2934 46 2.7358227
2938 1 2.6949282
2938 10 2.9981623
2938 11 2.834057
2938 18 1.0
2938 72 2.4594533
2939 10 3.6581256
2939 15 3.0585673
2939 25 3.1612082
2939 46 2.9685936
2939 54 3.4096792
2951 2 3.420833
2951 15 3.2087517
2951 16 3.913969
2951 30 2.7221005
2951 52 2.932025
2954 1 3.1859882
2954 9 3.4148657
2954 19 2.3209412
2954 26 2.8604567
2954 63 1.961845
2959 6 2.868914
2959 14 3.3388293
2959 17 2.2192383
2959 21 3.0781014
2959 54 3.55856
2960 2 2.8501084
2960 7 2.7990596
2960 8 2.674476
2960 19 2.0031478
2960 36 1.9383433
2962 2 3.4547496
2962 9 3.8193374
2962 10 3.6767511
2962 19 2.8031888
2962 34 2.6493235
2965 10 3.3687441
2965 21 3.2432702
2965 23 3.1625211
2965 29 1.7973645
2965 48 3.1415706
2974 2 2.7531686
2974 8 2.5399425
2974 9 3.1502306
2974 20 3.3196268
2974 41 1.9378762
2976 1 2.7221491
2976 6 2.3342953
2976 7 2.3412144
2976 12 2.6926017
2976 32 2.588943
2977 1 3.1822097
2977 11 3.2921534
2977 12 3.0984259
2977 27 3.292366
2977 68 2.2100127
2980 3 3.559558
2980 11 3.2491698
2980 12 3.181183
2980 14 3.1162715
2980 65 2.42667
2982 2 3.457226
2982 17 3.2095401
2982 18 2.3478131
2982 23 4.0585337
2982 62 3.5229146
2988 8 2.5542989
2988 15 1.0
2988 16 2.6025743
2988 25 1.0
2988 54 2.2809012
2990 7 3.6479902
2990 16 3.428484
2990 23 3.3178246
2990 42 3.2637336
2990 64 2.544212
2997 4 3.252702
2997 18 2.3943508
2997 19 2.751476
2997 26 3.0797477
2997 52 2.4966762
3008 7 1.6245143
3008 11 2.4232392
3008 13 1.588356
3008 24 1.6058025
3008 44 2.3874686
3014 5 3.0133226
3014 9 3.8817744
3014 21 3.55361
3014 28 3.3636749
3014 59 2.9235911
3023 1 3.8295922
3023 16 3.2160647
3023 17 2.2757287
3023 32 3.2913005
3023 64 2.4662871
3026 1 3.5188115
3026 3 3.9769206
3026 5 2.9629269
3026 14 3.500685
3026 25 2.6346066
3028 5 2.1350253
3028 12 2.835684
3028 17 1.5727354
3028 21 2.3531654
3028 37 2.4704633
3041 5 2.2488213
3041 15 1.96907
3041 16 2.8751516
3041 24 1.5076952
3041 32 2.4942503
3045 4 3.2149062
3045 16 3.3515403
3045 19 2.5710778
3045 37 2.932268
3045 66 3.040371
3055 2 3.1514893
3055 8 2.9059634
3055 10 3.442992
3055 20 4.2158
3055 50 2.0352528
3060 2 2.9472642
3060 4 2.8175037
3060 11 2.918922
3060 13 2.424583
3060 31 2.2101824
3061 2 3.3248358
3061 5 2.5851588
3061 7 2.786565
3061 19 2.3164146
3061 53 2.055804
3065 1 3.5769928
3065 6 2.9968584
3065 27 3.4000247
3065 33 3.3030188
3065 62 3.773093
3066 7 3.7549555
3066 15 2.9243546
3066 19 2.8526103
3066 24 2.5997481
3066 54 3.4713256
3072 4 2.7128377
3072 21 2.9545777
3072 22 2.8234222
3072 34 1.8826605
3072 82 1.9379803
3073 3 3.289646
3073 10 3.3403733
3073 14 3.394608
3073 19 2.990864
3073 65 2.5639172
3075 6 1.3722475
3075 11 2.4890945
3075 16 2.6184776
3075 19 1.8465308
3075 48 2.2090778
3079 1 3.0178995
3079 6 2.7775288
3079 8 2.820835
3079 27 3.139321
3079 47 2.508682
3081 4 2.6815088
3081 7 2.6386433
3081 15 2.3269649
3081 20 3.221488
3081 29 1.8521489
3082 1 2.715215
3082 3 2.6228197
3082 7 2.3825984
3082 10 2.3565063
3082 46 2.3206685
3084 1 2.7767732
3084 17 1.8850296
3084 27 2.697121
3084 32 2.3571324
3084 62 2.8111439
3088 1 4.225443
3088 4 3.6869302
3088 5 2.5823662
3088 20 3.483545
3088 45 3.2512252
3089 1 3.5607476
3089 14 3.271674
3089 15 3.7262967
3089 30 2.860874
3089 53 2.4867144
3098 1 3.4553127
3098 3 3.5652788
3098 10 3.8529122
3098 13 2.9106967
3098 36 2.486737
3107 5 2.6404243
3107 10 3.27689
3107 12 2.9377563
3107 18 1.6855583
3107 43 1.9993548
3108 1 3.0775692
3108 6 2.4961748
3108 9 3.0874038
3108 16 3.010943
3108 29 1.7770894
3109 1 2.7956142
3109 8 2.70421
3109 9 3.319327
3109 16 3.0135946
3109 40 2.3791347
3110 2 2.9276934
3110 6 2.5555944
3110 7 2.5161598
3110 13 1.8916054
3110 32 2.5969777
3112 1 3.453604
3112 4 3.478581
3112 11 3.4751806
3112 22 2.7169867
3112 31 2.687594
3115 4 2.832713
3115 6 2.5637875
3115 7 2.9960825
3115 11 3.2312725
3115 32 2.700651
3119 7 4.1734066
3119 9 3.7904935
3119 15 4.0065746
3119 39 2.7666554
3119 64 2.7316551
3122 1 3.7176235
3122 9 3.5651898
3122 13 2.8032038
3122 21 3.3749454
3122 61 1.9810702
3123 4 2.3346927
3123 7 2.6749868
3123 14 2.3314202
3123 22 2.5399315
3123 53 1.7530562
3133 1 2.9467657
3133 6 1.6936038
3133 8 2.4579854
3133 16 2.8696375
3133 63 2.0662622
3135 2 3.2320848
3135 16 3.3094275
3135 24 2.4475853
3135 30 2.4955401
3135 45 2.8073175
3142 1 3.3382366
3142 9 3.6648693
3142 12 3.330876
3142 20 3.756718
3142 44 3.204186
3152 2 3.2832808
3152 7 3.1285174
3152 8 3.1098504
3152 20 3.7170753
3152 29 2.3152435
3158 2 3.1664307
3158 6 3.6120036
3158 9 4.1742706
3158 16 3.506094
3158 81 2.147969
3159 7 3.0000048
3159 13 2.25608
3159 15 2.5531223
3159 22 2.8286915
3159 55 2.3290598
3160 3 3.508842
3160 13 2.7536917
3160 16 3.5586874
3160 25 2.5352907
3160 54 3.3075278
3164 1 3.370931
3164 11 3.5599358
3164 16 3.7283597
3164 25 2.4269323
3164 40 2.9005737
3171 5 3.062808
3171 7 3.6563935
3171 10 3.5000105
3171 19 2.5876994
3171 54 3.3546736
3174 7 3.1052835
3174 16 3.238156
3174 18 2.195791
3174 31 2.3959773
3174 50 2.0943556
3180 7 2.448953
3180 10 2.5426652
3180 12 2.679743
3180 18 1.3286316
3180 61 1.4336421
3183 1 3.0241005
3183 6 2.3103092
3183 8 2.6260707
3183 10 3.183368
3183 14 2.8635464
3184 5 2.8959906
3184 8 3.1987035
3184 9 3.7644424
3184 21 3.436278
3184 47 2.9319367
3190 2 2.5803256
3190 7 2.7104259
3190 10 3.0209517
3190 14 2.582355
3190 80 2.6772537
3198 3 3.6625931
3198 8 2.8242815
3198 9 3.4874332
3198 19 2.453918
3198 47 2.8023338
3221 4 2.9328043
3221 8 2.573248
3221 9 3.460391
3221 15 2.6304235
3221 29 1.756148
3226 6 2.8329408
3226 19 2.9093707
3226 22 3.3710935
3226 28 3.4091494
3226 64 2.4519324
3227 3 3.4558375
3227 8 3.3255103
3227 11 3.4681938
3227 16 3.992749
3227 22 3.8392246
3235 2 3.4639592
3235 6 3.0547798
3235 7 3.1545455
3235 18 2.3699088
3235 29 2.422955
3237 3 2.9409752
3237 17 1.6901231
3237 20 3.125604
3237 39 1.356242
3237 71 2.1664023
3239 7 3.107476
3239 22 3.272485
3239 26 2.9527292
3239 30 2.4815357
3239 45 2.942966
3249 4 2.3006802
3249 6 2.6230795
3249 10 3.223569
3249 17 2.127598
3249 37 2.1709104
3256 1 2.8372684
3256 3 3.192952
3256 8 2.7146413
3256 18 1.7162168
3256 52 1.9833663
3272 1 3.2685728
3272 7 3.4456725
3272 11 3.2445962
3272 15 2.9586344
3272 26 2.9096136
3277 3 3.3574712
3277 7 3.21072
3277 9 3.5105343
3277 15 2.8940346
3277 62 3.5786195
3278 6 2.4752445
3278 22 2.5412107
3278 23 3.1659741
3278 26 2.7580433
3278 44 2.9387376
3279 2 2.6512706
3279 10 2.2356448
3279 12 2.4397857
3279 14 2.1740222
3279 26 1.9309081
3285 5 2.5616307
3285 13 2.9307075
3285 14 2.821717
3285 21 2.6230044
3285 35 2.0409284
3286 2 2.2938044
3286 4 1.965775
3286 19 2.0258436
3286 23 2.9255862
3286 37 2.3558462
3289 5 3.008417
3289 14 3.442915
3289 16 3.5929062
3289 22 3.2867587
3289 73 3.0636024
3294 5 2.5194068
3294 9 3.3806407
3294 11 2.872599
3294 22 2.6561801
3294 43 1.7336553
3296 8 2.871558
3296 13 2.5604784
3296 14 3.3928258
3296 19 2.7657576
3296 54 3.1736746
3298 5 1.0
3298 8 1.9959689
3298 10 2.4977124
3298 27 2.438604
3298 42 2.0617292
3299 1 3.5713887
3299 8 3.00653
3299 32 3.1007416
3299 40 3.2779708
3299 58 3.1973908
3309 1 2.9627302
3309 10 2.2510645
3309 16 2.7622933
3309 23 3.0016758
3309 35 1.8158833
3310 9 3.3696883
3310 11 2.9873219
3310 12 3.1098266
3310 21 3.2663295
3310 32 2.7688916
3316 2 2.8671381
3316 8 2.7029338
3316 9 3.138189
3316 14 2.642089
3316 31 1.2912593
3318 2 2.9890542
3318 13 2.6175344
3318 20 3.5452285
3318 33 2.5525594
3318 70 1.749769
3319 1 3.3108642
3319 8 3.015896
3319 12 3.5098405
3319 19 2.815293
3319 37 2.8227313
3320 5 2.120706
3320 10 2.5960107
3320 13 2.1790254
3320 21 2.857833
3320 32 2.3980453
3337 1 2.5027184
3337 6 1.9978241
3337 12 2.4560373
3337 22 2.246639
3337 58 2.4483192
3339 4 3.126694
3339 11 3.270866
3339 13 2.433878
3339 18 2.3207777
3339 26 2.979243
3356 9 3.417159
3356 13 2.6373475
3356 18 2.1249855
3356 24 2.268457
3356 75 2.5475616
3370 1 3.0618248
3370 4 2.7477682
3370 11 2.9995522
3370 19 1.9556206
3370 51 2.5377681
3372 6 3.0413332
3372 16 2.9364307
3372 20 3.536263
3372 23 3.0967937
3372 40 2.2978454
3378 8 2.6082656
3378 11 2.8518178
3378 14 2.6582205
3378 27 2.832824
3378 43 1.8591316
3386 3 3.6657457
3386 14 3.4324515
3386 16 3.4785655
3386 27 3.6272936
3386 63 2.8338063
3388 1 2.9903798
3388 7 2.7840576
3388 8 2.7980988
3388 16 2.7250302
3388 37 2.4133058
3390 2 3.5456522
3390 7 3.5550075
3390 12 3.382322
3390 18 2.0971723
3390 47 2.7806268
3395 1 3.2637236
3395 9 3.8451672
3395 10 3.7037039
3395 14 3.1679845
3395 21 3.3562374
3406 3 2.4847102
3406 13 1.0
3406 14 2.4979832
3406 29 1.0
3406 70 1.3641918
3408 3 3.2653527
3408 10 3.2943528
3408 15 2.7100658
3408 29 2.0470197
3408 45 2.6634936
3414 5 3.0056198
3414 10 3.0351112
3414 12 3.024951
3414 25 1.9062314
3414 56 2.0197523
3421 2 3.1142595
3421 8 3.1113136
3421 11 2.996818
3421 17 2.3656821
3421 76 2.4484622
3427 5 1.9318926
3427 9 2.8089774
3427 20 2.8497696
3427 30 1.0
3427 64 1.747005
3440 2 2.6802778
3440 5 2.274901
3440 6 3.1074355
3440 9 3.3669577
3440 36 1.772002
3449 4 3.0464702
3449 8 2.856837
3449 12 3.1117268
3449 23 3.3482745
3449 73 2.4102013
3451 1 3.7312274
3451 4 3.4622757
3451 5 2.7709963
3451 20 3.7461352
3451 49 3.2452662
3455 2 2.783822
3455 9 3.1498082
3455 16 2.6423638
3455 25 1.248113
3455 52 1.4267687
3462 2 2.72513
3462 8 2.3492682
3462 13 1.8321526
3462 22 3.071335
3462 63 2.1183984
3464 1 3.033642
3464 10 2.7145538
3464 11 2.7817285
3464 14 2.6706417
3464 48 2.7327626
3465 1 2.56141
3465 8 2.6052947
3465 11 2.8678935
3465 15 2.4539084
3465 32 2.4760146
3469 2 3.1476376
3469 9 3.7613282
3469 10 3.4884405
3469 27 3.2490957
3469 60 2.0199158
3481 1 2.7972472
3481 4 2.4924245
3481 8 2.6592283
3481 14 2.7755156
3481 48 2.9011629
3489 7 3.0330992
3489 13 2.3415904
3489 15 2.5971885
3489 47 2.1732328
3489 67 2.3816144
3500 5 3.1134808
3500 13 2.801122
3500 16 3.1753323
3500 27 3.2426176
3500 42 3.8051383
3504 4 2.2737834
3504 15 2.1430652
3504 21 2.225428
3504 34 1.8085101
3504 55 1.9224812
3506 2 2.6607559
3506 9 3.0098152
3506 23 3.0990117
3506 25 2.1629243
3506 38 3.367718
3513 4 2.9792123
3513 7 3.5345612
3513 9 4.113316
3513 15 3.160825
3513 56 2.2439125
3533 2 3.228133
3533 6 3.3781238
3533 11 3.40958
3533 27 3.3275845
3533 71 2.8065114
3536 4 2.6791513
3536 7 2.6312006
3536 18 1.7072542
3536 25 1.9991279
3536 42 2.9827366
3558 4 2.9184003
3558 10 3.3011653
3558 12 2.9449558
3558 25 2.1943538
3558 53 1.95576
3560 1 3.3279836
3560 3 3.8256798
3560 6 3.207848
3560 12 3.2961013
3560 49 2.88931
3565 4 2.908367
3565 13 2.7648351
3565 14 2.8936381
3565 32 2.9372492
3565 40 2.6914558
3573 4 2.4588876
3573 15 2.4067087
3573 16 2.277165
3573 29 1.652648
3573 83 1.7756276
3589 1 3.3812826
3589 6 2.7967062
3589 10 3.2211814
3589 21 2.9901683
3589 48 3.244013
3600 7 2.525407
3600 10 2.7632382
3600 14 2.206949
3600 21 2.5299747
3600 60 1.0
3601 5 2.41329
3601 9 3.8026867
3601 11 3.214504
3601 19 2.584619
3601 64 2.3082647
3611 1 3.2512531
3611 8 3.2691495
3611 11 3.154664
3611 17 2.4390807
3611 43 2.0847561
3613 1 3.1019535
3613 8 2.6635833
3613 11 2.8395164
3613 14 2.8634503
3613 74 2.4870098
3617 1 3.0356555
3617 7 3.0359101
3617 13 2.3432121
3617 19 2.3433602
3617 57 2.1701508
3620 4 2.8339784
3620 11 3.1882424
3620 14 3.2655058
3620 23 3.3106968
3620 79 2.0436683
3622 1 3.573533
3622 12 3.4687843
3622 20 3.593548
3622 28 3.4728367
3622 36 3.0206864
3625 5 3.5157456
3625 10 3.6880841
3625 13 3.3558712
3625 37 3.089469
3625 49 2.84462
3634 3 3.3894434
3634 20 3.7185478
3634 21 2.9387069
3634 34 2.0433717
3634 63 2.4641297
3635 3 3.3409302
3635 10 3.0575392
3635 11 2.8287642
3635 20 2.5416102
3635 51 2.6135142
3637 5 2.6376565
3637 15 2.7924097
3637 16 3.3502336
3637 24 2.6986768
3637 59 2.3949914
3643 1 2.4321184
3643 9 3.2926178
3643 15 1.7221285
3643 23 3.027269
3643 43 1.6596018
3644 7 3.0747032
3644 15 2.7391577
3644 19 2.4480383
3644 27 3.0663772
3644 51 2.5380812
3647 2 3.5351114
3647 12 3.591031
3647 14 3.4657454
3647 19 2.883551
3647 38 3.814072
3652 4 2.8276827
3652 6 2.5288987
3652 7 2.8076112
3652 18 1.8276998
3652 29 1.9808888
3654 2 2.7055304
3654 7 2.4033003
3654 9 3.4458494
3654 23 2.9568691
3654 45 2.4318109
3655 2 2.910799
3655 5 2.3845072
3655 10 3.1330798
3655 41 1.9203689
3655 71 2.2463744
3657 1 3.3993902
3657 10 3.564872
3657 11 3.1780612
3657 19 2.645638
3657 59 2.5138912
3668 2 3.072449
3668 5 2.930738
3668 8 2.9113533
3668 17 2.731115
3668 46 2.9228976
3677 1 3.3604217
3677 3 3.6040494
3677 9 3.9549756
3677 14 3.653074
3677 33 2.6632717
3680 1 3.2548814
3680 12 3.137757
3680 15 2.652254
3680 18 2.1496332
3680 36 2.4097283
3685 2 3.1403856
3685 7 2.8686655
3685 26 3.011335
3685 35 2.6866374
3685 48 3.0681446
3690 3 4.135536
3690 21 3.3548157
3690 24 2.6720328
3690 34 2.5357292
3690 45 2.9868205
3693 4 2.7473998
3693 7 2.985882
3693 8 2.2776458
3693 11 2.9564023
3693 35 2.5533757
3703 2 2.8356786
3703 5 2.2039711
3703 7 2.4986823
3703 13 2.685277
3703 37 2.533764
3705 6 2.78563
3705 14 2.9193532
3705 16 3.0052679
3705 22 2.8503845
3705 63 2.0885518
3710 2 2.784894
3710 4 2.8623512
3710 8 2.8903065
3710 15 2.0636573
3710 19 2.432957
3721 1 2.9797015
3721 4 2.4853735
3721 8 2.8702846
3721 29 1.4552102
3721 65 1.8009762
3728 2 3.586367
3728 6 3.3779895
3728 8 3.0364466
3728 15 2.9113877
3728 34 2.8742533
3733 4 2.3387556
3733 11 2.4204626
3733 13 1.6223899
3733 21 3.1090322
3733 52 1.8767707
3748 3 3.1353035
3748 20 3.1060653
3748 40 2.3300653
3748 43 2.244667
3748 54 2.9212928
3752 6 3.0121684
3752 12 3.0383215
3752 14 2.7045605
3752 24 2.09313
3752 39 1.3387833
3782 3 3.6779742
3782 10 3.6088767
3782 12 3.4711761
3782 27 3.302093
3782 49 3.0050056
3785 4 3.1001337
3785 18 2.5663228
3785 22 3.0688064
3785 32 3.1262105
3785 71 2.8180826
3791 4 2.503034
3791 6 2.3178027
3791 7 2.4350686
3791 15 1.4105312
3791 34 1.059896
3796 1 3.4264147
3796 5 2.6988971
3796 16 3.5598555
3796 27 3.539169
3796 47 2.6502428
3799 4 3.618442
3799 15 2.7759836
3799 20 3.3567793
3799 30 2.4144194
3799 50 2.645625
3809 2 2.9622717
3809 12 2.9814918
3809 13 2.008692
3809 27 3.2134182
3809 42 2.727859
3810 5 2.7576814
3810 7 3.404871
3810 9 4.152235
3810 15 2.817127
3810 33 2.7808146
3827 3 3.7053797
3827 20 3.834546
3827 22 3.6011314
3827 36 3.5253525
3827 50 2.4367037
3830 2 3.257929
3830 7 3.1602068
3830 14 3.3743927
3830 19 2.6995769
3830 34 2.416303
3836 5 2.0371685
3836 10 3.2904658
3836 12 2.364111
3836 17 2.0817308
3836 50 1.8488895
3838 3 3.8684945
3838 5 2.658124
3838 7 3.1754694
3838 16 3.3324425
3838 39 2.8528345
3839 1 3.4260786
3839 6 3.1094532
3839 11 3.2640712
3839 16 3.3459516
3839 31 2.5844374
3842 5 2.4418385
3842 7 2.9519947
3842 9 3.3289108
3842 16 3.1369443
3842 25 2.2349286
3845 3 3.3183699
3845 12 3.0383248
3845 14 3.1699893
3845 22 3.1336992
3845 37 2.6408777
3846 9 4.2300606
3846 18 2.2624497
3846 22 3.2237823
3846 31 2.6321392
3846 55 2.983827
3850 2 3.4480503
3850 13 2.7197096
3850 17 2.683112
3850 23 3.292492
3850 51 2.8888266
3854 6 2.9404423
3854 10 3.8447852
3854 11 3.6664734
3854 27 3.407423
3854 34 2.4580274
3859 5 3.1921139
3859 9 3.8459003
3859 20 3.823215
3859 34 2.3271894
3859 50 2.1138802
3874 4 2.7886631
3874 8 2.8288891
3874 16 3.378716
3874 26 2.7177162
3874 62 3.2352006
3883 1 3.31782
3883 7 2.6895778
3883 8 2.7909281
3883 16 3.1177216
3883 34 1.801843
3885 1 2.4400713
3885 13 1.7275294
3885 14 2.4778185
3885 25 1.9930342
3885 51 1.9356204
3909 1 2.8435228
3909 7 2.367093
3909 8 1.9437882
3909 23 2.7391193
3909 42 2.5301912
3913 4 2.8960881
3913 6 2.9128253
3913 11 3.1106846
3913 18 2.2380302
3913 38 3.4409332
3923 3 3.0854697
3923 5 2.3739736
3923 6 2.237565
3923 51 2.4207718
3923 75 1.8111227
3932 1 3.128626
3932 5 2.8643084
3932 8 2.7157345
3932 17 2.736985
3932 30 2.3530874
3934 2 2.9907234
3934 12 3.1374266
3934 17 2.5443761
3934 23 3.2712593
3934 71 2.2490454
3940 3 3.0234258
3940 9 3.2392325
3940 10 3.1978629
3940 24 1.7604077
3940 36 2.1400664
3942 2 2.6261292
3942 8 2.333215
3942 11 2.0856707
3942 21 2.6553378
3942 49 1.7868165
3948 3 3.429376
3948 16 3.5749757
3948 22 3.0187624
3948 26 3.6092596
3948 64 2.419656
3953 1 2.8588777
3953 14 1.8011429
3953 23 2.8654833
3953 28 2.694272
3953 52 2.2419362
3957 2 3.056743
3957 8 3.1969943
3957 16 3.4412405
3957 33 2.3562303
3957 54 3.1333354
3961 3 2.8441458
3961 7 2.2794585
3961 8 2.380064
3961 13 2.0028372
3961 30 2.0945504
3962 3 3.3656878
3962 9 3.3310635
3962 18 1.0
3962 30 2.8373735
3962 64 2.4445019
3967 6 2.105034
3967 12 2.6729286
3967 13 1.7880708
3967 20 2.6588295
3967 25 1.1275893
3975 1 3.0333483
3975 6 1.2536538
3975 9 3.1416907
3975 16 3.8171802
3975 61 1.760948
3976 1 2.8233974
3976 6 2.3846567
3976 9 3.3720186
3976 14 2.9541693
3976 28 2.8243372
3986 3 3.8536906
3986 7 3.8267121
3986 8 3.3035042
3986 16 3.6939845
3986 54 3.7915928
3988 3 3.9009953
3988 8 3.4084291
3988 15 3.9951382
3988 28 3.5641992
3988 51 2.9537704
3993 1 3.8648305
3993 4 3.653907
3993 6 3.1411123
3993 11 3.4319496
3993 32 3.2497683
3995 3 3.449042
3995 15 2.6548162
3995 22 2.9052563
3995 26 2.920045
3995 73 2.605838
4000 4 2.775147
4000 9 3.2974935
4000 14 3.0566363
4000 35 2.6288865
4000 66 2.6387713
4005 1 3.3860872
4005 5 2.5327096
4005 12 3.2361846
4005 23 3.1621776
4005 39 3.027072
4007 2 3.8307974
4007 6 3.067227
4007 9 3.731146
4007 18 2.6795528
4007 37 2.9660897
4014 2 2.6900082
4014 25 1.4395543
4014 33 2.0651815
4014 37 1.8440545
4014 41 1.833956
4017 4 2.6086755
4017 8 3.1112356
4017 11 3.3034647
4017 14 3.2518978
4017 30 2.86392
4025 2 3.0852554
4025 8 2.9047544
4025 9 3.2544868
4025 13 2.6795344
4025 31 2.4349213
4027 6 2.729461
4027 10 3.4834502
4027 11 3.2079482
4027 16 3.1175194
4027 39 2.6148818
4037 7 3.4786415
4037 12 4.2309694
4037 13 3.0440168
4037 21 4.094174
4037 28 3.521274
4045 2 4.3244724
4045 13 3.0496628
4045 17 2.6619287
4045 27 3.5559008
4045 35 3.293229
4047 7 3.312071
4047 9 3.8196893
4047 13 2.8878636
4047 33 2.7534592
4047 42 3.3470175
4051 9 3.1887927
4051 18 1.7772918
4051 21 2.440905
4051 31 2.1574671
4051 47 1.9758629
4055 3 3.6820154
4055 6 2.9977674
4055 29 2.603305
4055 35 3.215111
4055 46 3.1331604
4056 1 3.7250404
4056 10 3.6586795
4056 11 3.5838184
4056 19 2.9689307
4056 32 3.6427293
4057 7 3.3844852
4057 14 3.3955107
4057 16 3.6388736
4057 21 3.2321851
4057 45 2.7365286
4058 1 3.1830413
4058 5 3.2379768
4058 6 2.8694696
4058 17 2.4781466
4058 38 3.7107632
4063 7 4.074233
4063 22 3.207381
4063 26 3.0213974
4063 32 3.1121895
4063 37 3.0648744
4064 5 2.8139794
4064 12 3.4884942
4064 13 2.4765735
4064 20 3.6849608
4064 63 2.6505053
4067 5 2.5811284
4067 12 3.196249
4067 13 2.4886413
4067 16 3.1776576
4067 37 2.7240002
4076 5 2.4809644
4076 8 2.8781278
4076 9 2.6204453
4076 25 1.7394583
4076 59 2.2002242
4093 2 3.1616466
4093 9 3.5176888
4093 12 3.131189
4093 17 1.9396118
4093 27 3.6317687
4098 2 3.5402203
4098 14 3.3326027
4098 17 3.3584867
4098 25 2.986417
4098 83 2.7427301
4108 4 3.109776
4108 9 3.5064425
4108 10 2.8428404
4108 25 2.225746
4108 52 2.2964444
4112 6 2.8281274
4112 9 3.4503782
4112 11 3.0290017
4112 17 2.3157632
4112 48 3.259325
4113 2 2.1546926
4113 7 2.6477249
4113 14 2.7239823
4113 18 1.0
4113 39 2.0417304
4120 1 2.831337
4120 19 2.1103594
4120 20 3.2069402
4120 24 2.3049653
4120 48 3.190304
4123 1 2.935959
4123 10 2.7253325
4123 11 2.5713487
4123 22 2.1617565
4123 37 2.322687
4130 2 2.6635327
4130 6 2.6783562
4130 15 2.0503383
4130 19 2.2899628
4130 70 1.6642598
4134 3 3.7836444
4134 10 3.7203104
4134 22 3.2727864
4134 38 3.7772691
4134 95 2.4972103
4139 2 3.2000756
4139 10 3.9666624
4139 11 3.2677426
4139 16 3.5334299
4139 58 2.8996756
4142 6 2.845224
4142 13 2.794696
4142 20 3.6055973
4142 31 2.5468144
4142 67 2.3598032
4143 5 1.3653698
4143 12 2.389015
4143 13 2.0032132
4143 24 2.0389023
4143 57 1.6638491
4145 2 3.6181548
4145 11 3.2896264
4145 12 3.2632885
4145 32 3.556744
4145 39 2.9485798
4153 2 2.8513744
4153 10 3.038006
4153 23 3.0225337
4153 36 1.5358748
4153 42 2.668965
4162 4 3.1335566
4162 15 2.759393
4162 17 2.3191514
4162 31 2.4035618
4162 73 2.4813805
4169 1 3.2403834
4169 9 3.4080734
4169 12 3.0020547
4169 26 2.0275662
4169 52 2.3147168
4185 4 2.9854312
4185 26 2.5218766
4185 27 2.8755221
4185 44 3.1318145
4185 68 2.3477862
4189 2 2.786527
4189 8 2.4573913
4189 16 3.0363252
4189 21 2.96804
4189 72 2.646969
4190 1 3.3244474
4190 9 3.6354156
4190 12 3.6610446
4190 17 2.469184
4190 65 2.490979
4193 3 2.944321
4193 13 2.0615542
4193 18 1.8202579
4193 34 1.4497652
4193 76 1.782989
4201 1 3.465152
4201 7 3.030567
4201 16 3.331864
4201 19 2.44984
4201 50 2.3566082
4202 7 2.5822802
4202 17 2.1236649
4202 25 2.101159
4202 41 2.0626173
4202 52 2.125497
4204 6 2.9751894
4204 22 2.9850774
4204 25 2.357712
4204 34 2.433515
4204 64 2.646669
4211 3 3.87937
4211 5 2.6821537
4211 10 3.6719937
4211 20 3.7792797
4211 33 3.012917
4214 2 3.1787634
4214 12 3.5115488
4214 27 3.6424744
4214 30 2.3809633
4214 58 2.9048905
4220 2 2.969035
4220 5 2.2684717
4220 16 3.0234082
4220 20 2.9024491
4220 45 2.526619
4227 1 3.224182
4227 8 2.831246
4227 14 3.0922446
4227 22 3.1256113
4227 49 2.6042228
4234 1 3.0197446
4234 9 3.1550143
4234 11 2.6767404
4234 16 2.6285114
4234 44 2.7606392
4235 1 3.0397463
4235 7 3.1809127
4235 8 2.4460585
4235 14 2.9426641
4235 37 3.1575787
4239 1 2.8219774
4239 16 2.8656375
4239 23 2.8330512
4239 30 1.8799126
4239 78 1.4520015
4240 2 3.0440645
4240 10 3.1581552
4240 12 3.0351512
4240 25 2.1295571
4240 52 2.1032987
4245 8 2.9136322
4245 11 3.4677262
4245 15 3.2208884
4245 24 2.3316221
4245 74 2.8621044
4246 3 3.9287267
4246 6 3.1089153
4246 7 3.7698612
4246 9 3.6426587
4246 25 2.319206
4247 2 3.3638873
4247 13 2.4751012
4247 19 2.3716006
4247 38 3.7125096
4247 72 2.742942
4257 1 3.3132281
4257 6 2.7557425
4257 12 3.303813
4257 38 3.42147
4257 68 2.418516
4258 26 2.8051443
4258 29 2.2026284
4258 34 2.311501
4258 59 2.3581657
4258 73 2.7265778
4261 1 3.1837447
4261 11 2.5849538
4261 15 2.2762077
4261 29 1.8762013
4261 71 2.4592988
4273 7 3.0530481
4273 13 2.7057316
4273 18 2.3557866
4273 40 2.4970274
4273 62 3.5695496
4282 1 3.394566
4282 4 3.3532221
4282 9 3.704229
4282 21 3.759323
4282 38 3.954815
4284 1 2.9259553
4284 14 2.82945
4284 21 2.8999755
4284 33 2.2165346
4284 73 2.392865
4290 2 3.2838461
4290 6 2.9879575
4290 9 3.3571622
4290 15 2.4640522
4290 31 2.4920297
4295 3 3.534175
4295 10 3.5237637
4295 13 2.5751283
4295 29 2.0250332
4295 91 1.0
4302 1 2.6409855
4302 13 3.8632827
4302 23 3.0804987
4302 29 2.4955354
4302 49 2.3124142
4310 10 3.0992863
4310 14 2.8077066
4310 17 1.5673324
4310 24 2.1026874
4310 69 1.7582582
4311 2 3.3212523
4311 12 3.343705
4311 19 2.7878034
4311 25 2.6462126
4311 62 3.7711449
4326 8 2.8519065
4326 16 3.7369666
4326 21 3.3867748
4326 31 2.4902623
4326 57 2.0682273
4329 1 2.6455278
4329 10 2.7169344
4329 13 1.7904131
4329 41 1.5340425
4329 86 1.7499102
4336 1 3.532188
4336 7 3.208873
4336 15 2.959693
4336 19 2.2565143
4336 42 3.1870828
4337 3 3.3692439
4337 14 2.5555089
4337 27 3.026444
4337 50 2.028973
4337 77 3.0708077
4358 2 2.91116
4358 8 2.8515956
4358 10 3.2777498
4358 16 3.2324698
4358 68 2.3868256
4361 2 2.8922343
4361 6 2.5685813
4361 11 2.7587967
4361 22 2.6455534
4361 58 2.6610541
4363 1 3.2669535
4363 7 2.8533363
4363 14 3.125611
4363 21 2.9115517
4363 60 1.724982
4365 2 4.054389
4365 18 2.2257452
4365 22 3.092105
4365 35 3.2990334
4365 56 2.4989889
4367 3 2.8548274
4367 15 2.0113795
4367 19 1.6717417
4367 28 2.2870224
4367 39 1.4761469
4381 3 3.5639298
4381 7 3.8106096
4381 10 3.5462718
4381 21 3.8444552
4381 34 2.4634557
4393 7 3.5768642
4393 10 3.3279355
4393 11 3.124082
4393 13 2.9698923
4393 39 2.4310524
4397 6 2.4140012
4397 18 1.0
4397 22 2.6652503
4397 26 2.1340177
4397 49 2.1592457
4398 2 3.5148861
4398 9 4.010091
4398 13 2.5653474
4398 22 2.98342
4398 51 2.8679538
4399 1 3.3146753
4399 7 3.374486
4399 18 2.746863
4399 21 3.3713307
4399 35 3.5032547
4406 2 2.8047447
4406 10 2.8939013
4406 21 3.1383314
4406 35 2.6674545
4406 79 1.992912
4413 4 2.9129245
4413 15 2.0487535
4413 19 1.9338504
4413 26 2.4934545
4413 36 1.780152
4419 3 3.6235478
4419 11 2.9492266
4419 21 2.982354
4419 32 2.8307836
4419 59 2.1268022
4423 6 3.1138232
4423 10 3.4662304
4423 11 3.235482
4423 20 3.790593
4423 95 1.5790172
4430 2 2.8875475
4430 11 2.9884312
4430 14 3.030197
4430 23 3.263501
4430 78 1.8691803
4433 1 3.2662046
4433 5 2.7556248
4433 7 3.1044536
4433 14 3.0759406
4433 46 2.747989
4445 2 2.3729584
4445 8 2.7397416
4445 9 3.182612
4445 21 2.9734578
4445 38 2.7636032
4446 1 3.6857119
4446 15 3.2186372
4446 16 3.557431
4446 53 2.1928039
4446 69 2.2784374
4450 1 2.7338579
4450 10 3.018001
4450 12 2.660241
4450 22 2.556022
4450 31 2.0474062
4466 4 2.7504346
4466 14 2.8066528
4466 15 2.5096412
4466 27 2.972856
4466 46 2.5608215
4490 2 3.3216157
4490 11 2.9179194
4490 14 2.9748912
4490 25 2.1799195
4490 43 2.0624092
4492 1 3.5891945
4492 4 2.90709
4492 9 3.7083673
4492 12 3.4690363
4492 20 3.4470525
4497 3 3.3989542
4497 11 3.0504787
4497 15 2.1927626
4497 23 2.7406814
4497 55 2.0686734
4501 3 3.4856653
4501 5 2.4921799
4501 6 2.9679945
4501 33 2.5104918
4501 53 2.301287
4502 3 3.0258791
4502 6 2.393148
4502 17 2.054858
4502 25 1.352369
4502 84 1.0
4505 2 2.730537
4505 15 2.310594
4505 17 1.5534688
4505 19 1.5656232
4505 36 1.6701535
4509 2 3.086641
4509 8 3.0421548
4509 16 3.4760273
4509 20 3.7223234
4509 59 2.427621
4517 5 1.8052598
4517 12 2.0717368
4517 14 2.5752907
4517 36 1.9069664
4517 64 1.8365324
4532 8 3.0799506
4532 12 3.2111404
4532 13 2.5771663
4532 25 2.3204463
4532 39 2.6790538
4558 4 2.938492
4558 10 3.6965044
4558 13 2.4378917
4558 30 2.1824424
4558 75 2.412697
4564 2 3.1358557
4564 9 3.500866
4564 11 2.8851378
4564 16 3.1795049
4564 52 2.1055973
4569 7 3.333585
4569 15 3.6497998
4569 18 2.8039222
4569 28 3.2767808
4569 53 2.7570407
4584 7 2.901083
4584 11 3.2591379
4584 14 3.242305
4584 27 3.090175
4584 60 1.9305236
4586 1 2.89344
4586 16 3.0440962
4586 22 2.7186353
4586 25 2.1094847
4586 53 2.1006165
4587 1 3.359026
4587 9 3.649633
4587 10 3.4597545
4587 24 2.6868386
4587 48 3.5905275
4589 1 3.1583638
4589 9 3.8385549
4589 16 3.4632156
4589 21 3.0692008
4589 65 2.5282264
4594 1 3.0606415
4594 3 3.7839084
4594 5 3.0221765
4594 9 3.4524405
4594 39 2.316556
4600 7 3.260905
4600 11 3.1037443
4600 13 2.5967655
4600 35 2.8359516
4600 61 2.2814052
4603 1 3.522093
4603 11 3.7631617
4603 16 3.9080987
4603 20 3.8672962
4603 35 3.6103718
4607 7 3.3697062
4607 13 2.7932806
4607 15 3.0888262
4607 24 2.750543
4607 55 2.884891
4608 1 3.6086705
4608 5 2.962815
4608 10 3.688681
4608 41 2.555893
4608 67 2.7740397
4609 1 3.3345068
4609 7 3.6225038
4609 10 3.6588254
4609 17 2.4400089
4609 49 2.4058168
4611 4 2.7085803
4611 9 3.0993426
4611 21 2.7581704
4611 29 1.1891677
4611 54 2.5170646
4614 2 2.9404423
4614 11 3.0459461
4614 13 2.5676997
4614 24 2.3304145
4614 40 2.664962
4622 2 2.9654045
4622 5 2.2098804
4622 6 2.5244293
4622 21 1.7460442
4622 48 2.7810116
4630 2 3.6304235
4630 7 3.2361808
4630 8 3.4724054
4630 26 3.1056955
4630 77 2.9985456
4633 6 2.482019
4633 17 1.7001803
4633 20 3.168982
4633 31 2.2210836
4633 51 2.3039322
4637 3 3.3738096
4637 5 2.077985
4637 6 2.568923
4637 9 3.383685
4637 45 2.761166
4645 1 3.461354
4645 9 3.7082403
4645 10 3.582253
4645 13 2.5035312
4645 62 3.7310662
4649 6 2.9251876
4649 9 4.241603
4649 20 3.77699
4649 37 2.7895432
4649 64 2.4174616
4658 4 3.0487704
4658 6 3.224116
4658 7 3.0473676
4658 31 2.897735
4658 51 3.0679433
4671 3 3.696487
4671 8 3.141668
4671 13 2.644929
4671 31 2.7692194
4671 54 3.6416419
4674 6 2.6394215
4674 8 2.8109064
4674 11 2.879614
4674 17 2.2262862
4674 41 1.7102907
4678 1 2.3609564
4678 21 2.4020426
4678 23 2.8719826
4678 28 2.5208578
4678 34 1.2184402
4685 5 3.2333086
4685 15 2.7809935
4685 22 3.0396965
4685 37 3.2830615
4685 70 2.1005025
4688 4 3.0371842
4688 7 3.6217668
4688 10 3.5468228
4688 14 2.9789655
4688 29 2.1585422
4692 3 3.3158245
4692 14 2.8808444
4692 15 2.386041
4692 18 1.9677726
4692 43 1.873739
4701 1 3.581022
4701 18 2.2453632
4701 23 3.74172
4701 27 3.6900349
4701 63 2.4212463
4706 1 3.3800588
4706 6 3.0022316
4706 7 3.5066476
4706 15 2.8802328
4706 35 2.98331
4709 5 2.83236
4709 9 4.0285845
4709 12 3.7107973
4709 42 3.4079814
4709 52 2.5736978
4711 1 2.671863
4711 5 2.3939805
4711 9 3.4218304
4711 15 2.7081316
4711 42 3.0935087
4716 1 3.3458793
4716 17 2.3374934
4716 21 3.7661467
4716 39 2.5683236
4716 53 2.3333325
4722 1 3.7879627
4722 13 3.138911
4722 16 3.2625575
4722 28 3.171529
4722 63 2.5324414
4726 1 2.6755128
4726 8 2.7098467
4726 12 2.639409
4726 31 2.228655
4726 39 2.295605
4730 3 3.768397
4730 20 3.6368785
4730 27 3.9223928
4730 30 2.7539039
4730 56 2.51351
4734 3 3.2653272
4734 6 2.5547342
4734 7 3.0353484
4734 19 2.9184113
4734 27 3.1275067
4744 2 2.9865367
4744 5 2.3665369
4744 6 2.4106884
4744 22 2.7325444
4744 39 2.213803
4745 1 3.9881823
4745 5 2.8253672
4745 13 3.0473197
4745 21 3.4379725
4745 44 3.408852
4756 1 3.1594872
4756 8 2.612728
4756 9 3.4138691
4756 22 2.659367
4756 39 2.6864762
4757 3 3.2417078
4757 15 2.6456406
4757 18 1.946083
4757 23 3.08649
4757 32 2.8674107
4766 3 2.991755
4766 9 2.7225323
4766 11 2.7410033
4766 20 2.7510338
4766 51 2.08251
4768 3 3.3540719
4768 6 2.4728358
4768 8 2.8961473
4768 18 2.0426836
4768 31 2.3194132
4770 1 3.606812
4770 9 3.8294084
4770 11 3.445152
4770 16 3.545446
4770 63 2.892088
4771 5 2.4092908
4771 9 3.44045
4771 10 3.4583035
4771 30 2.6870985
4771 56 2.1540437
4778 2 2.961197
4778 8 2.7715442
4778 14 3.2428205
4778 21 2.9685423
4778 35 2.681623
4781 9 3.5577757
4781 14 3.370026
4781 18 2.3813014
4781 21 3.2189095
4781 73 2.7193367
4783 4 3.3848763
4783 11 3.3425934
4783 12 3.5432854
4783 15 3.2572517
4783 39 2.4308841
4799 2 3.222039
4799 5 2.7775698
4799 6 2.9588084
4799 24 2.8365326
4799 34 2.7279356
4801 7 2.6916783
4801 14 2.7473738
4801 16 2.807044
4801 27 2.9913554
4801 48 3.0369833
4818 2 2.577356
4818 20 3.3217506
4818 23 2.7887564
4818 33 1.2887789
4818 48 2.8920782
4821 2 3.1856513
4821 5 2.6487303
4821 16 3.3106308
4821 24 2.7582197
4821 69 2.4496853
4827 1 3.0221734
4827 10 3.0522945
4827 19 1.8056886
4827 24 2.1582344
4827 66 2.580189
4836 3 3.2369723
4836 9 3.5690691
4836 10 3.6567707
4836 36 2.2135007
4836 47 2.3197062
4838 2 3.5436985
4838 13 2.055365
4838 25 2.147611
4838 27 3.0292912
4838 34 2.1563542
4853 1 3.235214
4853 4 2.5790818
4853 9 3.4561288
4853 14 2.8553042
4853 31 2.3118176
4861 2 3.2640033
4861 5 2.6884587
4861 14 3.3745131
4861 27 3.352527
4861 49 2.7135742
4869 5 2.1594255
4869 26 2.9473705
4869 31 2.5978758
4869 42 3.0687938
4869 67 2.229687
4871 3 3.1503851
4871 7 2.9944048
4871 12 3.3359418
4871 17 2.131249
4871 80 3.2891693
4874 2 2.6929379
4874 9 3.2496688
4874 12 2.7419837
4874 17 2.1401076
4874 21 2.960884
4876 3 3.078651
4876 9 3.317015
4876 10 3.6087532
4876 14 2.7669249
4876 66 2.5099053
4891 3 3.7711828
4891 6 2.9441404
4891 7 3.3630831
4891 29 2.3992615
4891 72 2.6741529
4905 3 3.531232
4905 14 3.1413782
4905 15 2.7093394
4905 27 3.4866579
4905 65 2.2343056
4907 9 3.8039541
4907 23 3.2111595
4907 25 2.1127727
4907 35 2.73322
4907 45 2.8575473
4910 1 2.7532516
4910 8 2.489265
4910 21 2.9434283
4910 23 2.9660776
4910 62 2.9376922
4916 4 2.675136
4916 12 2.9800856
4916 16 3.0443902
4916 27 2.7582886
4916 67 1.745098
4922 4 1.7080754
4922 22 2.6935558
4922 26 2.830552
4922 45 2.116406
4922 63 2.489149
4927 1 3.7783892
4927 10 3.6288702
4927 14 3.4787908
4927 27 3.5940943
4927 64 2.7614727
4928 3 4.023968
4928 10 3.9493861
4928 12 3.4667797
4928 18 2.5260942
4928 29 2.310972
4951 1 3.5148053
4951 7 3.2664778
4951 9 3.655456
4951 29 2.084437
4951 39 2.8841314
4952 3 3.3289692
4952 11 3.0665574
4952 16 3.211954
4952 23 2.948107
4952 49 2.2757187
4953 2 3.2355747
4953 15 2.6106548
4953 16 3.2294295
4953 22 2.9049535
4953 59 2.04667
4957 2 2.851236
4957 6 2.3545876
4957 14 2.7697256
4957 28 2.5855465
4957 54 2.846607
4965 1 3.6311939
4965 15 3.122825
4965 16 3.5698278
4965 18 2.4403653
4965 43 2.571571
4966 1 2.940105
4966 7 2.3301935
4966 8 2.4551756
4966 14 2.7665045
4966 22 2.4656634
4969 5 2.6941385
4969 7 2.9038155
4969 8 2.9308178
4969 22 2.572602
4969 30 2.0643091
4971 2 3.3078752
4971 5 2.5977538
4971 6 2.6122706
4971 9 3.4444797
4971 75 2.3725111
4972 4 2.7861996
4972 9 2.9890912
4972 15 1.0337075
4972 34 2.2713826
4972 61 2.3117504
4986 1 3.3952332
4986 7 3.066274
4986 9 3.854254
4986 28 3.202681
4986 57 1.938341
4989 3 3.8815415
4989 13 3.0232403
4989 15 3.2874048
4989 21 3.3815665
4989 33 3.222552
4991 1 3.2789965
4991 12 2.96726
4991 13 2.2575805
4991 25 1.735221
4991 56 1.8517182
4994 5 1.0
4994 13 1.0
4994 14 1.0
4994 22 2.0619555
4994 42 2.352854
