1 2 2.7629402
1 5 2.5600593
1 13 2.1643865
1 59 1.4775518
1 75 2.255482
5 5 2.5997453
5 14 2.8972502
5 20 3.4213552
5 32 2.6999216
5 56 2.1495676
10 2 3.2273412
10 7 3.296605
10 10 3.380507
10 19 2.1551197
10 38 3.4056284
13 3 2.878639
13 6 2.4763117
13 9 3.355006
13 21 3.108937
13 67 2.6851256
18 2 3.602929
18 5 2.7976885
18 11 3.28772
18 14 3.2634058
18 45 3.0159032
22 20 3.599442
22 27 3.3387635
22 29 2.1957772
22 36 2.2609298
22 76 4.5407352
25 2 2.994817
25 7 2.7205787
25 10 3.1301107
25 20 3.52637
25 39 1.953444
26 2 3.5637355
26 26 3.3203168
26 30 2.9274921
26 41 2.653071
26 59 2.9701815
30 1 4.0730085
30 9 3.872919
30 11 3.3582053
30 13 3.361528
30 26 3.095664
37 3 3.5807147
37 14 3.1702216
37 15 3.1048946
37 23 3.2920475
37 30 2.865756
40 6 2.2755067
40 11 2.8147485
40 19 1.7745994
40 28 2.3642576
40 48 2.9775512
43 5 2.9038057
43 7 3.1062124
43 10 3.3645763
43 25 2.2494748
43 59 3.2593653
78 2 2.5518274
78 13 1.7682605
78 18 1.8003614
78 20 2.9775438
78 27 2.9089892
82 1 3.4630678
82 7 3.2286253
82 15 2.8578675
82 29 2.6264162
82 68 2.8164496
83 7 2.986955
83 17 1.933809
83 24 2.4097297
83 40 2.337433
83 62 3.239313
85 2 3.3049908
85 13 2.5867088
85 14 3.0776207
85 19 2.6126184
85 43 2.1790605
88 3 3.2973216
88 9 3.2250347
88 20 3.292754
88 30 2.2236168
88 48 2.9497442
89 3 3.192155
89 8 2.498445
89 11 3.7779894
89 15 2.6249816
89 42 4.19488
95 3 3.8967
95 17 2.1827214
95 19 2.5093222
95 24 2.948312
95 48 3.6858606
96 6 2.9193885
96 11 3.2634902
96 13 2.8231475
96 16 3.6207116
96 42 3.5565605
98 2 2.8906703
98 13 2.0309112
98 17 2.0299933
98 25 1.7987001
98 32 2.698377
99 1 3.6234055
99 6 2.920139
99 9 3.6556516
99 20 3.4504495
99 78 2.1305711
103 2 3.1979733
103 16 3.4291995
103 22 3.160276
103 40 2.6418428
103 51 3.0471635
106 1 3.494663
106 7 3.5245042
106 8 2.9802399
106 13 3.055219
106 28 3.005574
107 2 3.0752828
107 12 3.2216725
107 19 2.4382381
107 26 2.9955657
107 54 3.1368294
110 9 3.2416592
110 11 2.9991157
110 12 2.7330747
110 20 3.4175203
110 45 2.6611607
111 4 3.4670918
111 11 3.4352674
111 16 3.4608252
111 28 3.5061843
111 74 3.5736454
113 6 2.6887443
113 15 3.2439027
113 22 2.8136435
113 34 2.9066787
113 53 2.3517919
115 1 2.9712822
115 4 2.7345264
115 7 2.6131487
115 13 2.1224349
115 42 2.8002295
137 2 2.8811767
137 15 2.2909744
137 17 1.799765
137 20 3.330299
137 37 2.9278214
139 3 2.9292269
139 14 2.5289514
139 18 1.5645185
139 32 2.3941574
139 43 1.0
140 10 3.1295025
140 13 2.355148
140 16 3.0870216
140 24 2.4280286
140 31 2.2018216
147 2 3.3689265
147 12 3.592546
147 15 3.1984212
147 32 3.0514498
147 66 3.0092933
155 1 3.2854047
155 6 2.82867
155 12 3.1408648
155 16 3.3119578
155 26 2.9569652
165 1 3.3197773
165 4 2.718707
165 8 3.000336
165 14 3.7323132
165 26 3.577124
166 1 2.8177164
166 18 1.0
166 26 2.418589
166 38 2.960373
166 77 1.0
182 3 3.9589877
182 10 3.6665447
182 16 3.5259802
182 21 3.4783146
182 43 2.4862344
189 1 3.607303
189 7 3.3796682
189 12 3.5212152
189 19 2.8138492
189 61 2.5756867
198 7 2.6366563
198 15 2.539295
198 17 2.0546176
198 27 2.6557417
198 48 3.0033727
202 1 3.4158626
202 9 3.1748128
202 11 3.1401894
202 20 3.479173
202 50 2.1153698
206 1 3.1368845
206 9 3.4869454
206 11 3.004726
206 20 3.3832781
206 40 2.486935
213 3 2.8149545
213 8 2.7248683
213 12 2.237316
213 34 1.0
213 58 1.2154281
214 1 3.5068076
214 19 2.6946566
214 27 3.6227508
214 30 2.336205
214 64 3.2066572
219 3 3.2423475
219 14 2.8876023
219 16 3.0374675
219 21 2.9933686
219 73 2.508154
221 2 3.1124103
221 7 3.3079305
221 18 2.1530864
221 29 2.5149026
221 69 2.9477987
222 13 2.7378986
222 17 2.607701
222 18 2.0415764
222 38 3.4341273
222 48 3.3593216
224 6 2.9218233
224 16 3.485561
224 18 2.3531072
224 23 3.4428918
224 37 3.0947967
226 6 2.8886716
226 15 2.938788
226 22 3.0471554
226 31 2.557024
226 62 5.0
227 7 2.559631
227 18 1.0854288
227 21 2.7846842
227 28 2.4073546
227 55 2.1973057
228 1 2.7094195
228 6 2.318703
228 7 2.6101305
228 18 1.0
228 51 1.8028405
229 3 3.4456804
229 17 2.6806207
229 32 2.9355867
229 59 2.5806196
229 91 1.1891645
234 2 1.768299
234 6 2.131312
234 10 2.9348862
234 17 1.6006385
234 31 1.9542217
236 4 2.5610034
236 8 2.6318398
236 10 3.2106564
236 16 2.8881397
236 43 1.7527418
244 1 3.8041353
244 5 2.7154422
244 7 3.2953882
244 34 2.5123992
244 62 3.8360684
247 11 3.3515387
247 13 2.245788
247 14 2.9911177
247 21 3.5609255
247 50 1.8614668
257 2 3.0783064
257 8 3.1646988
257 11 2.84188
257 15 2.6688313
257 30 2.9007742
260 1 3.0902748
260 6 2.819233
260 7 3.5265863
260 13 2.7077065
260 24 2.324632
268 1 2.8274844
268 5 2.0607748
268 7 2.140994
268 14 1.5788261
268 44 2.6139994
273 1 3.9660728
273 11 3.56572
273 15 2.7783022
273 29 2.2651465
273 52 2.7072513
277 4 3.2274163
277 7 3.3002014
277 8 3.2009902
277 12 3.2966168
277 22 3.267346
280 1 3.0810223
280 7 2.7779665
280 8 2.7460637
280 19 2.1330354
280 26 2.669066
281 2 2.5547786
281 10 2.9394655
281 12 2.6417692
281 17 1.9118545
281 53 1.8973951
282 1 3.0038779
282 4 2.3417163
282 16 2.5435755
282 30 2.199181
282 64 1.1637237
284 2 3.13037
284 7 3.168601
284 8 2.8702118
284 12 3.5903203
284 36 2.44307
293 2 3.0805304
293 5 2.2139852
293 7 2.6760423
293 11 3.0250325
293 38 3.1067877
297 2 3.3953545
297 12 3.4624214
297 16 3.6072094
297 37 3.2795494
297 51 3.033269
300 3 3.6376686
300 7 3.2882795
300 12 3.2474313
300 21 3.265313
300 41 2.291599
302 7 3.2438693
302 22 3.4601407
302 26 3.1551344
302 35 2.825944
302 46 1.1438446
305 4 3.080786
305 6 3.078612
305 7 3.4033303
305 9 3.7677817
305 43 2.5279617
306 1 3.2886596
306 10 3.3194075
306 12 3.447114
306 22 2.9970806
306 66 2.6981952
312 9 4.009639
312 15 3.147058
312 16 3.4126647
312 28 3.2177372
312 45 2.9721653
326 2 3.0367444
326 16 3.0280354
326 17 2.1655972
326 25 2.019256
326 87 2.1112728
327 1 3.256067
327 9 3.4932177
327 15 2.757274
327 42 3.38352
327 68 2.8115382
332 7 2.5977278
332 14 1.9285059
332 15 2.5753622
332 34 1.8945711
332 54 1.6320081
340 2 2.852043
340 5 2.4111764
340 7 2.9709501
340 24 2.2111695
340 40 2.0929196
341 2 3.5005045
341 5 2.681897
341 6 3.8360188
341 19 2.9876478
341 65 2.3472722
345 1 3.6464255
345 11 3.3151977
345 13 2.9084172
345 19 2.9668167
345 49 2.8463576
347 6 2.6062546
347 16 3.040251
347 20 3.3101485
347 43 2.2496471
347 72 2.6530282
348 1 3.5595546
348 11 3.1811516
348 20 3.7709546
348 43 2.622657
348 68 4.2240324
349 1 3.0061276
349 3 2.8817713
349 6 2.5583286
349 15 2.5581152
349 28 2.6727169
352 2 1.710117
352 9 2.963783
352 16 1.9843917
352 24 1.5493886
352 37 2.1330485
360 1 2.6127803
360 8 1.0
360 12 1.5237272
360 14 2.3113298
360 38 2.6663482
363 3 3.4059355
363 14 3.2228208
363 21 3.5011709
363 26 2.8179665
363 74 3.244905
371 4 3.0004694
371 11 3.0478
371 12 2.9963188
371 15 2.2372458
371 37 2.4729917
375 2 2.808926
375 14 3.3127258
375 18 2.511119
375 24 2.406219
375 32 2.8194373
377 2 3.0906014
377 14 3.0704634
377 16 3.2810853
377 38 3.2522376
377 56 2.5403447
381 6 2.44531
381 11 2.5079842
381 15 2.3881762
381 29 1.7473129
381 37 2.484686
393 4 3.4969072
393 8 4.0113096
393 12 3.3781857
393 15 3.7868493
393 22 3.631005
399 3 3.5724237
399 8 2.9615333
399 9 3.5093272
399 19 2.7524188
399 41 2.048507
400 2 3.231196
400 8 2.8699899
400 10 3.503845
400 20 3.486467
400 32 3.338241
405 5 2.1419144
405 10 3.3090909
405 16 3.0655186
405 20 3.6626773
405 40 2.3688042
409 1 2.481444
409 4 2.1901994
409 5 1.8370465
409 14 1.1887189
409 54 1.4597137
418 2 2.8861897
418 7 3.4121451
418 8 2.967326
418 19 2.5718699
418 36 2.2608263
429 1 2.946301
429 24 2.1100266
429 28 2.684244
429 43 1.8253525
429 73 2.0848877
432 6 2.6422226
432 14 2.9220676
432 16 2.9847858
432 22 2.1918876
432 71 1.5487955
436 1 3.2952557
436 12 3.5073907
436 17 2.6562076
436 28 2.9683607
436 39 2.632355
437 1 2.6899617
437 9 2.364435
437 10 2.756043
437 17 1.6256642
437 37 2.2426653
443 4 3.39594
443 8 3.150436
443 11 3.695031
443 19 2.7955313
443 37 3.1637397
452 3 3.2079659
452 12 3.0134814
452 13 2.0545905
452 34 1.6443294
452 58 3.7130551
454 8 2.9686837
454 13 2.2955399
454 27 3.2074409
454 29 2.1697385
454 44 3.1814137
455 3 3.2669494
455 6 2.5075173
455 9 3.3566973
455 15 2.8327858
455 27 3.2287583
457 1 3.1590757
457 7 2.893218
457 10 3.3887682
457 16 3.0273795
457 62 3.178328
467 2 3.4961336
467 9 3.8607578
467 12 3.552069
467 32 3.2331743
467 64 2.8490903
469 2 2.8752275
469 4 2.5481274
469 5 2.685806
469 16 3.0668554
469 28 2.5093236
472 1 2.9102597
472 14 2.4698536
472 20 3.425856
472 33 2.361035
472 73 1.7584853
481 1 3.5080717
481 12 3.482269
481 13 3.3552103
481 22 3.2269306
481 42 3.4453545
483 6 3.003119
483 12 3.1469312
483 14 2.956259
483 21 3.259922
483 54 3.1597736
502 8 2.337251
502 12 2.913771
502 19 1.9346255
502 35 2.1417434
502 56 1.8158894
509 3 3.3155437
509 18 1.9096928
509 24 2.1966083
509 30 2.3833752
509 48 3.1323886
515 1 2.329835
515 10 3.089556
515 13 2.3247187
515 23 2.8717194
515 70 1.3701522
521 4 2.756535
521 13 2.3086543
521 16 3.4832842
521 24 2.5404353
521 48 3.5377042
526 5 2.5228164
526 15 2.7935889
526 16 3.2034159
526 31 2.459488
526 82 1.6678193
537 4 3.1173894
537 10 3.5790703
537 11 3.6998453
537 19 2.6562202
537 26 3.101344
538 1 3.0717514
538 7 2.2665439
538 8 2.6400917
538 25 1.9721388
538 48 2.8877137
540 2 2.9073434
540 5 2.9429069
540 7 3.0935469
540 23 3.2629855
540 51 2.5880275
544 1 3.3686557
544 13 2.7102242
544 23 3.3306305
544 26 3.2815843
544 44 3.224246
545 4 2.9622803
545 16 3.5492902
545 18 2.3326159
545 37 3.0677917
545 87 1.6254535
551 2 3.4316726
551 7 3.346061
551 8 3.230495
551 37 3.1586585
551 72 3.155002
553 4 2.5137448
553 7 2.5401444
553 8 2.462371
553 15 1.2385294
553 38 2.4425647
556 1 2.9583614
556 6 2.4651184
556 9 3.4755778
556 13 2.2053537
556 29 1.8770133
563 3 3.1561363
563 8 2.6986675
563 9 3.396464
563 16 3.0965695
563 29 1.9471264
567 1 3.370495
567 3 3.376789
567 4 2.994419
567 9 3.3882592
567 58 2.7814243
569 7 3.3069162
569 22 2.8852205
569 27 3.4769447
569 42 3.0603223
569 92 2.3710093
571 1 3.1286879
571 9 3.120794
571 10 2.933014
571 15 2.565132
571 53 1.0
578 4 3.1457777
578 15 2.729619
578 22 2.9741578
578 39 2.4809635
578 47 2.9307835
582 1 2.934074
582 13 1.6267148
582 27 2.4009244
582 41 1.8446555
582 51 2.063679
583 2 3.1837559
583 16 3.6452806
583 20 3.6805267
583 41 2.626089
583 54 4.0036554
585 1 2.8549924
585 15 2.0618346
585 17 1.8107525
585 26 2.401952
585 48 2.9882188
586 1 3.3450742
586 5 2.6802616
586 6 3.130254
586 10 3.6805925
586 65 2.3108797
592 1 3.2990837
592 8 2.9922063
592 12 3.467152
592 14 3.1440086
592 39 2.674843
598 8 2.8079991
598 20 3.5573988
598 28 3.4655035
598 37 2.7455986
598 56 2.2900786
602 2 2.7807472
602 8 2.7458806
602 15 2.4709284
602 20 3.8111827
602 35 2.6109042
606 8 3.222116
606 19 2.8087184
606 20 4.314215
606 27 3.5207465
606 66 3.032065
608 2 3.2389965
608 12 3.6732483
608 13 2.8179681
608 19 2.8942926
608 50 2.1683478
611 1 3.370808
611 9 3.3101265
611 11 3.519597
611 18 2.082879
611 66 2.7076223
612 5 1.191639
612 12 2.6941807
612 17 1.7890027
612 24 1.8409958
612 81 1.2227979
613 2 2.950144
613 18 1.9216596
613 19 2.3543558
613 35 2.6742156
613 49 2.392497
618 3 3.3386385
618 6 3.0810227
618 11 3.1938753
618 18 2.049004
618 39 2.4486341
623 5 2.773447
623 11 3.446225
623 14 3.3768122
623 23 3.694714
623 63 2.6841605
627 5 2.3003895
627 10 3.940345
627 16 3.3254144
627 22 2.8305695
627 51 2.6347704
635 1 2.7112465
635 3 3.386962
635 5 2.4873974
635 10 3.329837
635 79 2.174194
641 5 2.820076
641 10 4.287655
641 17 3.2855144
641 30 2.7575727
641 52 2.6584868
642 1 3.2041674
642 12 3.2027261
642 22 2.5646992
642 34 2.2618058
642 61 2.417074
644 2 3.2517736
644 6 2.8803344
644 8 2.8547373
644 12 3.2473934
644 38 3.8170578
649 2 3.3538067
649 15 3.1671314
649 19 3.152574
649 21 3.3240056
649 45 3.1129713
651 4 3.3097844
651 8 3.3462539
651 10 3.7113628
651 17 2.5100605
651 22 3.1247928
657 3 3.3318837
657 13 2.5511153
657 16 3.5191224
657 23 3.383416
657 36 3.0896053
659 6 2.7644045
659 15 2.8826785
659 23 3.2453597
659 32 3.059258
659 52 2.327356
669 7 2.842158
669 18 2.0143478
669 19 1.7389227
669 30 2.1107357
669 77 2.7650385
670 4 3.1518354
670 13 2.8955672
670 15 2.9414985
670 27 3.6701627
670 64 2.6058526
674 1 2.9580407
674 4 2.772667
674 5 1.8995113
674 15 2.062909
674 75 2.2889543
696 3 3.8171766
696 7 3.037313
696 13 2.58549
696 21 3.2586653
696 53 2.3698032
698 1 3.3309774
698 5 2.6087677
698 6 2.8251624
698 9 3.521512
698 19 2.7862988
699 5 2.5499017
699 8 3.170603
699 12 3.2388728
699 21 3.3292124
699 36 2.508485
700 6 3.1574416
700 11 3.4640498
700 13 2.8218694
700 15 3.1175714
700 26 3.2403507
702 5 2.2033412
702 16 2.5677087
702 20 3.119564
702 27 2.6496542
702 55 2.0101666
705 1 3.1575603
705 6 2.5758958
705 9 3.7383318
705 42 3.3408017
705 64 2.604415
711 5 2.4181092
711 12 3.4217486
711 22 3.1681948
711 32 2.9521601
711 50 2.0627553
714 1 3.7651508
714 3 3.5263867
714 4 3.1534507
714 17 2.8649974
714 53 2.565356
716 1 3.0962224
716 9 3.0967488
716 11 2.910254
716 28 2.4531522
716 61 1.9298148
722 1 3.1373248
722 4 2.9627626
722 6 2.998128
722 15 2.992756
722 43 2.1565154
725 7 2.8585672
725 12 3.3417776
725 13 2.368786
725 26 2.8367348
725 41 2.1462097
729 1 3.1127224
729 17 2.0879552
729 21 3.057063
729 34 2.0957913
729 61 2.118894
747 5 1.9959137
747 9 3.671731
747 23 3.2425299
747 27 3.1357923
747 69 3.713158
754 5 2.4622579
754 7 3.0039701
754 9 3.349928
754 14 2.9901037
754 48 3.236131
756 2 2.385205
756 9 3.1310587
756 18 1.371613
756 23 2.7479656
756 40 2.0021763
775 1 3.1010966
775 11 2.4908943
775 24 2.0538094
775 37 2.4324844
775 65 1.9590893
783 1 3.1028225
783 6 2.5278125
783 7 2.824998
783 12 3.0545413
783 66 2.7313263
791 14 3.0922668
791 17 1.3430843
791 18 1.8493335
791 22 2.6264977
791 41 1.9051465
792 3 3.4448166
792 5 2.6608596
792 12 3.3970478
792 15 2.9255955
792 38 3.6170473
796 2 2.9812949
796 12 2.8799329
796 21 2.9858124
796 23 3.0355387
796 46 3.2533422
798 2 2.6831717
798 6 3.0163796
798 12 3.0205548
798 19 2.0355413
798 25 1.8116764
803 1 3.7026234
803 14 3.3320413
803 15 3.0181258
803 18 2.2719526
803 59 2.721422
805 1 2.919507
805 9 3.269386
805 20 3.150075
805 34 1.9908464
805 59 2.1253984
806 3 3.737306
806 6 3.1006696
806 9 3.8634598
806 15 2.9583673
806 44 3.4075568
819 3 3.483248
819 7 3.5621357
819 13 2.6284492
819 22 3.323198
819 55 2.6685808
820 9 3.501333
820 20 3.412604
820 21 3.2099674
820 38 3.6605947
820 59 2.4656606
824 1 2.8890254
824 7 2.7156425
824 9 3.3038151
824 21 2.873907
824 31 1.95965
827 2 3.189683
827 8 2.8390276
827 10 3.3942924
827 34 2.6287653
827 41 2.5143168
828 6 2.63229
828 13 2.4571302
828 18 1.7734354
828 34 2.1610546
828 69 2.2733228
831 1 3.7464693
831 6 2.8188465
831 20 3.5401044
831 27 3.415031
831 56 2.1212668
839 1 2.947903
839 5 1.7813385
839 12 3.1043262
839 17 2.103707
839 26 2.6325772
842 5 3.1167176
842 7 3.2486405
842 18 2.6357036
842 25 2.6776938
842 42 3.70244
847 1 2.8850024
847 6 3.0215878
847 14 2.6364622
847 24 1.6935822
847 40 1.9740508
848 2 3.856144
848 6 3.590406
848 8 3.7415316
848 13 2.7097893
848 22 3.137056
849 1 3.2492898
849 9 3.1991386
849 13 2.8617685
849 22 2.9288118
849 66 2.7313209
854 5 3.0192585
854 9 3.8875024
854 10 3.744941
854 21 3.5594404
854 52 2.7164388
855 2 3.089261
855 11 2.9268358
855 13 1.9429724
855 21 2.961259
855 61 2.01645
865 9 3.3043666
865 12 2.7695413
865 13 2.0690968
865 16 2.996698
865 37 2.6601756
874 2 3.039665
874 7 2.9094486
874 9 3.5984342
874 14 2.947119
874 21 3.165599
878 1 3.4740314
878 7 3.2983475
878 8 3.754987
878 25 2.7849238
878 35 2.670141
882 2 3.1913037
882 14 3.1761198
882 16 3.362803
882 25 2.1904564
882 33 2.4332771
884 4 2.8926125
884 8 2.5218122
884 14 2.6453822
884 33 2.1260526
884 60 1.6296865
885 4 1.722998
885 11 2.4884458
885 14 2.419043
885 21 1.7899508
885 40 1.7273183
891 2 3.051633
891 23 3.1276953
891 28 2.8152142
891 38 3.2458966
891 68 2.3646803
892 1 3.0810697
892 13 2.001352
892 16 2.4800832
892 24 1.3222094
892 33 2.0280735
915 6 2.615146
915 11 2.5459874
915 12 2.9474695
915 20 3.2041814
915 55 2.3751397
917 1 3.3397114
917 5 2.6646278
917 20 3.5113065
917 27 3.2737553
917 88 2.3678608
918 1 3.2492688
918 7 2.9703877
918 13 2.5519204
918 20 3.466682
918 32 2.68266
920 2 3.4197166
920 8 2.497994
920 11 3.9536486
920 22 3.122341
920 48 3.7290783
928 1 3.302572
928 14 3.1871388
928 28 3.0692985
928 32 2.802967
928 75 2.6032138
931 3 3.487604
931 7 3.8120556
931 13 2.607973
931 20 3.5852544
931 31 3.128468
936 1 3.1160305
936 4 2.8890352
936 6 2.7380502
936 18 1.0
936 51 2.5736654
938 1 3.3385253
938 5 3.0306401
938 7 3.4333014
938 21 3.635242
938 53 2.4936213
941 3 3.294323
941 13 2.316641
941 14 3.1261284
941 22 2.6859515
941 35 2.459775
942 5 2.4932551
942 13 2.2899277
942 15 2.7278354
942 17 2.197786
942 25 2.0905457
943 1 3.517516
943 8 3.749037
943 18 2.17618
943 36 2.3704169
943 70 4.6755886
951 2 3.2269988
951 7 3.0540013
951 13 2.619381
951 22 2.893075
951 74 2.826307
954 10 3.397036
954 12 3.3704386
954 15 3.0066693
954 21 3.0846038
954 54 3.2113826
958 3 3.5612376
958 18 2.0869374
958 22 3.2849822
958 39 5.0
958 65 2.3859508
976 9 3.3933063
976 19 2.5543942
976 25 2.0031
976 30 2.5105026
976 94 1.6067388
977 12 3.1839352
977 20 3.4648106
977 22 3.0149207
977 31 2.336728
977 45 2.7268615
980 1 3.2819142
980 5 2.559644
980 6 2.801153
980 15 3.0534208
980 26 3.364972
981 6 2.7839649
981 9 4.0032196
981 15 2.6919
981 17 2.4295688
981 72 2.7912734
987 4 3.0908918
987 17 2.7043557
987 18 2.5228868
987 29 2.4481673
987 47 2.9631128
990 1 3.2366216
990 8 2.9286873
990 10 3.304598
990 12 2.8585703
990 24 2.1448166
1006 1 2.342947
1006 9 3.0322468
1006 11 2.5986402
1006 17 1.8963758
1006 43 1.0008223
1014 1 3.2171216
1014 7 2.9622817
1014 9 3.5585234
1014 25 2.3910153
1014 52 2.50448
1017 4 2.0691028
1017 9 2.9970229
1017 11 2.789367
1017 19 2.1036103
1017 57 1.5200802
1020 11 2.9515672
1020 14 2.9424577
1020 16 3.033265
1020 20 3.3262863
1020 67 1.868466
1022 1 2.9971006
1022 8 2.9940662
1022 9 2.8336253
1022 19 1.8894503
1022 37 2.6033778
1028 2 2.8103456
1028 14 2.9153829
1028 15 2.5563207
1028 58 2.4674292
1028 82 1.545608
1031 1 3.7852056
1031 10 3.5742865
1031 14 3.7776787
1031 20 3.5817559
1031 75 2.7813697
1032 2 3.2958755
1032 10 3.9067223
1032 11 3.4682
1032 21 3.2724128
1032 44 3.9669971
1036 2 2.7911723
1036 6 1.7744
1036 8 2.5409195
1036 28 2.1003873
1036 49 1.9914455
1049 10 3.0051966
1049 17 1.9016142
1049 19 2.4028623
1049 25 2.08888
1049 40 2.3203406
1057 2 2.6421738
1057 12 3.1761394
1057 15 2.5830321
1057 34 1.8331416
1057 51 2.3879445
1063 1 3.2855606
1063 6 2.8737268
1063 7 3.0512483
1063 21 3.4179363
1063 83 2.5352073
1066 5 1.9771287
1066 12 3.4596877
1066 13 2.2025902
1066 15 2.6062775
1066 62 3.0152757
1070 1 2.8496473
1070 4 1.9113909
1070 5 2.1600316
1070 24 1.8862135
1070 55 1.9431436
1071 2 3.1857038
1071 12 3.2926562
1071 21 3.3172565
1071 32 2.879461
1071 39 2.5737975
1085 1 3.0876558
1085 9 3.1752696
1085 11 3.0258985
1085 18 1.8493036
1085 51 2.5513608
1092 1 3.3226123
1092 4 3.2729788
1092 8 2.9041967
1092 39 2.5557168
1092 62 3.3368046
1093 1 3.4686077
1093 7 3.1786323
1093 13 3.0258007
1093 22 3.381492
1093 38 3.616344
1095 3 3.6556149
1095 17 2.2724266
1095 19 2.6114287
1095 29 1.9339045
1095 36 2.503063
1099 5 2.5986207
1099 10 3.125737
1099 12 3.0361729
1099 27 3.186658
1099 59 2.878813
1101 3 3.940712
1101 5 2.8788004
1101 7 3.103899
1101 11 3.460787
1101 51 2.7475939
1103 2 2.7206664
1103 5 2.4954844
1103 15 2.5230339
1103 24 2.3363314
1103 48 2.8228228
1106 1 2.679205
1106 17 1.0
1106 20 2.3998446
1106 24 1.6984618
1106 68 1.7582219
1109 2 3.0084002
1109 7 3.245851
1109 20 3.7140143
1109 35 2.648494
1109 41 2.1082053
1111 2 2.3680737
1111 7 2.4411266
1111 10 3.1497982
1111 23 2.8215833
1111 42 2.8611417
1114 8 2.6415355
1114 17 1.6496584
1114 21 2.9265904
1114 27 2.9232934
1114 62 3.1231651
1120 1 3.4278195
1120 9 3.6182444
1120 11 3.2537954
1120 29 2.614235
1120 74 3.9911628
1129 5 2.013408
1129 9 3.2854621
1129 10 3.0444443
1129 19 2.2466094
1129 36 2.0238948
1136 1 3.0430682
1136 7 2.2786226
1136 9 3.1865742
1136 21 2.8249667
1136 64 1.5891508
1150 11 3.0505917
1150 21 3.3857205
1150 25 2.1577134
1150 29 2.3061767
1150 41 2.3451395
1151 1 2.8531153
1151 4 2.0134304
1151 7 2.3186166
1151 29 1.7494832
1151 44 2.5117111
1155 3 3.5402975
1155 15 2.8429806
1155 16 3.7115955
1155 36 2.7441137
1155 77 3.1196506
1157 6 2.5117803
1157 8 2.6314602
1157 9 3.059509
1157 20 2.702944
1157 42 2.8093824
1172 2 3.2526243
1172 10 3.1488533
1172 11 2.8977818
1172 25 2.0245855
1172 66 2.7538114
1177 2 3.3472276
1177 29 2.4201407
1177 34 3.0099974
1177 50 2.284801
1177 59 2.873753
1182 2 3.0092373
1182 7 2.7334828
1182 10 3.1997807
1182 14 3.0183532
1182 18 2.0042014
1185 3 2.7223294
1185 6 2.24599
1185 7 1.0
1185 14 1.0
1185 31 1.8694226
1189 1 3.5621269
1189 5 2.775365
1189 6 2.9143314
1189 13 2.4982796
1189 26 2.7925966
1194 2 3.5602984
1194 18 1.9403684
1194 26 2.8011746
1194 39 2.2554858
1194 57 1.7594845
1205 1 2.9789374
1205 5 2.1140795
1205 10 3.239593
1205 26 2.683104
1205 48 2.950104
1209 1 3.1871688
1209 6 2.9976635
1209 7 3.0683484
1209 12 3.1926465
1209 37 2.8104272
1214 2 2.6635187
1214 24 1.9888623
1214 26 2.5064423
1214 43 1.8607495
1214 69 1.8307571
1216 1 3.3037488
1216 9 3.6925702
1216 10 3.4144626
1216 17 2.362176
1216 79 2.345234
1224 1 3.368569
1224 6 2.8415802
1224 32 3.3191772
1224 39 2.8535953
1224 45 2.9071386
1236 3 3.674423
1236 10 3.6109447
1236 17 2.596631
1236 38 3.6678712
1236 54 3.4434354
1243 1 3.6813657
1243 9 3.5603862
1243 10 3.512139
1243 21 3.2098382
1243 29 2.3008184
1245 3 3.2053797
1245 12 2.975774
1245 17 2.1275878
1245 26 2.6764202
1245 53 2.0329125
1246 4 3.0678935
1246 11 3.5188758
1246 12 3.5977128
1246 19 2.6940265
1246 43 2.4382415
1249 7 2.9995427
1249 20 3.4763982
1249 21 2.9350271
1249 23 3.2142956
1249 29 1.8698636
1268 2 2.4389093
1268 8 2.5491261
1268 10 3.0307567
1268 19 1.102138
1268 33 1.6566732
1274 2 3.198664
1274 12 3.460003
1274 14 3.0238621
1274 20 3.6543827
1274 52 2.4410286
1277 4 2.4687126
1277 9 3.2547739
1277 10 3.2118127
1277 13 2.0687954
1277 33 2.078737
1285 5 2.898726
1285 12 3.220142
1285 15 3.0141394
1285 19 2.6742785
1285 70 2.32558
1287 2 2.1124175
1287 8 2.6309848
1287 10 2.9045498
1287 24 2.0728974
1287 71 2.1995728
1288 2 3.0073342
1288 11 3.0829072
1288 15 2.8009095
1288 22 2.7667406
1288 47 2.5177503
1289 7 2.7632196
1289 13 1.3099442
1289 21 2.725747
1289 34 1.4075022
1289 54 5.0
1301 1 3.6182303
1301 3 3.7617483
1301 7 3.390596
1301 12 3.5321426
1301 20 3.8826904
1303 8 2.629585
1303 10 3.0344243
1303 11 2.801056
1303 36 2.1992693
1303 56 2.179683
1308 1 3.3215473
1308 12 3.3532002
1308 14 3.3775563
1308 22 3.241212
1308 37 3.3333702
1309 2 3.4691088
1309 11 3.4493892
1309 14 3.3999047
1309 26 3.2256904
1309 65 2.6218708
1313 1 3.6586928
1313 6 3.1903422
1313 10 3.7387326
1313 31 2.8527138
1313 58 3.2639682
1314 8 3.1694243
1314 13 2.3697011
1314 20 3.9157283
1314 28 3.152606
1314 60 1.9485065
1318 4 3.0307126
1318 7 2.946881
1318 10 3.3771589
1318 15 2.9547217
1318 42 2.8558185
1323 4 2.6342266
1323 10 2.8549743
1323 14 2.6328466
1323 45 2.1819475
1323 67 2.3461812
1327 3 2.6717272
1327 8 2.7220662
1327 12 2.3931303
1327 22 2.636399
1327 28 2.1183214
1330 3 4.178722
1330 8 3.7136827
1330 13 2.5659478
1330 29 2.3213348
1330 66 2.8221557
1335 1 3.4837794
1335 5 2.8381367
1335 9 3.7063806
1335 14 3.2725523
1335 40 2.7049227
1336 3 3.593931
1336 10 3.4206104
1336 11 3.133935
1336 24 2.6967583
1336 47 1.0
1337 10 3.1064837
1337 14 2.4124389
1337 16 2.939255
1337 28 2.6534798
1337 51 1.835809
1340 4 2.7256243
1340 12 3.0503335
1340 14 2.7131562
1340 43 1.9350202
1340 93 2.0851533
1343 1 3.5413764
1343 9 3.8080099
1343 13 3.3365035
1343 26 3.2744706
1343 51 3.0367517
1344 4 3.1391509
1344 6 2.8449442
1344 8 2.9950323
1344 18 2.1063714
1344 47 2.7541611
1357 6 2.6944408
1357 16 2.990176
1357 18 1.6900734
1357 28 2.475256
1357 49 1.0
1360 1 3.3009171
1360 6 3.1932042
1360 10 3.3601003
1360 23 3.416278
1360 63 3.9589376
1361 2 2.9400547
1361 5 2.2013729
1361 9 3.2251449
1361 24 2.3078825
1361 56 1.7944366
1364 1 2.810887
1364 16 2.8267171
1364 25 1.7312393
1364 43 1.8743589
1364 53 1.8153851
1366 3 3.772804
1366 6 3.3227046
1366 9 3.5792596
1366 12 3.789681
1366 47 2.8305743
1377 5 2.55067
1377 14 3.3395946
1377 17 2.708318
1377 28 3.1880026
1377 53 3.036126
1381 2 2.3927348
1381 7 2.5049083
1381 8 2.3240287
1381 21 2.6208735
1381 50 1.0
1382 2 3.8394504
1382 17 2.5430372
1382 18 2.9100156
1382 24 2.5690682
1382 51 2.860279
1390 1 3.1309307
1390 6 2.3731434
1390 18 2.0815072
1390 25 1.6924963
1390 62 3.670172
1393 3 3.365451
1393 7 3.2252069
1393 8 2.978784
1393 18 1.5299577
1393 42 3.2678053
1394 2 3.3132677
1394 5 2.5018203
1394 6 2.782593
1394 14 2.9204822
1394 38 3.267731
1400 1 3.620659
1400 6 3.1523085
1400 9 3.8432603
1400 15 3.112438
1400 40 2.8418024
1421 2 2.5073526
1421 6 2.116602
1421 9 2.9044933
1421 13 1.7784076
1421 27 2.454421
1432 2 3.077864
1432 7 2.9907205
1432 11 2.9612553
1432 22 2.9748514
1432 46 1.1881377
1438 9 3.2276435
1438 16 3.0290427
1438 20 3.7077436
1438 28 2.8880353
1438 43 2.0473502
1439 3 3.7842133
1439 5 2.9950526
1439 11 3.4789526
1439 18 2.4498355
1439 49 2.9165509
1441 4 3.0571177
1441 11 3.4317563
1441 12 3.410314
1441 16 3.3961062
1441 32 2.8665466
1454 3 3.297423
1454 6 2.7873962
1454 7 3.1186578
1454 12 3.3013077
1454 60 2.825986
1460 5 2.8526142
1460 9 3.6768143
1460 11 3.2719328
1460 18 2.3938563
1460 39 2.660079
1464 2 3.6801305
1464 11 3.4647746
1464 13 2.5627413
1464 20 3.681902
1464 46 2.939191
1468 6 2.9435225
1468 18 2.251611
1468 19 2.5068457
1468 24 2.527083
1468 39 2.7280376
1469 2 2.1779819
1469 6 2.305221
1469 10 3.0017474
1469 28 2.3695583
1469 49 2.0895946
1470 2 2.6239693
1470 5 1.9540516
1470 8 1.0
1470 12 2.5413482
1470 36 1.9061939
1473 1 2.8325553
1473 3 3.2231853
1473 4 2.600371
1473 7 2.8802624
1473 35 2.231193
1474 11 3.3936298
1474 17 3.0026727
1474 20 3.720206
1474 25 2.6598263
1474 34 2.5658255
1476 1 3.1636138
1476 7 3.094639
1476 8 2.8935688
1476 13 2.493444
1476 54 3.0581708
1478 2 3.6860964
1478 12 3.3107603
1478 16 3.781319
1478 24 2.615614
1478 50 2.6329513
1483 8 2.8982382
1483 18 1.9802957
1483 20 3.4882283
1483 26 2.5535614
1483 45 2.617306
1489 2 3.6411977
1489 5 2.9043977
1489 8 3.108108
1489 24 3.0707219
1489 38 3.6905594
1494 1 3.520029
1494 26 3.5313687
1494 40 2.6847186
1494 46 2.974297
1494 81 2.4703465
1499 1 3.628565
1499 10 3.6631534
1499 12 3.248552
1499 19 2.5872934
1499 59 3.3350801
1502 2 3.499408
1502 5 2.7783716
1502 7 3.355297
1502 15 2.7490375
1502 43 2.125094
1507 1 3.2693338
1507 16 3.4350858
1507 17 2.3211827
1507 34 2.5897746
1507 74 2.800157
1509 11 3.1540518
1509 17 2.280759
1509 19 2.6150508
1509 32 2.9368105
1509 68 3.2664883
1524 5 2.31701
1524 11 2.9057806
1524 16 3.1304042
1524 29 1.6799912
1524 45 2.1753464
1532 3 3.4996684
1532 6 2.790906
1532 7 2.9509203
1532 17 2.3687222
1532 41 2.0780866
1537 7 3.1621554
1537 16 3.6083965
1537 17 2.4962525
1537 34 2.6363993
1537 51 3.1092596
1557 1 3.1730635
1557 5 2.4937797
1557 10 3.1637685
1557 20 3.3749046
1557 83 2.3691628
1560 4 2.8685477
1560 10 3.2737758
1560 12 3.4241157
1560 15 2.898571
1560 32 2.8872066
1561 6 3.2197506
1561 8 3.6377702
1561 16 3.682306
1561 22 2.9926827
1561 43 2.1675158
1566 3 3.4915006
1566 15 1.8911949
1566 21 3.284582
1566 30 2.7091007
1566 48 3.1315587
1568 2 3.0821183
1568 11 2.8890216
1568 13 2.331027
1568 26 2.7412305
1568 31 2.4007542
1578 2 2.7962282
1578 6 2.3777192
1578 13 1.3904002
1578 30 1.98606
1578 49 1.2890744
1583 5 2.235823
1583 8 2.448228
1583 13 2.1706562
1583 20 3.2403243
1583 24 1.7966824
1585 1 3.0692725
1585 4 2.7587435
1585 5 2.540912
1585 9 3.430941
1585 34 2.3839667
1595 13 2.1136606
1595 15 2.2488794
1595 16 3.119823
1595 25 2.0090826
1595 38 3.2717805
1598 2 3.9896858
1598 7 3.5554774
1598 10 3.6531143
1598 19 3.0952995
1598 50 2.6450946
1607 1 3.3601582
1607 7 2.821021
1607 9 3.3882587
1607 16 2.8590665
1607 39 2.3865411
1608 1 2.9980865
1608 7 2.7704518
1608 10 3.0781262
1608 20 3.2625463
1608 35 2.4284458
1609 3 3.2472837
1609 17 2.1058795
1609 18 1.2364504
1609 44 2.1138082
1609 65 2.0300593
1610 1 2.6975536
1610 9 2.9679267
1610 10 3.030734
1610 17 1.9863945
1610 46 5.0
1614 2 2.8400595
1614 8 2.4501607
1614 12 2.890034
1614 16 2.865576
1614 61 1.6223116
1624 3 3.9495614
1624 15 2.8134837
1624 18 2.4336526
1624 24 2.7259488
1624 45 2.8383799
1635 2 2.7074203
1635 11 2.961812
1635 14 2.7758427
1635 21 2.7681904
1635 27 2.9797676
1637 1 4.0185766
1637 6 3.144053
1637 11 4.2002215
1637 14 3.3447819
1637 40 2.8215632
1642 7 2.0751438
1642 10 2.5671964
1642 14 2.687239
1642 18 1.6875458
1642 45 2.4678013
1648 6 2.1947894
1648 12 2.7717803
1648 14 2.893733
1648 17 2.151932
1648 39 1.8114848
1651 1 3.2342381
1651 9 3.4984748
1651 11 3.1452694
1651 23 3.4819832
1651 65 2.6600893
1667 8 2.4823127
1667 13 1.6387815
1667 18 1.261804
1667 22 2.4480548
1667 45 2.376558
1670 3 3.028433
1670 16 2.7812202
1670 18 1.2526555
1670 24 1.7089123
1670 71 2.1303692
1677 4 2.7879925
1677 11 2.9317248
1677 12 3.3875134
1677 25 2.2128885
1677 50 2.2321122
1685 2 3.886451
1685 5 3.2179658
1685 6 2.897009
1685 15 2.9015796
1685 34 2.5892239
1706 5 1.9864581
1706 17 2.1684728
1706 21 3.0516067
1706 26 2.6818185
1706 44 2.5933452
1707 1 3.4181576
1707 13 2.6144228
1707 15 3.028518
1707 23 3.4372122
1707 52 2.6218352
1710 1 3.1578658
1710 10 3.211801
1710 15 2.505179
1710 19 2.243708
1710 32 2.7667854
1717 2 3.3770268
1717 7 3.0250666
1717 9 3.5723832
1717 20 3.6053512
1717 51 2.6597552
1718 1 3.0262856
1718 8 2.754693
1718 9 2.868611
1718 21 2.843559
1718 45 2.4843545
1719 4 3.477925
1719 11 3.3829565
1719 13 2.7078505
1719 20 3.7764912
1719 43 2.45369
1720 3 4.0857635
1720 6 3.0654361
1720 9 3.878664
1720 21 3.671136
1720 48 3.541351
1722 2 2.9584916
1722 7 2.8027933
1722 10 2.585038
1722 18 1.7969964
1722 43 1.7966536
1725 6 3.134812
1725 21 3.332081
1725 25 2.6457155
1725 34 2.710495
1725 60 2.2336226
1727 8 3.0273087
1727 19 2.51184
1727 23 3.5654624
1727 31 2.9635844
1727 55 3.1270683
1739 4 2.4854467
1739 9 3.1944382
1739 20 2.7959595
1739 28 2.4905243
1739 44 2.6931431
1744 4 2.982398
1744 14 2.9909775
1744 16 3.0617836
1744 30 2.396028
1744 53 2.082045
1751 6 2.4765084
1751 8 3.1781726
1751 15 2.5831227
1751 21 3.165428
1751 44 2.9747286
1752 3 3.3773806
1752 22 3.0856295
1752 25 2.3042133
1752 32 2.976039
1752 52 2.372933
1754 7 3.0236654
1754 11 3.1399288
1754 13 2.3604157
1754 15 2.8788114
1754 31 2.6092935
1760 1 3.2173715
1760 6 3.0472033
1760 7 2.978831
1760 22 3.3443327
1760 47 2.6504302
1763 2 3.2049417
1763 8 3.0736663
1763 12 3.144582
1763 20 3.720243
1763 43 2.3191504
1768 1 4.1704206
1768 8 3.1230206
1768 13 3.284001
1768 24 2.5809562
1768 34 2.5127878
1787 1 2.8439443
1787 9 3.1463985
1787 11 2.6841404
1787 42 2.6843152
1787 77 2.2427957
1790 9 3.5569782
1790 15 2.5775783
1790 16 3.2352731
1790 31 2.384342
1790 41 2.1041152
1794 6 2.8854833
1794 20 3.7790399
1794 21 3.4397511
1794 35 2.9409437
1794 56 2.5119221
1796 4 2.7848063
1796 14 2.951697
1796 17 2.0146713
1796 27 3.1234746
1796 68 2.3609014
1804 1 3.6216855
1804 8 3.2784848
1804 17 2.6874118
1804 46 3.1645126
1804 66 3.1025543
1810 2 3.2633426
1810 11 2.7177963
1810 18 1.7352622
1810 39 4.466365
1810 58 2.5652275
1815 4 2.501388
1815 14 2.7946858
1815 18 1.7627813
1815 23 2.9234354
1815 37 2.5470848
1816 4 3.1684546
1816 13 2.5041163
1816 15 2.5321267
1816 29 2.180759
1816 47 2.5016282
1819 2 2.7903097
1819 5 1.9245409
1819 12 2.744979
1819 27 2.701841
1819 41 1.2925935
1822 1 2.9454398
1822 3 3.3192565
1822 4 2.5261161
1822 16 3.3791337
1822 44 2.8484352
1829 1 3.217993
1829 7 3.144896
1829 8 2.8134956
1829 12 3.0036373
1829 39 2.5219274
1835 2 2.8010433
1835 9 2.8742392
1835 12 2.3861213
1835 18 1.6647916
1835 39 1.9560187
1837 4 2.7769983
1837 8 3.6544523
1837 20 3.4716341
1837 23 3.419771
1837 51 2.6396759
1838 1 3.4805229
1838 4 3.1025212
1838 17 2.7735236
1838 36 2.6871753
1838 43 2.351238
1841 3 3.7935357
1841 11 3.3093686
1841 15 3.0606697
1841 22 3.7341797
1841 62 4.168746
1847 5 2.0015407
1847 15 1.3429366
1847 16 2.722261
1847 26 2.0312202
1847 49 1.9175934
1850 5 1.5651393
1850 10 2.9832094
1850 12 2.9255905
1850 24 1.77002
1850 68 2.077337
1856 2 2.6860442
1856 5 2.4039314
1856 6 2.6393228
1856 18 1.561165
1856 49 2.2772517
1857 1 3.0323286
1857 11 2.9181068
1857 12 2.7772627
1857 21 2.5097573
1857 46 2.513553
1860 1 3.1171277
1860 10 2.9945693
1860 11 3.128695
1860 14 2.7026792
1860 26 2.712669
1861 12 3.379418
1861 19 2.696445
1861 23 3.3598075
1861 39 2.2417643
1861 78 1.7811229
1873 2 3.4510202
1873 11 3.1116543
1873 15 3.1102664
1873 25 2.4034584
1873 38 3.7703083
1879 4 2.8792534
1879 9 3.4161296
1879 10 3.058395
1879 36 2.395195
1879 43 2.062809
1880 1 3.42832
1880 9 3.4497504
1880 17 1.9914471
1880 44 1.0
1880 65 2.143036
1885 1 3.8483675
1885 6 3.441749
1885 10 3.4775848
1885 31 2.6361184
1885 51 2.745971
1891 3 3.4874766
1891 8 3.50098
1891 11 3.67652
1891 18 2.1302335
1891 29 2.6009727
1892 4 2.372096
1892 8 2.6406734
1892 13 2.203372
1892 26 2.7486665
1892 32 2.6009817
1895 2 3.8504045
1895 18 2.3012574
1895 19 2.6542425
1895 32 3.3041608
1895 69 3.332252
1898 1 3.3622034
1898 6 2.6922688
1898 13 2.8036041
1898 26 2.800552
1898 46 2.7399418
1903 2 2.9553387
1903 10 3.521369
1903 12 2.7772915
1903 27 3.3607247
1903 47 2.3005238
1907 14 3.087975
1907 18 2.3318598
1907 29 2.339323
1907 35 2.7478328
1907 52 2.4894724
1908 1 3.112171
1908 9 2.7782292
1908 12 2.9500566
1908 15 2.4973402
1908 36 1.7994285
1912 7 2.847103
1912 11 3.0261655
1912 20 3.8873327
1912 31 2.1808443
1912 60 1.7051864
1914 1 3.323382
1914 10 3.3937175
1914 11 3.4930215
1914 17 2.4143572
1914 41 2.4938743
1916 8 2.674582
1916 12 3.0334013
1916 22 2.6877651
1916 31 2.3080094
1916 50 2.0461292
1918 1 3.2809634
1918 10 3.2410948
1918 13 2.316288
1918 24 2.3257716
1918 45 2.657165
1925 7 3.073354
1925 13 2.4789248
1925 14 3.238235
1925 18 2.3261538
1925 42 3.4241889
1931 4 2.445605
1931 18 1.0
1931 22 2.2124674
1931 47 2.0282204
1931 89 2.2880368
1938 1 3.308707
1938 4 3.0876994
1938 9 3.691213
1938 13 2.4878037
1938 36 2.8229342
1945 3 3.6593664
1945 11 3.4378986
1945 12 3.656254
1945 40 2.9291484
1945 54 3.3825326
1946 2 2.9836218
1946 6 2.5181322
1946 10 3.1362877
1946 15 2.225021
1946 33 2.190803
1948 12 3.6775556
1948 25 2.3730903
1948 27 3.1295278
1948 39 2.3436906
1948 70 2.4863613
1959 10 3.1105535
1959 19 2.4046853
1959 22 2.7624934
1959 35 2.521215
1959 78 2.9174888
1969 3 3.3030744
1969 7 3.1027093
1969 8 2.817767
1969 19 2.4420347
1969 34 1.7947389
1972 6 2.426199
1972 13 2.1728916
1972 14 3.2155914
1972 22 2.8165607
1972 33 2.4387949
1976 3 3.464709
1976 10 3.0825076
1976 25 1.6417935
1976 28 2.6066618
1976 39 2.1355228
1978 1 3.474764
1978 4 2.8312657
1978 12 3.1899018
1978 24 2.4753354
1978 34 2.353298
1982 1 3.2931755
1982 10 3.7442322
1982 15 2.7382462
1982 31 2.7173777
1982 57 1.0
1983 1 3.4709852
1983 12 3.3736231
1983 17 2.4878902
1983 20 3.5336816
1983 53 2.464762
1989 2 2.789728
1989 9 3.295306
1989 17 2.0541427
1989 22 2.2398
1989 51 2.383311
2003 3 3.3909452
2003 8 3.1499708
2003 10 3.5591443
2003 14 2.9529047
2003 36 2.2693532
2006 1 3.626719
2006 11 3.4649763
2006 17 2.692445
2006 23 3.6107733
2006 88 2.688116
2011 2 2.5422418
2011 16 2.606105
2011 21 2.3991573
2011 29 1.2091503
2011 40 1.8649976
2014 3 3.9036283
2014 8 2.9068587
2014 11 3.315292
2014 18 2.1837695
2014 29 2.2474716
2024 5 2.891215
2024 11 3.3934712
2024 12 3.439608
2024 24 2.6962538
2024 49 3.0420623
2027 7 2.3363547
2027 20 2.5001493
2027 23 2.5633934
2027 30 1.9740626
2027 54 3.0389338
2031 6 2.863814
2031 11 2.7472477
2031 13 2.4322934
2031 20 3.3739114
2031 49 2.6652718
2032 1 3.6872995
2032 8 3.2651484
2032 9 3.7841945
2032 31 2.8575332
2032 59 2.869365
2044 4 2.7198913
2044 11 3.1717653
2044 20 3.501348
2044 31 2.131794
2044 74 2.7073164
2055 2 2.8141751
2055 11 2.6760828
2055 18 1.6170158
2055 23 2.9673965
2055 33 1.9818602
2058 3 3.6065793
2058 9 3.7707021
2058 10 3.1645966
2058 23 3.3218799
2058 44 3.2689939
2062 6 2.1633823
2062 33 2.003846
2062 35 2.1772966
2062 48 2.6722245
2062 58 2.3001316
2067 1 2.8649945
2067 5 2.1271126
2067 10 2.5913541
2067 23 2.6066887
2067 54 2.989532
2069 6 3.0713367
2069 13 2.7043467
2069 24 2.7292762
2069 47 2.933697
2069 71 2.8138154
2073 5 3.464428
2073 8 2.9359617
2073 14 3.1535766
2073 23 3.2850435
2073 43 2.2735863
2080 1 4.1454425
2080 5 3.0228987
2080 7 3.0852444
2080 12 3.5320852
2080 34 2.3985214
2081 3 4.1495643
2081 7 3.226061
2081 9 4.2450953
2081 14 3.8895955
2081 36 2.5394635
2082 1 3.08001
2082 13 2.388491
2082 15 2.1905737
2082 38 3.3721542
2082 67 1.4556708
2085 2 3.3521824
2085 7 3.5859149
2085 8 3.1267154
2085 18 2.529044
2085 45 3.033631
2087 1 3.312873
2087 4 3.065954
2087 5 2.8254604
2087 13 2.6146145
2087 44 2.663747
2092 13 2.0987275
2092 17 2.0435798
2092 32 2.8554587
2092 34 1.9158963
2092 47 2.2447584
2093 1 3.0672495
2093 8 2.9389699
2093 9 4.0577
2093 15 2.6057427
2093 31 2.4927566
2099 2 3.2146058
2099 11 3.069488
2099 15 3.0534437
2099 26 2.9034503
2099 51 2.7563503
2100 2 3.635685
2100 15 2.7630267
2100 27 3.329573
2100 32 3.0003421
2100 58 2.949258
2105 5 2.1630797
2105 9 2.8589513
2105 10 3.1337092
2105 17 2.0122747
2105 33 2.1578903
2106 1 3.1969717
2106 8 2.7597845
2106 10 3.5484989
2106 25 2.186669
2106 49 2.3611367
2108 6 2.6437542
2108 8 2.7663887
2108 9 3.4145987
2108 20 3.3491714
2108 60 1.8335774
2122 11 2.9607217
2122 15 2.6557937
2122 18 1.8770318
2122 44 2.801068
2122 50 2.1018865
2124 1 3.4168103
2124 3 3.302775
2124 8 2.8310046
2124 13 2.3190262
2124 49 2.401782
2126 5 3.3496516
2126 8 3.8271742
2126 11 3.5222814
2126 14 3.2603097
2126 31 2.9118307
2127 1 3.2608554
2127 4 3.085157
2127 6 2.6756568
2127 24 2.0049706
2127 85 1.9664428
2129 2 3.6513627
2129 6 3.6120203
2129 10 3.5556214
2129 18 2.3513675
2129 29 2.4237914
2132 1 4.028673
2132 5 2.8689797
2132 9 4.1581373
2132 21 4.0124454
2132 41 2.239269
2139 6 2.5604458
2139 15 1.7793424
2139 20 3.5501642
2139 32 2.772399
2139 50 1.8978364
2144 10 3.027181
2144 19 1.8689713
2144 22 2.4014258
2144 27 3.1685555
2144 51 2.34806
2148 1 3.1405065
2148 8 2.6865342
2148 15 2.6790652
2148 22 2.8083506
2148 45 2.9933946
2159 4 2.8656356
2159 18 2.055338
2159 27 3.2205381
2159 31 2.3311338
2159 53 2.055966
2163 2 3.0423152
2163 5 2.7440395
2163 8 2.8741956
2163 19 2.481912
2163 50 2.238617
2168 2 3.4819963
2168 4 3.3564992
2168 7 3.3963847
2168 18 2.4331596
2168 69 2.7173336
2179 9 3.6735048
2179 14 3.217859
2179 16 3.3857977
2179 25 2.4661088
2179 41 2.4486437
2182 2 3.3955507
2182 4 3.634115
2182 6 3.4865804
2182 28 3.1420066
2182 38 3.846168
2199 11 2.7660248
2199 18 1.5435929
2199 22 2.5632443
2199 32 2.705149
2199 42 3.0096867
2208 1 3.358985
2208 13 2.518247
2208 14 3.431195
2208 31 2.5362267
2208 47 2.9735808
2218 5 2.8574085
2218 7 2.9456654
2218 10 3.3059688
2218 17 2.0880833
2218 41 1.0
2222 1 2.9979115
2222 15 1.4412163
2222 16 2.8874657
2222 33 2.1126816
2222 65 1.7133709
2224 1 3.3801491
2224 6 2.7626479
2224 7 2.9882371
2224 20 3.58983
2224 43 2.31485
2226 2 2.801286
2226 14 2.6674635
2226 17 1.9229968
2226 23 2.7918618
2226 74 2.6123736
2227 3 3.5042768
2227 7 3.108307
2227 13 2.2802553
2227 22 2.6999352
2227 53 2.0879655
2234 1 3.295294
2234 10 3.9812691
2234 13 2.494386
2234 25 3.0586302
2234 52 2.9549017
2235 1 3.7968338
2235 15 3.195899
2235 18 2.1132054
2235 40 2.794368
2235 59 2.6222599
2238 9 3.506716
2238 14 3.0728877
2238 22 2.9166093
2238 30 2.5058484
2238 48 3.331675
2242 1 3.8748262
2242 3 3.6635287
2242 6 3.7558663
2242 9 3.8284605
2242 22 3.3505461
2244 1 2.6785703
2244 12 2.4082885
2244 16 2.924601
2244 21 2.7281556
2244 46 2.472877
2247 3 3.6240585
2247 21 3.1425552
2247 23 3.2944486
2247 28 2.967137
2247 39 2.3950377
2263 1 3.3503273
2263 3 3.9477167
2263 5 2.8572485
2263 10 3.4738555
2263 32 3.5388613
2265 3 3.353565
2265 12 3.2278676
2265 13 2.3933043
2265 18 2.0846076
2265 36 2.3181834
2268 4 3.0865588
2268 6 2.9597716
2268 7 3.325211
2268 25 2.415129
2268 70 2.9812694
2269 1 3.3911335
2269 3 3.958655
2269 5 2.8242311
2269 18 2.6708524
2269 29 2.74836
2270 1 3.842721
2270 7 1.8766648
2270 11 3.4376547
2270 20 3.3162174
2270 43 2.20866
2272 4 2.77758
2272 11 2.2077172
2272 13 1.3211942
2272 21 2.601391
2272 38 3.2469008
2276 3 2.921496
2276 10 2.8793209
2276 14 2.2870398
2276 23 2.3789716
2276 58 2.3461435
2279 4 3.3314269
2279 13 3.4313662
2279 14 3.7302752
2279 16 3.104628
2279 28 3.2975338
2292 2 2.8629782
2292 4 2.8738165
2292 11 2.9660003
2292 29 1.9132681
2292 57 1.3053389
2297 1 3.143507
2297 8 2.8337216
2297 13 2.189705
2297 17 1.5156994
2297 28 2.9484086
2299 5 2.691806
2299 7 3.021464
2299 14 3.2554429
2299 25 2.3497548
2299 39 2.5705285
2305 1 3.3789563
2305 9 3.564037
2305 10 3.2211308
2305 23 3.237764
2305 31 2.3273787
2306 2 2.9843209
2306 5 2.5529008
2306 8 2.5149395
2306 14 3.0674849
2306 52 2.007095
2308 1 2.9985433
2308 9 3.1017733
2308 12 2.9467063
2308 28 2.7987602
2308 35 2.281136
2314 3 3.430781
2314 18 2.3874037
2314 35 2.6682913
2314 44 3.0079958
2314 59 2.5748744
2315 1 2.3720677
2315 12 2.3839586
2315 16 2.3654728
2315 21 2.4611056
2315 64 1.0
2324 6 2.8243463
2324 12 3.4600587
2324 20 3.4545295
2324 36 2.2986348
2324 64 2.3335555
2327 1 3.2445645
2327 6 3.4022887
2327 11 2.9887674
2327 14 2.9964638
2327 77 3.0507252
2330 1 3.4678783
2330 3 3.9189591
2330 4 3.1753075
2330 16 3.5253344
2330 51 2.8854616
2335 1 3.1879525
2335 11 2.6877682
2335 14 2.440907
2335 23 3.1815195
2335 54 3.192082
2336 1 3.5935042
2336 13 2.4719405
2336 14 3.1428635
2336 22 3.049641
2336 74 3.2591863
2348 2 2.7033424
2348 23 3.2062564
2348 29 1.9262073
2348 31 2.349555
2348 64 1.3509905
2350 3 2.9746482
2350 6 2.641584
2350 13 2.5583704
2350 17 2.6539726
2350 32 3.086325
2351 3 2.9371326
2351 11 2.9178057
2351 14 2.8134873
2351 20 3.327983
2351 47 2.3270936
2354 24 2.5403616
2354 31 2.4601
2354 36 2.3085704
2354 41 2.2939005
2354 70 1.7992654
2361 9 3.7953272
2361 12 3.214781
2361 15 2.8520467
2361 17 2.5858393
2361 43 2.2246504
2367 8 2.4670687
2367 20 3.214891
2367 21 2.579234
2367 26 2.4306781
2367 51 2.1017523
2369 1 3.248238
2369 4 2.9252412
2369 14 2.738197
2369 25 2.4250286
2369 48 3.2478132
2388 1 3.0561342
2388 11 3.066747
2388 16 2.9991746
2388 19 2.6150572
2388 89 3.556639
2396 3 2.861397
2396 13 1.6651821
2396 14 1.7770913
2396 21 2.666731
2396 35 1.7904067
2398 4 2.6103246
2398 10 3.210795
2398 12 3.0972836
2398 17 2.6665106
2398 65 2.1686301
2403 1 4.729335
2403 9 3.8059454
2403 12 3.3098345
2403 17 3.0763211
2403 46 3.2300982
2407 6 2.547511
2407 17 1.9628094
2407 23 3.1196008
2407 31 2.2702186
2407 54 3.0270517
2408 3 3.7463453
2408 6 3.6388018
2408 12 3.5269697
2408 16 3.9643137
2408 63 2.8917024
2410 1 4.2501917
2410 12 4.0861955
2410 19 3.4519863
2410 68 2.7522893
2410 88 3.3291066
2412 4 2.3036785
2412 9 3.217538
2412 12 2.581348
2412 32 2.3266425
2412 59 2.0106947
2413 6 2.860493
2413 23 3.2586884
2413 24 2.668891
2413 34 2.07583
2413 53 1.9371028
2417 4 3.1797833
2417 7 3.1639242
2417 8 2.7432685
2417 11 3.0873926
2417 46 2.773893
2419 1 3.3024476
2419 20 3.4565403
2419 22 2.9207482
2419 28 2.9255614
2419 60 1.8863134
2443 2 2.7074234
2443 14 2.70746
2443 16 2.9605787
2443 22 2.631173
2443 34 2.0939932
2452 4 3.0666237
2452 8 3.059066
2452 17 1.4831512
2452 30 2.5045497
2452 45 2.542717
2454 1 3.255738
2454 9 3.2878158
2454 16 2.9425569
2454 28 2.7992742
2454 67 2.0552554
2458 1 3.3675988
2458 6 2.8434167
2458 13 2.654531
2458 26 3.0414586
2458 41 2.3532877
2460 1 3.1925156
2460 14 2.8738015
2460 16 3.059613
2460 39 2.7904263
2460 57 1.9333447
2466 2 3.257132
2466 13 3.061942
2466 19 2.5731928
2466 29 2.2241561
2466 62 3.510398
2473 5 2.323903
2473 8 2.8113863
2473 9 3.4062212
2473 24 2.2939003
2473 51 2.6973927
2476 6 3.0230668
2476 13 2.923054
2476 16 3.6317856
2476 32 3.3060126
2476 70 2.0564847
2477 5 2.4811344
2477 17 2.0693872
2477 21 2.858521
2477 25 1.990615
2477 79 2.033697
2478 4 3.424411
2478 9 3.9145324
2478 12 3.6058435
2478 14 3.480704
2478 42 3.5813992
2490 2 2.9579375
2490 11 3.0191467
2490 16 3.140992
2490 31 2.236758
2490 46 2.830534
2493 5 2.92911
2493 10 3.3700175
2493 15 3.0964167
2493 19 2.631715
2493 58 3.0483708
2495 1 3.0950863
2495 6 2.1632445
2495 8 2.7697084
2495 16 3.1645353
2495 65 1.1392155
2496 2 3.1984804
2496 8 3.0001447
2496 9 3.0993085
2496 19 2.592683
2496 64 2.5642138
2505 2 3.0170224
2505 6 2.180314
2505 9 3.395494
2505 21 3.1718054
2505 76 2.418324
2510 1 3.591762
2510 20 3.870374
2510 21 3.4303722
2510 30 2.500383
2510 61 2.2206733
2511 2 2.61633
2511 6 2.2765322
2511 8 2.656396
2511 19 2.0204039
2511 39 2.2936685
2522 12 3.3048182
2522 17 2.4506407
2522 22 3.0346775
2522 32 2.8758414
2522 61 2.3302388
2523 1 3.6993623
2523 12 3.40512
2523 16 3.5454218
2523 44 3.2893114
2523 77 5.0
2524 6 2.7495413
2524 12 3.069416
2524 14 2.493898
2524 19 2.0391943
2524 42 2.9127886
2529 2 3.200553
2529 8 3.0034964
2529 11 3.0947137
2529 32 3.2340293
2529 64 2.4232638
2535 1 3.0203254
2535 11 2.4849377
2535 12 2.9258723
2535 23 2.6389837
2535 47 2.3772256
2536 8 2.938766
2536 15 2.855908
2536 16 2.976676
2536 24 2.1351829
2536 44 2.2561102
2537 1 2.8320646
2537 4 2.892752
2537 7 3.121233
2537 12 2.900007
2537 27 3.238787
2547 2 2.8712375
2547 6 2.9359472
2547 16 2.2536893
2547 19 2.2788677
2547 38 2.2251241
2553 1 3.3318636
2553 6 3.0705442
2553 7 3.335315
2553 21 3.4536438
2553 31 2.6896489
2557 3 3.678016
2557 8 3.1513882
2557 20 3.7354767
2557 24 2.5600119
2557 44 2.9538014
2563 6 2.1947362
2563 8 2.974841
2563 10 3.334511
2563 20 3.495289
2563 78 1.1394231
2569 8 3.3495092
2569 17 2.5681357
2569 18 2.713849
2569 26 3.1682353
2569 35 3.0757759
2572 3 2.976017
2572 11 2.6227016
2572 13 1.932964
2572 25 1.6713355
2572 89 2.4247718
2573 3 4.0435653
2573 20 3.9050965
2573 28 3.0852842
2573 38 3.5965307
2573 69 3.3350816
2578 2 2.6951315
2578 10 2.9844167
2578 20 3.276722
2578 35 2.2552896
2578 46 2.4587808
2579 2 3.3735442
2579 12 3.6948836
2579 17 2.786797
2579 30 2.745679
2579 61 2.6291475
2590 5 3.411672
2590 7 2.7877738
2590 9 3.6869974
2590 30 2.391395
2590 94 2.1257694
2598 4 3.1686854
2598 11 3.045376
2598 19 2.337995
2598 51 2.6464818
2598 71 2.48178
2599 3 3.0780342
2599 10 2.5758922
2599 11 2.9006677
2599 17 2.1597044
2599 76 2.2343252
2606 5 2.650193
2606 13 2.3163376
2606 15 2.600622
2606 24 2.2815971
2606 72 2.6175437
2617 2 3.3961136
2617 5 3.158305
2617 7 3.222278
2617 15 3.304477
2617 38 3.7668688
2618 5 2.7677748
2618 20 3.5220778
2618 22 2.7485385
2618 27 2.9576728
2618 44 2.6067524
2622 4 1.6032703
2622 10 2.7005088
2622 12 2.5138135
2622 42 2.5310428
2622 62 2.599577
2628 3 3.5327153
2628 8 2.9864788
2628 9 4.108988
2628 14 3.2357767
2628 42 3.511397
2632 1 3.2469203
2632 3 3.4356382
2632 13 2.288726
2632 29 2.3349543
2632 72 2.9402454
2635 2 2.8424935
2635 6 2.3844497
2635 9 2.6921043
2635 18 1.1940093
2635 31 2.1695068
2639 1 3.6071737
2639 4 3.1838305
2639 5 2.8377364
2639 19 3.1577425
2639 62 3.494633
2640 3 3.5895615
2640 11 3.2842436
2640 14 3.146085
2640 30 2.5669167
2640 67 2.6737535
2643 5 3.3247027
2643 12 3.4528325
2643 15 3.1394346
2643 20 4.1278715
2643 28 3.1969228
2648 6 2.693173
2648 11 2.7272856
2648 12 2.9429998
2648 38 3.1112206
2648 59 1.3526595
2651 3 3.3665748
2651 12 3.1263766
2651 13 2.7446268
2651 43 1.8979706
2651 95 2.8538167
2652 1 3.1452515
2652 4 2.6547763
2652 6 2.5766532
2652 9 3.1355965
2652 48 3.0744433
2654 6 2.943831
2654 13 2.6010175
2654 16 3.5915818
2654 23 3.3832164
2654 46 2.9312642
2660 2 3.4774122
2660 10 3.2896302
2660 11 3.7176945
2660 20 3.5410762
2660 67 2.455813
2663 2 3.187537
2663 7 3.0920248
2663 8 2.983314
2663 22 3.1245415
2663 72 2.9311767
2665 5 2.5662277
2665 14 2.9523902
2665 25 2.388352
2665 27 3.0858338
2665 83 2.375885
2668 2 3.1843886
2668 7 3.305343
2668 10 3.2076402
2668 18 1.9839097
2668 31 2.2058077
2669 1 2.810203
2669 8 2.648124
2669 9 3.0705285
2669 24 2.0278125
2669 42 2.910922
2672 6 2.8557966
2672 13 2.9299822
2672 15 3.239697
2672 22 3.4557247
2672 68 2.6372943
2679 7 2.9018328
2679 19 2.0783522
2679 20 3.4739385
2679 26 2.7092538
2679 46 2.4032903
2685 2 3.4916036
2685 20 3.8980865
2685 35 3.063986
2685 43 2.5739827
2685 48 3.681187
2691 4 2.7065039
2691 10 2.8688903
2691 12 2.783677
2691 22 2.7071197
2691 48 3.2073603
2695 3 3.0874817
2695 12 2.609166
2695 15 1.5739229
2695 18 1.5657511
2695 75 1.9804184
2696 2 2.9099855
2696 13 2.314538
2696 17 2.0684726
2696 26 2.7400134
2696 55 2.2046309
2698 2 3.0969253
2698 16 2.912792
2698 18 1.5280071
2698 29 1.8986237
2698 55 2.2669408
2701 3 3.052313
2701 12 3.0352767
2701 15 2.5410826
2701 29 1.8015324
2701 59 2.1846857
2702 2 3.8747435
2702 20 3.560564
2702 25 2.554292
2702 39 2.7098951
2702 45 2.8937907
2703 3 3.0933728
2703 6 2.6587896
2703 13 1.9589698
2703 31 2.00031
2703 51 2.427254
2707 3 3.9643826
2707 13 3.1251407
2707 22 2.882399
2707 30 2.5037236
2707 65 2.5002892
2708 2 3.6717966
2708 9 4.1447973
2708 11 3.2789192
2708 26 2.9112298
2708 31 2.5672367
2709 1 3.260674
2709 6 2.900078
2709 13 2.5701146
2709 18 2.290064
2709 45 2.7834604
2710 10 3.9071283
2710 14 3.170702
2710 15 2.8754308
2710 19 2.5773797
2710 35 2.8338826
2712 9 3.7244473
2712 19 2.6544328
2712 20 4.058022
2712 24 2.526445
2712 29 2.2740686
2722 5 2.9174523
2722 8 2.8788068
2722 9 4.073802
2722 16 3.393281
2722 35 2.6799097
2732 1 2.7810197
2732 22 2.4533129
2732 27 2.6246252
2732 33 1.4762235
2732 42 2.7137449
2739 7 3.4513805
2739 13 2.5423927
2739 14 3.2133803
2739 31 2.6226375
2739 43 2.406355
2748 2 3.3797424
2748 11 3.8333755
2748 17 2.3681169
2748 20 4.2816305
2748 47 2.9413917
2750 1 3.178206
2750 10 3.3641043
2750 11 3.0443747
2750 16 3.1802216
2750 86 1.1145847
2751 5 3.33437
2751 19 2.644493
2751 20 3.8208904
2751 32 3.1374817
2751 57 2.6002038
2752 4 2.5422568
2752 10 3.0660675
2752 11 2.9968708
2752 29 2.017146
2752 46 2.800843
2758 6 3.2540827
2758 11 3.2647266
2758 23 3.6189928
2758 31 2.6797638
2758 67 3.1599214
2761 9 3.9621584
2761 13 2.6172507
2761 15 2.7952595
2761 32 2.8426275
2761 41 2.238087
2764 3 3.4218822
2764 16 3.2270236
2764 17 2.2574928
2764 46 2.825769
2764 69 2.0425134
2769 5 2.4508545
2769 7 3.091182
2769 8 2.8106837
2769 17 2.2632935
2769 41 1.9118782
2779 5 2.3480053
2779 20 3.3844318
2779 21 3.1609774
2779 30 2.5482917
2779 61 2.7834587
2780 5 2.2751784
2780 14 2.6691844
2780 19 2.2189507
2780 23 2.9683514
2780 28 2.5584779
2784 1 3.319773
2784 7 2.497365
2784 8 2.6578882
2784 13 2.2236934
2784 42 2.8691647
2785 1 3.131366
2785 4 2.9172587
2785 11 2.9119663
2785 24 2.037212
2785 51 2.5656004
2790 7 3.246634
2790 15 2.9265156
2790 17 2.293926
2790 38 3.6122186
2790 86 2.387209
2795 1 3.1341882
2795 9 2.9100056
2795 14 3.0760927
2795 43 1.972521
2795 66 1.0
2802 3 3.5867403
2802 14 2.7979445
2802 18 1.5474523
2802 39 2.3932908
2802 54 2.953818
2807 2 3.4936094
2807 11 3.1891186
2807 12 3.240052
2807 19 2.6376643
2807 33 2.5744627
2810 3 2.4289305
2810 6 1.8170619
2810 8 1.9422119
2810 16 2.2240505
2810 22 1.917907
2819 2 2.481609
2819 6 2.0395255
2819 9 2.8011155
2819 20 2.5636418
2819 65 1.0
2821 3 3.4350374
2821 7 3.120494
2821 8 3.5668635
2821 10 3.9489186
2821 26 3.1716065
2826 1 3.6083121
2826 7 3.3806775
2826 8 3.2651114
2826 10 3.6883519
2826 72 3.1896186
2835 5 2.5181327
2835 9 3.3613687
2835 10 3.2725298
2835 17 2.2652497
2835 20 3.4171677
2841 1 3.6983018
2841 8 2.8830607
2841 9 3.9608722
2841 27 3.8650594
2841 65 2.59893
2858 3 3.5947113
2858 9 3.6712813
2858 11 3.246982
2858 16 3.0920393
2858 25 2.2263243
2862 3 3.4521563
2862 8 3.277063
2862 9 3.4587357
2862 22 3.0913599
2862 46 5.0
2871 4 2.8725753
2871 9 3.3634202
2871 13 1.9581354
2871 22 2.5947182
2871 72 1.7383175
2872 2 2.926471
2872 13 2.3226047
2872 17 2.205196
2872 38 3.275493
2872 71 2.322565
2878 4 3.0582554
2878 7 3.6010547
2878 10 3.6172938
2878 40 2.386169
2878 59 2.5456953
2880 4 3.2915714
2880 17 2.432192
2880 20 3.545485
2880 34 2.32172
2880 48 3.115671
2888 2 2.5705523
2888 4 2.2559576
2888 11 2.4209993
2888 18 1.4400182
2888 32 2.2545395
2894 7 2.7599475
2894 13 2.0802639
2894 16 2.6034937
2894 23 2.830163
2894 39 1.0
2898 2 3.2588556
2898 9 3.7317586
2898 13 2.68607
2898 25 2.429828
2898 44 3.3742146
2899 1 3.7357545
2899 5 2.656284
2899 12 3.559692
2899 24 3.1535368
2899 66 2.827817
2907 2 3.0852153
2907 15 3.1936965
2907 20 3.4935398
2907 26 2.8616726
2907 66 3.8776734
2910 1 3.1974857
2910 7 3.5251787
2910 9 3.520077
2910 22 2.4907038
2910 36 2.6582701
2912 2 3.2830985
2912 9 4.2487516
2912 10 3.7725248
2912 43 2.3808377
2912 82 3.0341706
2917 3 3.556236
2917 15 3.1813781
2917 20 3.738144
2917 25 2.469236
2917 71 4.980548
2918 4 3.1602812
2918 15 3.1131527
2918 16 3.3413587
2918 30 2.6852853
2918 61 2.485484
2922 1 2.4728255
2922 15 1.8810633
2922 16 1.0
2922 21 2.432969
2922 31 1.6836145
2925 15 2.512915
2925 33 2.3655953
2925 44 3.0819159
2925 48 3.215095
2925 63 2.3464031
2928 1 1.911727
2928 18 1.715221
2928 20 3.2405777
2928 32 2.4458272
2928 51 1.801784
2930 2 2.6064065
2930 6 2.5803456
2930 8 2.7692237
2930 20 3.2056663
2930 49 2.2210119
2934 2 2.6948879
2934 18 1.4537814
2934 19 2.3689406
2934 24 2.2653077
2934 46 2.6021569
2938 1 2.698109
2938 10 3.0094697
2938 11 2.8345141
2938 18 1.5396143
2938 72 2.45932
2939 10 3.6581686
2939 15 3.0258315
2939 25 3.148878
2939 46 2.960797
2939 54 3.4101095
2951 2 3.4216273
2951 15 3.2026942
2951 16 3.4834883
2951 30 2.7309234
2951 52 2.60573
2954 1 3.1801748
2954 9 3.4120212
2954 19 2.3093991
2954 26 2.8674717
2954 63 1.9546239
2959 6 2.8442895
2959 14 3.2910757
2959 17 2.0047917
2959 21 3.268182
2959 54 3.523711
2960 2 2.8500838
2960 7 2.7697108
2960 8 2.6920931
2960 19 1.9943562
2960 36 1.9165806
2962 2 3.4546292
2962 9 3.8192534
2962 10 3.676692
2962 19 2.8031986
2962 34 2.64929
2965 10 3.3876696
2965 21 3.2355866
2965 23 3.1238697
2965 29 1.8364056
2965 48 3.3848567
2974 2 2.7512665
2974 8 2.5464406
2974 9 3.1510987
2974 20 3.2865663
2974 41 1.9241967
2976 1 2.7411902
2976 6 2.3324287
2976 7 2.4042635
2976 12 2.2924578
2976 32 2.539007
2977 1 3.1109285
2977 11 3.2289555
2977 12 3.0984235
2977 27 3.7670827
2977 68 2.6459699
2980 3 3.5614114
2980 11 3.2448857
2980 12 3.1831243
2980 14 3.116319
2980 65 2.426355
2982 2 3.4584458
2982 17 3.3481584
2982 18 3.0124943
2982 23 4.0680656
2982 62 3.6478696
2988 8 2.4168873
2988 15 1.8286939
2988 16 2.5759923
2988 25 1.0
2988 54 2.3911896
2990 7 3.6479826
2990 16 3.4272578
2990 23 3.3062277
2990 42 3.2618806
2990 64 3.0464845
2997 4 3.2541897
2997 18 2.392695
2997 19 2.7510467
2997 26 3.0831575
2997 52 2.540113
3008 7 1.6134706
3008 11 2.402032
3008 13 1.0352695
3008 24 1.6641588
3008 44 2.3886724
3014 5 3.013448
3014 9 3.881692
3014 21 3.5536299
3014 28 3.3635988
3014 59 2.923514
3023 1 3.8522706
3023 16 3.2194483
3023 17 2.2494617
3023 32 3.2792265
3023 64 3.0070615
3026 1 3.5195656
3026 3 3.9779086
3026 5 2.9615166
3026 14 3.498878
3026 25 2.6423635
3028 5 2.1325493
3028 12 2.835667
3028 17 1.569267
3028 21 2.3500242
3028 37 2.4586837
3041 5 2.2467506
3041 15 1.9691408
3041 16 2.8897984
3041 24 1.5060668
3041 32 2.4741125
3045 4 3.214856
3045 16 3.3310425
3045 19 2.5686564
3045 37 2.930125
3045 66 3.0334795
3055 2 3.1515734
3055 8 2.9043195
3055 10 3.4763613
3055 20 3.4593978
3055 50 3.2982974
3060 2 2.928359
3060 4 2.8059473
3060 11 3.0754104
3060 13 2.3649607
3060 31 2.2421334
3061 2 3.1238565
3061 5 2.45219
3061 7 2.8335934
3061 19 2.2775357
3061 53 2.000622
3065 1 3.5808635
3065 6 3.0090153
3065 27 3.3932602
3065 33 3.3025053
3065 62 3.7605143
3066 7 3.7492177
3066 15 2.8529444
3066 19 2.5767493
3066 24 2.6856325
3066 54 3.4266899
3072 4 2.7035713
3072 21 2.9531817
3072 22 2.8241026
3072 34 1.8793272
3072 82 1.9375128
3073 3 4.096826
3073 10 3.3474834
3073 14 3.5989761
3073 19 2.747975
3073 65 2.7503633
3075 6 1.3672929
3075 11 2.4796948
3075 16 2.62013
3075 19 1.854115
3075 48 2.7116878
3079 1 3.0110085
3079 6 2.7493124
3079 8 2.819993
3079 27 3.1152415
3079 47 2.4805908
3081 4 2.738739
3081 7 2.633645
3081 15 2.3649206
3081 20 3.2457983
3081 29 1.8496196
3082 1 2.7140038
3082 3 2.6157858
3082 7 2.3862166
3082 10 2.3548205
3082 46 2.34782
3084 1 2.7850764
3084 17 1.8617129
3084 27 2.6345615
3084 32 2.2183764
3084 62 2.1454017
3088 1 3.3485968
3088 4 3.1665063
3088 5 2.5721836
3088 20 3.8730843
3088 45 2.708805
3089 1 3.577707
3089 14 3.2705088
3089 15 3.719047
3089 30 2.8468492
3089 53 2.5611713
3098 1 3.4745193
3098 3 3.4801514
3098 10 3.8448331
3098 13 2.9056115
3098 36 2.46038
3107 5 2.6441593
3107 10 3.272931
3107 12 2.939268
3107 18 1.9442214
3107 43 2.007927
3108 1 3.1094053
3108 6 2.4962177
3108 9 3.091171
3108 16 2.9983435
3108 29 1.7800801
3109 1 2.8061857
3109 8 2.6743584
3109 9 3.3328454
3109 16 3.0094056
3109 40 2.3779788
3110 2 2.92769
3110 6 2.579173
3110 7 2.5199656
3110 13 1.9093304
3110 32 2.5992703
3112 1 3.4522686
3112 4 3.4837618
3112 11 3.4730108
3112 22 3.4365268
3112 31 2.7160044
3115 4 2.8378913
3115 6 2.5736916
3115 7 2.996066
3115 11 3.2282202
3115 32 2.7005296
3119 7 4.161787
3119 9 3.7780325
3119 15 3.9930768
3119 39 2.7665305
3119 64 3.4120522
3122 1 3.709383
3122 9 3.5577748
3122 13 2.182201
3122 21 3.37212
3122 61 1.9880724
3123 4 2.3338177
3123 7 2.673324
3123 14 2.319945
3123 22 2.517278
3123 53 1.801425
3133 1 2.9709857
3133 6 1.7051096
3133 8 2.480889
3133 16 2.8767662
3133 63 2.0627596
3135 2 3.2308416
3135 16 3.2883916
3135 24 2.487759
3135 30 2.493174
3135 45 2.6446438
3142 1 3.3386152
3142 9 3.6766436
3142 12 3.330213
3142 20 3.7707536
3142 44 3.1931503
3152 2 3.2830355
3152 7 3.1133704
3152 8 3.109864
3152 20 3.7170699
3152 29 2.2936785
3158 2 3.165982
3158 6 3.608241
3158 9 4.171406
3158 16 3.511735
3158 81 2.846725
3159 7 2.9888563
3159 13 2.2495606
3159 15 2.5372894
3159 22 2.8400195
3159 55 2.3415368
3160 3 3.5149384
3160 13 2.7529573
3160 16 3.5616822
3160 25 2.5346966
3160 54 3.3911693
3164 1 3.3702712
3164 11 3.194313
3164 16 3.7605586
3164 25 2.6377661
3164 40 2.9114344
3171 5 3.067507
3171 7 3.6623838
3171 10 3.5001292
3171 19 2.555717
3171 54 3.3556035
3174 7 3.1173387
3174 16 3.2500389
3174 18 2.1768506
3174 31 2.3434942
3174 50 2.0219545
3180 7 2.4646554
3180 10 2.977314
3180 12 2.6626444
3180 18 1.4378943
3180 61 1.2099378
3183 1 3.0649843
3183 6 2.3239403
3183 8 2.558937
3183 10 3.1836452
3183 14 2.8623953
3184 5 2.8961275
3184 8 3.1985695
3184 9 3.7643714
3184 21 3.4363093
3184 47 2.9319017
3190 2 2.5785067
3190 7 2.7049825
3190 10 3.0205593
3190 14 2.5729046
3190 80 2.6767077
3198 3 3.736393
3198 8 2.8896096
3198 9 3.4730062
3198 19 2.4370022
3198 47 2.8068943
3221 4 2.9418848
3221 8 2.5838315
3221 9 3.4422555
3221 15 2.6421092
3221 29 2.1555524
3226 6 2.8162806
3226 19 2.9149501
3226 22 3.3727052
3226 28 3.0046375
3226 64 2.7986603
3227 3 3.4833207
3227 8 3.3254614
3227 11 3.4898741
3227 16 3.9916081
3227 22 3.8417864
3235 2 3.4605203
3235 6 3.0454676
3235 7 3.1318977
3235 18 2.1716793
3235 29 2.373343
3237 3 2.9416685
3237 17 1.7182704
3237 20 3.1259732
3237 39 1.3665357
3237 71 2.1791205
3239 7 3.1079614
3239 22 3.2708578
3239 26 2.9527023
3239 30 2.5086913
3239 45 2.9426875
3249 4 2.3096263
3249 6 2.547346
3249 10 3.2221029
3249 17 2.1149015
3249 37 2.3593843
3256 1 2.8350334
3256 3 3.1855803
3256 8 2.760791
3256 18 1.7191015
3256 52 1.9682822
3272 1 3.2671437
3272 7 3.4414961
3272 11 3.239795
3272 15 2.9562805
3272 26 2.909387
3277 3 3.352213
3277 7 3.1938534
3277 9 3.5016894
3277 15 2.8543503
3277 62 3.5623524
3278 6 2.519978
3278 22 2.813656
3278 23 3.1658843
3278 26 2.7101078
3278 44 2.940959
3279 2 2.6527357
3279 10 2.2353802
3279 12 2.4299333
3279 14 1.4913883
3279 26 1.9286683
3285 5 2.3454928
3285 13 2.7165246
3285 14 2.8113434
3285 21 2.6936193
3285 35 2.0970786
3286 2 2.8881161
3286 4 2.5235255
3286 19 1.7334807
3286 23 2.9256194
3286 37 2.483047
3289 5 3.0085335
3289 14 3.442949
3289 16 3.5928142
3289 22 3.2866707
3289 73 3.0635006
3294 5 2.5194404
3294 9 3.3766239
3294 11 2.875861
3294 22 2.6455321
3294 43 1.7381958
3296 8 2.8717241
3296 13 2.5555363
3296 14 3.3884215
3296 19 2.7579625
3296 54 3.192532
3298 5 1.0
3298 8 2.046545
3298 10 2.4959643
3298 27 2.4244416
3298 42 1.4522207
3299 1 3.5716536
3299 8 3.012138
3299 32 3.0783427
3299 40 3.2804337
3299 58 3.19724
3309 1 2.906038
3309 10 3.053698
3309 16 2.727683
3309 23 2.9901395
3309 35 1.3663242
3310 9 3.374588
3310 11 2.9890025
3310 12 3.0747254
3310 21 3.1756377
3310 32 2.6916652
3316 2 2.8468983
3316 8 2.6740394
3316 9 3.11936
3316 14 2.640021
3316 31 1.8414993
3318 2 2.9856339
3318 13 2.6107466
3318 20 3.5263884
3318 33 2.552104
3318 70 1.0
3319 1 3.2990868
3319 8 3.0176728
3319 12 3.4548647
3319 19 2.4178104
3319 37 2.81656
3320 5 2.1206996
3320 10 2.8102207
3320 13 2.1876106
3320 21 2.8311374
3320 32 2.390619
3337 1 2.550068
3337 6 2.0085351
3337 12 2.4706075
3337 22 2.2590842
3337 58 2.469186
3339 4 3.1263027
3339 11 3.2769816
3339 13 2.4399424
3339 18 2.3200104
3339 26 2.9851105
3356 9 3.4228938
3356 13 2.6370595
3356 18 2.1272075
3356 24 2.2710586
3356 75 2.507911
3370 1 3.052297
3370 4 2.74075
3370 11 2.9866421
3370 19 1.9552047
3370 51 2.553283
3372 6 3.0177133
3372 16 2.9238808
3372 20 3.5164723
3372 23 3.06587
3372 40 2.267706
3378 8 2.6438215
3378 11 2.8181927
3378 14 2.6805615
3378 27 2.8336632
3378 43 1.8520403
3386 3 3.663624
3386 14 3.4233673
3386 16 3.4818287
3386 27 3.4803016
3386 63 3.0492384
3388 1 2.9843667
3388 7 2.850826
3388 8 2.8181658
3388 16 2.7546341
3388 37 2.4217577
3390 2 3.499
3390 7 3.1762323
3390 12 3.390293
3390 18 2.09734
3390 47 2.7456608
3395 1 3.2618687
3395 9 3.8452907
3395 10 3.7043245
3395 14 3.1682632
3395 21 3.3579073
3406 3 2.4937596
3406 13 1.5597479
3406 14 2.4995656
3406 29 1.4684666
3406 70 1.6006079
3408 3 3.273725
3408 10 3.2993894
3408 15 2.7095103
3408 29 2.048746
3408 45 2.6630814
3414 5 2.1456177
3414 10 3.2350585
3414 12 2.8960176
3414 25 1.9054704
3414 56 1.9476013
3421 2 3.0252514
3421 8 2.7715766
3421 11 2.996797
3421 17 2.3501828
3421 76 2.431573
3427 5 1.6499758
3427 9 2.8349867
3427 20 2.5219915
3427 30 2.0469303
3427 64 1.6898526
3440 2 2.6741087
3440 5 2.2863958
3440 6 3.0902002
3440 9 3.3682466
3440 36 1.4704114
3449 4 3.00395
3449 8 2.9334016
3449 12 3.1429982
3449 23 3.340803
3449 73 1.0
3451 1 3.729709
3451 4 3.465374
3451 5 2.7706401
3451 20 3.726376
3451 49 3.2484808
3455 2 2.780628
3455 9 3.1495187
3455 16 2.6390843
3455 25 1.2451657
3455 52 1.4232625
3462 2 2.725111
3462 8 2.321225
3462 13 1.8929712
3462 22 2.9613569
3462 63 2.1188889
3464 1 3.0313668
3464 10 2.6727355
3464 11 2.7618036
3464 14 2.695562
3464 48 2.7174761
3465 1 2.4263308
3465 8 2.412082
3465 11 2.8302495
3465 15 2.4538624
3465 32 2.4921367
3469 2 3.1547122
3469 9 3.7685783
3469 10 3.489505
3469 27 3.2504122
3469 60 2.0025673
3481 1 2.813053
3481 4 2.4924004
3481 8 2.6120336
3481 14 1.7252656
3481 48 2.81164
3489 7 2.9431646
3489 13 2.3552208
3489 15 2.608428
3489 47 2.4353602
3489 67 2.7991817
3500 5 2.7548714
3500 13 2.802558
3500 16 3.1486201
3500 27 3.24287
3500 42 3.6418009
3504 4 2.2834396
3504 15 2.1866636
3504 21 2.2369416
3504 34 1.8085945
3504 55 1.921764
3506 2 2.66171
3506 9 3.0984046
3506 23 3.1367223
3506 25 2.1629298
3506 38 3.285377
3513 4 2.9792833
3513 7 3.5391676
3513 9 3.998181
3513 15 2.6782866
3513 56 2.7564683
3533 2 3.230895
3533 6 3.368459
3533 11 3.410555
3533 27 3.3277087
3533 71 4.711152
3536 4 2.6785603
3536 7 2.6326735
3536 18 1.7081846
3536 25 2.0005865
3536 42 2.9920006
3558 4 2.9010959
3558 10 3.1526375
3558 12 3.0209465
3558 25 2.1932392
3558 53 1.9592144
3560 1 3.3893468
3560 3 3.829679
3560 6 3.4323926
3560 12 3.3023617
3560 49 2.9134414
3565 4 2.8659165
3565 13 2.7503374
3565 14 2.8256612
3565 32 2.8783255
3565 40 2.639347
3573 4 2.4607074
3573 15 2.4067342
3573 16 2.2784672
3573 29 1.6527549
3573 83 1.5060922
3589 1 3.3948903
3589 6 2.7974293
3589 10 3.2250028
3589 21 2.9861214
3589 48 3.239119
3600 7 2.5613801
3600 10 2.7633543
3600 14 2.228133
3600 21 2.521401
3600 60 1.0
3601 5 2.4068606
3601 9 3.8072362
3601 11 3.1692908
3601 19 2.565427
3601 64 2.2780507
3611 1 3.2514887
3611 8 3.2737503
3611 11 3.1589935
3611 17 2.4374275
3611 43 2.081275
3613 1 3.101996
3613 8 2.6635787
3613 11 2.8152838
3613 14 2.8015513
3613 74 2.3398712
3617 1 3.0335927
3617 7 3.04059
3617 13 2.3616831
3617 19 2.3614001
3617 57 2.1819332
3620 4 2.8482847
3620 11 3.1932144
3620 14 3.126225
3620 23 3.4825246
3620 79 5.0
3622 1 3.5772104
3622 12 3.901082
3622 20 3.8286414
3622 28 3.587603
3622 36 2.9488363
3625 5 3.5339794
3625 10 3.6844707
3625 13 3.3742557
3625 37 3.1069791
3625 49 3.6773677
3634 3 3.39273
3634 20 3.722828
3634 21 2.9392514
3634 34 2.257161
3634 63 2.4982264
3635 3 3.3447242
3635 10 3.0689006
3635 11 2.8232095
3635 20 3.0249336
3635 51 2.6288922
3637 5 2.6430387
3637 15 2.7559419
3637 16 3.3411794
3637 24 2.6596842
3637 59 5.0
3643 1 2.4344347
3643 9 3.2939367
3643 15 1.7275634
3643 23 3.0093184
3643 43 1.72919
3644 7 3.0128856
3644 15 2.7391045
3644 19 2.4740167
3644 27 3.1248631
3644 51 2.5128682
3647 2 3.5349677
3647 12 3.590903
3647 14 3.4657636
3647 19 2.883537
3647 38 3.813957
3652 4 2.8274074
3652 6 2.5344799
3652 7 2.807591
3652 18 1.8370925
3652 29 1.9694225
3654 2 2.830586
3654 7 2.7918122
3654 9 3.1733887
3654 23 2.8938806
3654 45 2.371726
3655 2 2.9122775
3655 5 2.388388
3655 10 2.3867934
3655 41 1.9179837
3655 71 2.2435112
3657 1 3.3979433
3657 10 3.5640004
3657 11 3.178026
3657 19 2.6455414
3657 59 5.0
3668 2 3.071701
3668 5 2.930685
3668 8 2.9206886
3668 17 2.7331011
3668 46 2.8681195
3677 1 3.3953042
3677 3 3.6069498
3677 9 3.9573965
3677 14 3.6509833
3677 33 2.659489
3680 1 3.2550159
3680 12 3.1428719
3680 15 2.6519969
3680 18 2.1514442
3680 36 2.411691
3685 2 3.0904937
3685 7 2.8624902
3685 26 2.7828083
3685 35 3.0624518
3685 48 4.090356
3690 3 4.134373
3690 21 3.362594
3690 24 2.6815403
3690 34 2.5381687
3690 45 2.9380732
3693 4 2.7453198
3693 7 2.9000118
3693 8 2.5336995
3693 11 2.957235
3693 35 2.553839
3703 2 2.831977
3703 5 2.2953508
3703 7 2.5905983
3703 13 2.1322286
3703 37 2.5298018
3705 6 2.8205578
3705 14 3.059588
3705 16 2.9573524
3705 22 2.898833
3705 63 1.4236935
3710 2 2.7945938
3710 4 2.8615289
3710 8 2.8311036
3710 15 2.3595748
3710 19 2.4322522
3721 1 2.958394
3721 4 2.4421692
3721 8 2.6147554
3721 29 1.7409691
3721 65 1.9518018
3728 2 3.5926864
3728 6 3.3718896
3728 8 3.0628092
3728 15 2.9054263
3728 34 2.8723488
3733 4 2.3288355
3733 11 2.424109
3733 13 1.6385996
3733 21 3.126244
3733 52 1.9246686
3748 3 3.1352837
3748 20 2.5082126
3748 40 2.3328333
3748 43 1.9502362
3748 54 2.9213436
3752 6 2.4154077
3752 12 3.0364137
3752 14 2.7366889
3752 24 2.6267152
3752 39 1.820467
3782 3 3.6779191
3782 10 3.5765927
3782 12 3.470108
3782 27 3.3041167
3782 49 2.5087552
3785 4 3.0930407
3785 18 2.1559708
3785 22 3.044532
3785 32 3.1080594
3785 71 2.630416
3791 4 2.4676402
3791 6 2.3177066
3791 7 2.435136
3791 15 1.4028733
3791 34 1.5764261
3796 1 3.5780194
3796 5 2.688142
3796 16 3.5598636
3796 27 3.6061337
3796 47 2.7049448
3799 4 3.654873
3799 15 2.7519584
3799 20 3.1234355
3799 30 2.4018083
3799 50 2.486692
3809 2 2.9684556
3809 12 2.976496
3809 13 2.0065007
3809 27 3.2090392
3809 42 2.7337599
3810 5 2.7577827
3810 7 3.406587
3810 9 4.144293
3810 15 2.826056
3810 33 2.7730205
3827 3 3.7189217
3827 20 3.839937
3827 22 3.6068225
3827 36 2.9065514
3827 50 2.4013953
3830 2 3.2483108
3830 7 3.1592894
3830 14 3.3705611
3830 19 2.6941514
3830 34 2.4108546
3836 5 2.1835997
3836 10 3.2308598
3836 12 2.938655
3836 17 2.0816412
3836 50 1.8371159
3838 3 3.863661
3838 5 2.6029708
3838 7 3.1694195
3838 16 3.352285
3838 39 2.834734
3839 1 3.5634022
3839 6 3.0637543
3839 11 3.2112944
3839 16 3.345658
3839 31 2.5767758
3842 5 2.445714
3842 7 2.95461
3842 9 3.3301103
3842 16 3.1459622
3842 25 2.2355242
3845 3 3.2987013
3845 12 3.0308702
3845 14 3.1549675
3845 22 3.1332593
3845 37 2.7461064
3846 9 3.6771717
3846 18 2.2484813
3846 22 3.4729037
3846 31 2.6151083
3846 55 2.91861
3850 2 3.3515892
3850 13 2.7182794
3850 17 2.6425033
3850 23 3.3446202
3850 51 2.8655002
3854 6 2.9378512
3854 10 3.530101
3854 11 3.2950966
3854 27 3.5953708
3854 34 2.4258108
3859 5 3.1461167
3859 9 3.7099874
3859 20 3.578077
3859 34 2.3337116
3859 50 2.1682718
3874 4 2.7385423
3874 8 2.8182151
3874 16 3.377767
3874 26 2.7371905
3874 62 3.228579
3883 1 3.274807
3883 7 2.8347058
3883 8 2.8176541
3883 16 3.0812027
3883 34 1.8775289
3885 1 2.4503858
3885 13 1.7109966
3885 14 2.509968
3885 25 1.9735945
3885 51 2.3860009
3909 1 2.843379
3909 7 2.1567516
3909 8 2.3338635
3909 23 2.6285532
3909 42 2.5038018
3913 4 2.8491426
3913 6 2.9021926
3913 11 3.1077733
3913 18 2.2755487
3913 38 3.4544678
3923 3 3.0760798
3923 5 2.3585455
3923 6 1.1162382
3923 51 2.420831
3923 75 1.2288134
3932 1 3.147452
3932 5 3.5465531
3932 8 2.7081099
3932 17 2.7330577
3932 30 2.3714454
3934 2 2.9852445
3934 12 3.1410675
3934 17 2.5419788
3934 23 3.2811015
3934 71 4.406673
3940 3 3.0222442
3940 9 3.2323115
3940 10 3.2028754
3940 24 1.7343421
3940 36 1.6996144
3942 2 2.6592488
3942 8 2.3648655
3942 11 2.0981534
3942 21 2.6553178
3942 49 1.0
3948 3 3.4494953
3948 16 3.4493897
3948 22 3.0100088
3948 26 3.613696
3948 64 2.958852
3953 1 2.8726578
3953 14 2.8246145
3953 23 2.8654234
3953 28 2.6345525
3953 52 2.2043707
3957 2 3.0383267
3957 8 2.769917
3957 16 3.7772846
3957 33 2.6067982
3957 54 3.1536357
3961 3 3.075815
3961 7 2.6116607
3961 8 2.5863137
3961 13 1.7672176
3961 30 1.8837289
3962 3 3.357451
3962 9 3.4422677
3962 18 1.8993832
3962 30 2.843764
3962 64 2.5953202
3967 6 2.103218
3967 12 2.6769528
3967 13 1.7831813
3967 20 2.7044811
3967 25 1.1256173
3975 1 3.0331817
3975 6 2.1395214
3975 9 3.1366353
3975 16 3.7960007
3975 61 1.37376
3976 1 3.0510204
3976 6 2.4467754
3976 9 3.3712294
3976 14 2.9553223
3976 28 2.82485
3986 3 3.8026118
3986 7 3.4314592
3986 8 3.3158932
3986 16 3.5977318
3986 54 3.5716243
3988 3 3.8457377
3988 8 3.359019
3988 15 3.1939986
3988 28 3.4067278
3988 51 3.108793
3993 1 3.8650806
3993 4 3.6536646
3993 6 3.131298
3993 11 3.4470963
3993 32 3.2497644
3995 3 3.634498
3995 15 2.741736
3995 22 2.9098022
3995 26 2.855638
3995 73 2.745336
4000 4 2.7750473
4000 9 3.2427938
4000 14 3.0148158
4000 35 2.591588
4000 66 3.0218382
4005 1 3.3852904
4005 5 2.5342717
4005 12 3.212234
4005 23 3.1639788
4005 39 3.032846
4007 2 3.827138
4007 6 3.054335
4007 9 3.7398257
4007 18 2.273212
4007 37 3.0298116
4014 2 2.698471
4014 25 1.4356322
4014 33 2.0501614
4014 37 2.2504344
4014 41 1.831825
4017 4 2.7816405
4017 8 3.103483
4017 11 3.2290807
4017 14 3.2491956
4017 30 2.849353
4025 2 3.0678506
4025 8 2.8876686
4025 9 3.2799308
4025 13 2.6730678
4025 31 2.459999
4027 6 2.7464232
4027 10 3.4061096
4027 11 3.0904968
4027 16 3.1312072
4027 39 2.5785801
4037 7 3.4617622
4037 12 4.0649567
4037 13 3.0445845
4037 21 4.0723033
4037 28 3.3905187
4045 2 3.615139
4045 13 2.9065938
4045 17 3.1037061
4045 27 3.6289346
4045 35 3.109703
4047 7 3.3000302
4047 9 3.8132293
4047 13 2.8866472
4047 33 2.7917519
4047 42 3.3452628
4051 9 3.1783369
4051 18 1.7774903
4051 21 2.4265485
4051 31 1.7802615
4051 47 2.3320494
4055 3 3.6429758
4055 6 3.0124424
4055 29 2.5951748
4055 35 3.2067924
4055 46 3.6939073
4056 1 3.7252483
4056 10 4.1590176
4056 11 3.5650475
4056 19 2.8785737
4056 32 3.6933575
4057 7 3.3899336
4057 14 3.3979897
4057 16 3.637309
4057 21 3.231864
4057 45 3.0018244
4058 1 3.429613
4058 5 3.196549
4058 6 2.8614912
4058 17 2.4782307
4058 38 3.58282
4063 7 4.069551
4063 22 3.1806383
4063 26 3.0509162
4063 32 3.096238
4063 37 3.06481
4064 5 2.8151689
4064 12 3.484975
4064 13 2.480485
4064 20 3.6833472
4064 63 2.6089141
4067 5 2.5366902
4067 12 3.1728854
4067 13 2.4479935
4067 16 3.1796288
4067 37 2.7108366
4076 5 2.086657
4076 8 1.8265257
4076 9 3.3589466
4076 25 1.4660625
4076 59 2.21146
4093 2 3.159359
4093 9 3.5217042
4093 12 3.151143
4093 17 1.9357677
4093 27 3.3412685
4098 2 4.104327
4098 14 3.306494
4098 17 2.6072373
4098 25 2.447356
4098 83 3.3162074
4108 4 3.085368
4108 9 3.5030959
4108 10 2.8295536
4108 25 2.1495352
4108 52 2.1609528
4112 6 2.703157
4112 9 4.028326
4112 11 3.0191765
4112 17 2.3131776
4112 48 3.2367363
4113 2 2.1459801
4113 7 2.6726649
4113 14 2.70528
4113 18 1.0
4113 39 2.1014097
4120 1 2.6451638
4120 19 2.103767
4120 20 3.4651406
4120 24 2.2836373
4120 48 3.2294664
4123 1 2.9249992
4123 10 2.72659
4123 11 2.566348
4123 22 2.15548
4123 37 2.2544448
4130 2 2.729303
4130 6 2.6899924
4130 15 2.0553687
4130 19 2.2784877
4130 70 2.451902
4134 3 3.783732
4134 10 3.7202537
4134 22 3.2727084
4134 38 3.7771802
4134 95 2.4969778
4139 2 3.1028159
4139 10 4.0178776
4139 11 3.6469512
4139 16 3.4246168
4139 58 2.904874
4142 6 2.8336687
4142 13 2.7934332
4142 20 3.605273
4142 31 2.5325365
4142 67 2.9270222
4143 5 1.4006591
4143 12 2.4274232
4143 13 2.1520495
4143 24 2.011922
4143 57 1.6655582
4145 2 3.6066089
4145 11 3.2572746
4145 12 3.2834513
4145 32 3.2550073
4145 39 2.8916578
4153 2 2.8568685
4153 10 3.0379248
4153 23 3.0155425
4153 36 1.5297574
4153 42 2.6668572
4162 4 3.1299021
4162 15 2.7588058
4162 17 2.3184955
4162 31 2.4026783
4162 73 5.0
4169 1 3.2401264
4169 9 3.4762452
4169 12 2.9991906
4169 26 2.0461583
4169 52 2.2961967
4185 4 2.971571
4185 26 2.5702548
4185 27 2.8790557
4185 44 1.5215576
4185 68 1.611743
4189 2 2.7906237
4189 8 2.439103
4189 16 3.0363448
4189 21 2.9677515
4189 72 2.6506717
4190 1 4.1107183
4190 9 3.6333847
4190 12 3.6651824
4190 17 2.4751039
4190 65 2.4466975
4193 3 2.876216
4193 13 2.0062282
4193 18 1.7305591
4193 34 1.4121481
4193 76 1.0
4201 1 3.448278
4201 7 3.0568128
4201 16 3.2079415
4201 19 2.469005
4201 50 2.1814535
4202 7 2.5992484
4202 17 2.1281848
4202 25 2.1339784
4202 41 1.933486
4202 52 2.0268137
4204 6 2.9749353
4204 22 2.9399753
4204 25 2.3577108
4204 34 2.4037843
4204 64 2.6520684
4211 3 3.875273
4211 5 2.670142
4211 10 3.6631541
4211 20 3.77193
4211 33 2.362426
4214 2 3.1787493
4214 12 3.5104835
4214 27 3.63895
4214 30 2.9692855
4214 58 2.9172122
4220 2 2.9682803
4220 5 1.9960848
4220 16 3.0224218
4220 20 3.34066
4220 45 2.4822514
4227 1 3.2095501
4227 8 2.830593
4227 14 3.3124156
4227 22 3.2800856
4227 49 2.5717287
4234 1 3.0213134
4234 9 3.139898
4234 11 2.6856039
4234 16 2.6270027
4234 44 2.8065145
4235 1 3.0395265
4235 7 3.0856943
4235 8 2.5794098
4235 14 2.81323
4235 37 3.0591998
4239 1 2.740956
4239 16 2.7643096
4239 23 2.8441508
4239 30 2.1286595
4239 78 1.0
4240 2 3.0431304
4240 10 3.1877587
4240 12 3.3367703
4240 25 2.1254637
4240 52 2.1032248
4245 8 2.9053001
4245 11 3.1915023
4245 15 3.0320983
4245 24 2.3314943
4245 74 3.0165327
4246 3 3.9054265
4246 6 3.1039517
4246 7 3.763452
4246 9 3.6371353
4246 25 2.297765
4247 2 3.372484
4247 13 2.4821808
4247 19 2.3760707
4247 38 3.7045844
4247 72 2.7843673
4257 1 3.3018105
4257 6 2.7442608
4257 12 3.3078156
4257 38 3.4413497
4257 68 2.967454
4258 26 3.5988202
4258 29 2.2025633
4258 34 2.311399
4258 59 2.038553
4258 73 2.7674255
4261 1 3.1931784
4261 11 2.7458463
4261 15 2.2723129
4261 29 1.8652588
4261 71 2.4993515
4273 7 3.098542
4273 13 2.5914576
4273 18 2.0534143
4273 40 2.4985726
4273 62 3.5103688
4282 1 3.3837066
4282 4 3.344903
4282 9 3.709945
4282 21 3.7561781
4282 38 3.95776
4284 1 2.9277897
4284 14 2.8534086
4284 21 2.9423707
4284 33 2.2034218
4284 73 2.3926835
4290 2 3.1509035
4290 6 2.8142729
4290 9 3.3875966
4290 15 2.5575588
4290 31 2.6175313
4295 3 3.5453815
4295 10 3.5304937
4295 13 2.5723352
4295 29 2.012937
4295 91 1.2948477
4302 1 2.6176872
4302 13 2.5752468
4302 23 3.0576065
4302 29 2.8040805
4302 49 2.3206728
4310 10 3.1008997
4310 14 2.5860949
4310 17 1.5119324
4310 24 2.0624707
4310 69 1.0
4311 2 3.3228807
4311 12 3.3436267
4311 19 2.787533
4311 25 2.644908
4311 62 3.7719624
4326 8 2.7723117
4326 16 3.4025261
4326 21 3.3630042
4326 31 2.4774547
4326 57 2.0807867
4329 1 2.647476
4329 10 2.7222679
4329 13 1.7915175
4329 41 1.3219743
4329 86 1.7231295
4336 1 3.5299609
4336 7 3.2142136
4336 15 2.9479432
4336 19 2.261447
4336 42 3.219325
4337 3 3.5558486
4337 14 2.6489356
4337 27 3.134982
4337 50 2.078568
4337 77 2.9580207
4358 2 2.9095378
4358 8 2.840409
4358 10 3.2927618
4358 16 3.2264173
4358 68 2.4072886
4361 2 2.8750715
4361 6 2.56584
4361 11 2.776388
4361 22 2.702401
4361 58 2.6623883
4363 1 3.2853622
4363 7 2.8495781
4363 14 3.119277
4363 21 2.9025753
4363 60 1.7644297
4365 2 4.062683
4365 18 2.248718
4365 22 3.0871685
4365 35 3.3121321
4365 56 2.4989989
4367 3 2.854554
4367 15 2.0034087
4367 19 1.6692286
4367 28 2.2833223
4367 39 1.0
4381 3 3.5536926
4381 7 3.7970445
4381 10 3.5369358
4381 21 3.8301215
4381 34 2.442493
4393 7 3.5744996
4393 10 3.3417573
4393 11 3.1368337
4393 13 2.9753723
4393 39 2.5569828
4397 6 2.4139433
4397 18 1.5503292
4397 22 2.6544847
4397 26 2.1225972
4397 49 2.091519
4398 2 3.5170841
4398 9 4.0151753
4398 13 2.5819213
4398 22 2.9829397
4398 51 2.8696282
4399 1 3.3146784
4399 7 3.8698258
4399 18 2.7831578
4399 21 3.3664398
4399 35 2.971915
4406 2 2.8136723
4406 10 2.8991966
4406 21 3.1362064
4406 35 2.672631
4406 79 1.0
4413 4 2.8951776
4413 15 2.0378532
4413 19 1.9594171
4413 26 2.5011613
4413 36 1.0
4419 3 3.628142
4419 11 2.9497313
4419 21 2.9701319
4419 32 2.8229492
4419 59 1.0
4423 6 3.0770168
4423 10 3.8698788
4423 11 3.2557235
4423 20 3.795454
4423 95 2.7648997
4430 2 3.0012765
4430 11 3.1341226
4430 14 3.028756
4430 23 3.3847117
4430 78 1.2129596
4433 1 3.2666328
4433 5 2.7536068
4433 7 3.1048303
4433 14 3.075729
4433 46 2.751515
4445 2 2.4337368
4445 8 2.7462592
4445 9 3.1938798
4445 21 2.7394075
4445 38 3.116334
4446 1 3.2546084
4446 15 3.1712296
4446 16 3.4945478
4446 53 2.6619923
4446 69 2.7174714
4450 1 2.7217565
4450 10 3.015591
4450 12 2.6572044
4450 22 2.583869
4450 31 2.0569706
4466 4 2.7504015
4466 14 2.8066945
4466 15 2.5097005
4466 27 2.9728372
4466 46 2.5607488
4490 2 2.8874676
4490 11 2.9409575
4490 14 2.83573
4490 25 2.0929193
4490 43 2.1784217
4492 1 3.5940306
4492 4 2.9016924
4492 9 3.710106
4492 12 3.471197
4492 20 3.447208
4497 3 3.4000158
4497 11 3.038124
4497 15 2.1633325
4497 23 2.7436314
4497 55 2.0810606
4501 3 3.4892812
4501 5 2.492415
4501 6 2.9676828
4501 33 2.5085795
4501 53 2.3015537
4502 3 2.9624996
4502 6 2.4682374
4502 17 2.047952
4502 25 1.9425871
4502 84 5.0
4505 2 2.7450352
4505 15 2.3215408
4505 17 1.56601
4505 19 1.5677962
4505 36 1.6874944
4509 2 3.0735927
4509 8 3.0498693
4509 16 3.479064
4509 20 3.71945
4509 59 2.4424639
4517 5 1.801927
4517 12 2.8920476
4517 14 2.571511
4517 36 2.0851102
4517 64 1.625343
4532 8 3.0818124
4532 12 3.2274263
4532 13 2.6442106
4532 25 2.492914
4532 39 2.5510182
4558 4 3.4114225
4558 10 3.4082458
4558 13 2.4329648
4558 30 4.686653
4558 75 3.252685
4564 2 3.1455953
4564 9 3.5031416
4564 11 2.8912609
4564 16 3.180162
4564 52 2.0988183
4569 7 3.3877716
4569 15 3.662459
4569 18 2.8222096
4569 28 3.2719717
4569 53 3.4734955
4584 7 2.892632
4584 11 3.2623067
4584 14 2.929854
4584 27 3.0977988
4584 60 1.8603116
4586 1 2.8924968
4586 16 3.0437567
4586 22 2.725353
4586 25 2.1300938
4586 53 2.1006086
4587 1 3.3563073
4587 9 3.6447809
4587 10 3.4564526
4587 24 2.5929294
4587 48 3.5942988
4589 1 3.0332308
4589 9 3.4484715
4589 16 3.4576542
4589 21 3.0729473
4589 65 2.212446
4594 1 3.0558825
4594 3 3.3714151
4594 5 2.975365
4594 9 3.4466553
4594 39 2.3142173
4600 7 3.2610548
4600 11 3.103767
4600 13 2.5958757
4600 35 2.8354845
4600 61 2.2813914
4603 1 3.4807906
4603 11 3.743514
4603 16 3.904265
4603 20 3.8725379
4603 35 3.1684535
4607 7 3.3694558
4607 13 2.793167
4607 15 3.088869
4607 24 2.7504597
4607 55 2.8848338
4608 1 3.608571
4608 5 2.9629283
4608 10 3.6886108
4608 41 2.5558836
4608 67 2.7738807
4609 1 3.3511856
4609 7 3.6230788
4609 10 3.6671987
4609 17 2.4013805
4609 49 2.3949256
4611 4 2.5257554
4611 9 2.5758986
4611 21 2.5769844
4611 29 1.1740799
4611 54 2.6575234
4614 2 2.9819965
4614 11 3.0226462
4614 13 2.5558465
4614 24 2.3237808
4614 40 2.6577907
4622 2 1.5781695
4622 5 2.237682
4622 6 2.5301967
4622 21 2.2181163
4622 48 2.5622404
4630 2 3.623486
4630 7 3.2271984
4630 8 3.4475522
4630 26 3.0868998
4630 77 3.511065
4633 6 2.484275
4633 17 2.1457138
4633 20 3.1658099
4633 31 2.255782
4633 51 2.306877
4637 3 3.383665
4637 5 2.0926404
4637 6 2.5678334
4637 9 3.395507
4637 45 2.756396
4645 1 3.4535975
4645 9 3.7100246
4645 10 3.5925248
4645 13 2.5444946
4645 62 3.733354
4649 6 2.8979158
4649 9 4.144508
4649 20 3.7625177
4649 37 2.8754833
4649 64 2.4166412
4658 4 3.300475
4658 6 2.741938
4658 7 3.0473194
4658 31 2.7992265
4658 51 2.5474086
4671 3 3.7111914
4671 8 3.155247
4671 13 2.7075565
4671 31 2.7431948
4671 54 4.2021713
4674 6 2.655459
4674 8 2.8673813
4674 11 2.8694577
4674 17 2.2273705
4674 41 2.141156
4678 1 2.3514092
4678 21 2.6114728
4678 23 2.8376458
4678 28 2.5203922
4678 34 1.7590665
4685 5 3.2330117
4685 15 2.7816012
4685 22 3.0359607
4685 37 3.289251
4685 70 2.887091
4688 4 3.0376039
4688 7 3.605657
4688 10 3.5267196
4688 14 2.9789298
4688 29 2.1658783
4692 3 3.3193436
4692 14 2.9101577
4692 15 2.385914
4692 18 1.980271
4692 43 1.8842106
4701 1 3.5827417
4701 18 2.243599
4701 23 3.7443542
4701 27 3.694284
4701 63 3.342152
4706 1 3.380006
4706 6 3.308075
4706 7 3.1878648
4706 15 2.8893428
4706 35 2.9882443
4709 5 2.8396592
4709 9 4.009893
4709 12 3.3685443
4709 42 3.381008
4709 52 2.7134628
4711 1 2.6660283
4711 5 2.3919747
4711 9 3.4258006
4711 15 2.70233
4711 42 3.0860982
4716 1 3.5946116
4716 17 2.3675308
4716 21 3.2834568
4716 39 2.5754397
4716 53 2.3195858
4722 1 3.8130534
4722 13 2.4096384
4722 16 3.2770517
4722 28 3.207936
4722 63 3.051373
4726 1 3.118273
4726 8 2.6278057
4726 12 2.6659336
4726 31 2.2282393
4726 39 2.224756
4730 3 3.7772489
4730 20 3.6008604
4730 27 3.9597545
4730 30 2.9989557
4730 56 2.513783
4734 3 3.2712746
4734 6 2.5557082
4734 7 3.0441618
4734 19 2.9125295
4734 27 3.1298745
4744 2 2.9711623
4744 5 2.4039462
4744 6 1.9592509
4744 22 2.7373695
4744 39 2.318697
4745 1 4.0037503
4745 5 2.856151
4745 13 3.054481
4745 21 3.4379604
4745 44 3.4343529
4756 1 3.15526
4756 8 2.90819
4756 9 3.2064312
4756 22 2.5694323
4756 39 2.4600608
4757 3 3.229269
4757 15 2.640877
4757 18 1.9428475
4757 23 3.0579495
4757 32 2.8692198
4766 3 2.9629374
4766 9 2.752256
4766 11 2.7286246
4766 20 2.6833205
4766 51 2.0681524
4768 3 3.3817506
4768 6 2.477716
4768 8 2.9507048
4768 18 2.0419009
4768 31 2.3143098
4770 1 3.6067193
4770 9 3.8293204
4770 11 3.4449766
4770 16 3.5453572
4770 63 2.8920074
4771 5 2.3929327
4771 9 3.4032984
4771 10 3.4597318
4771 30 2.704409
4771 56 2.1565917
4778 2 2.976779
4778 8 2.8234012
4778 14 3.2564633
4778 21 2.9541147
4778 35 2.706641
4781 9 3.560719
4781 14 3.3675923
4781 18 2.3964937
4781 21 3.2256703
4781 73 3.663164
4783 4 3.3813152
4783 11 3.3467743
4783 12 3.8581414
4783 15 3.0025265
4783 39 2.597599
4799 2 3.2209086
4799 5 2.7817216
4799 6 2.9576826
4799 24 2.840616
4799 34 2.7333682
4801 7 2.6938155
4801 14 2.7502677
4801 16 2.8237095
4801 27 2.9952638
4801 48 3.004974
4818 2 2.570282
4818 20 3.317113
4818 23 2.796584
4818 33 1.2840736
4818 48 2.8922665
4821 2 3.1824846
4821 5 2.608496
4821 16 3.2532384
4821 24 2.746623
4821 69 3.026236
4827 1 3.0194972
4827 10 3.0545619
4827 19 1.8174456
4827 24 2.15346
4827 66 4.014678
4836 3 3.2498956
4836 9 3.5923119
4836 10 3.6725202
4836 36 2.2455807
4836 47 1.0
4838 2 3.5363088
4838 13 2.0523505
4838 25 2.1492283
4838 27 3.0290563
4838 34 2.1466258
4853 1 3.240922
4853 4 2.5821514
4853 9 3.4604564
4853 14 2.855707
4853 31 2.3092465
4861 2 3.256914
4861 5 2.6789484
4861 14 3.3473337
4861 27 3.353141
4861 49 2.7721565
4869 5 2.2867525
4869 26 2.9331653
4869 31 2.384515
4869 42 3.0482233
4869 67 2.2311532
4871 3 3.1738048
4871 7 2.9970574
4871 12 3.3189056
4871 17 2.1351848
4871 80 2.2834496
4874 2 2.8921309
4874 9 3.069138
4874 12 2.7539115
4874 17 2.1400464
4874 21 2.7530692
4876 3 3.1344786
4876 9 3.321229
4876 10 3.6093202
4876 14 2.782437
4876 66 2.513723
4891 3 3.7107944
4891 6 2.9466643
4891 7 3.1130168
4891 29 2.3542974
4891 72 2.4073524
4905 3 3.531839
4905 14 3.1415613
4905 15 2.7084515
4905 27 3.4789124
4905 65 2.25518
4907 9 3.8071609
4907 23 3.2267609
4907 25 2.112626
4907 35 2.728105
4907 45 2.862953
4910 1 3.042929
4910 8 2.4901674
4910 21 3.0098743
4910 23 2.7999482
4910 62 2.9420784
4916 4 2.639122
4916 12 2.9858243
4916 16 3.0103369
4916 27 2.2856157
4916 67 1.2826712
4922 4 2.3695242
4922 22 2.7246728
4922 26 2.8899982
4922 45 2.6855881
4922 63 2.7610176
4927 1 3.8014476
4927 10 3.6410797
4927 14 3.4286208
4927 27 3.587742
4927 64 2.7426174
4928 3 4.0337915
4928 10 3.9527545
4928 12 3.483436
4928 18 2.5245457
4928 29 2.3169556
4951 1 3.5174003
4951 7 3.2406225
4951 9 3.660786
4951 29 2.823874
4951 39 2.8590071
4952 3 3.328527
4952 11 3.061946
4952 16 3.7043424
4952 23 3.2346926
4952 49 2.4837496
4953 2 3.1450663
4953 15 2.583654
4953 16 3.009073
4953 22 2.8700702
4953 59 3.1997256
4957 2 2.8511932
4957 6 2.3556771
4957 14 2.7697263
4957 28 2.5844266
4957 54 2.879464
4965 1 3.6310964
4965 15 3.1228752
4965 16 3.5697343
4965 18 2.4402366
4965 43 2.5714524
4966 1 2.917624
4966 7 2.151542
4966 8 2.3597865
4966 14 2.6859515
4966 22 2.4743311
4969 5 2.8792071
4969 7 3.1765041
4969 8 2.7553158
4969 22 2.8205924
4969 30 2.344421
4971 2 3.3047826
4971 5 2.5954509
4971 6 2.6199095
4971 9 3.4290507
4971 75 2.358343
4972 4 2.7874303
4972 9 3.0011573
4972 15 1.0387067
4972 34 2.2714531
4972 61 2.7317696
4986 1 3.379245
4986 7 3.076903
4986 9 3.85949
4986 28 3.20936
4986 57 2.515861
4989 3 3.8918154
4989 13 2.9188385
4989 15 2.94335
4989 21 3.3818455
4989 33 3.1370394
4991 1 3.2615194
4991 12 2.9752295
4991 13 2.2573988
4991 25 2.0424342
4991 56 1.9075382
4994 5 1.0
4994 13 1.0
4994 14 1.7531605
4994 22 2.0680637
4994 42 2.3658407
